397330  0.000000  97.045494;
411551  0.000000 -1.663537;
417298  0.000000 -1.666632;
422449  0.000000 -1.679838;
427589  0.000000 -1.680104;
432629  0.000000 -1.680104;
437740  0.000000 -1.680621;
443000 -1.684081 -1.683207;
448972 -1.684081 -1.689945;
454018 -1.684571 -1.689945;
459152 -1.687605 -1.693313;
464312 -1.689517 -1.696940;
469342 -1.685174 -1.696940;
474378 -1.627795 -1.873027;
479453 -1.627795 -2.115125;
484567 -1.628328 -2.115125;
489694 -1.685549 -1.930418;
494817 -1.684287 -1.930418;
499882 -1.671177 -1.637014;
504900 -1.686131 -1.637014;
509927 -1.707343 -2.057454;
514994 -1.722799 -1.626725;
520152 -1.726898 -1.637014;
525188 -1.726898 -1.485174;
530214 -1.722409 -1.778268;
535372 -1.722409 -1.753256;
540446 -1.747324 -1.480120;
545502 -1.739103 -1.480120;
550586 -1.725586 -1.677253;
555592 -1.694646 -1.970045;
560625 -1.737856 -1.970045;
565703 -1.729472 -1.677253;
570710 -1.714616 -1.729235;
575805 -1.708530 -2.225429;
580884 -1.737030 -2.197012;
586012 -1.727909 -2.230489;
591180 -1.711109 -2.205192;
596208 -1.711109 -1.633463;
601357 -1.706647 -1.805997;
606393 -1.702904 -1.886578;
611415 -1.693861 -2.064401;
616491 -1.734565 -1.886578;
621661 -1.714484 -1.918877;
626912 -1.723631 -1.843285;
632023 -1.747431 -1.843285;
637103 -1.738292 -1.843285;
642174 -1.732699 -1.836540;
647272 -1.754987 -1.792698;
652338 -1.741007 -1.869333;
657421 -1.726999 -2.129675;
662469 -1.729046 -2.091227;
667622 -1.724721 -1.920823;
672686 -1.707758 -1.953917;
677693 -1.732914 -1.836540;
682860 -1.748308 -1.826539;
687929 -1.740450 -2.230297;
693004 -1.745394 -1.826539;
698132 -1.772774 -1.836540;
703294 -1.744346 -2.089694;
708370 -1.759980 -2.075631;
713421 -1.761017 -2.666655;
718469 -1.758039 -2.105902;
723581 -1.776604 -2.089694;
728659 -1.767541 -2.133072;
734791 -1.760671 -2.105902;
739797 -1.771426 -2.737038;
744857 -1.766029 -2.133072;
749863 -1.780775 -1.558778;
754945 -1.770830 -1.447625;
759974 -1.781606 -2.086439;
765040 -1.793382 -2.418399;
770128 -1.802074 -2.086439;
775189 -1.784549 -2.070484;
780325 -1.801461 -1.494770;
785332 -1.818585 -2.086439;
790463 -1.825091 -2.086439;
795620 -1.825091 -2.086439;
800641 -1.847521 -1.619312;
805688 -1.868976 -2.189549;
810818 -1.877866 -2.163693;
815953 -1.903155 -2.163693;
821028 -1.895698 -2.146774;
826030 -1.925674 -2.123084;
831207 -1.945138 -2.149513;
836377 -1.956985 -2.106425;
841484 -1.980813 -2.476700;
846537 -2.023765 -2.106425;
851550 -2.049406 -2.065984;
856661 -2.067077 -1.395646;
861727 -2.112364 -2.097205;
866895 -2.134205 -2.465501;
872040 -2.121453 -2.006011;
877194 -2.123132 -1.311241;
882358 -2.154637 -2.097205;
887423 -2.186440 -1.976365;
892481 -2.206768 -2.351514;
897626 -2.264932 -2.025172;
902769 -2.264932 -2.078821;
907771 -2.293700 -1.426195;
912907 -2.326796 -2.382276;
917959 -2.364699 -2.382276;
923033 -2.380270 -2.498838;
928095 -2.430575 -2.238937;
933261 -2.473342 -2.498838;
938283 -2.520497 -2.448615;
944001 -2.544487 -3.160575;
949134 -2.594716 -3.165389;
954248 -2.592709 -2.448615;
959272 -2.593519 -3.219246;
964331 -2.673357 -3.219246;
969362 -2.706753 -3.219246;
974371 -2.750986 -2.610133;
979409 -2.782178 -2.610133;
984436 -2.832972 -3.159652;
989511 -2.877208 -3.132409;
994550 -2.909896 -3.626023;
999715 -2.951391 -3.159652;
1004761 -2.989193 -2.936957;
1009801 -3.027934 -3.161474;
1014906 -3.061628 -3.083134;
1020057 -3.113136 -3.083134;
1025085 -3.161727 -3.125771;
1030245 -3.191771 -3.085433;
1035270 -3.251713 -3.161474;
1040376 -3.309510 -3.235649;
1051845 -3.345009 -3.495679;
1056942 -3.446602 -3.551361;
1062042 -3.446602 -3.461331;
1067064 -3.515462 -3.524595;
1072233 -3.599869 -3.507655;
1077261 -3.682248 -3.477670;
1082298 -3.735973 -3.477670;
1087361 -3.866356 -3.507655;
1092395 -3.866356 -3.125168;
1097436 -3.950464 -3.521258;
1102466 -4.043502 -3.852786;
1107590 -4.070141 -3.521258;
1112614 -4.119377 -3.568368;
1117646 -4.212599 -4.258277;
1122687 -4.267827 -4.553579;
1127706 -4.322807 -4.528975;
1132863 -4.394520 -4.553579;
1137887 -4.419548 -4.209477;
1143058 -4.526960 -3.657785;
1148205 -4.569266 -3.624177;
1153333 -4.700604 -4.543998;
1158701 -4.778493 -3.996148;
1163778 -4.857242 -4.030870;
1168830 -4.908816 -4.443939;
1173936 -4.996427 -4.443939;
1179050 -5.095614 -5.016631;
1184078 -5.138469 -5.016631;
1189157 -5.245660 -4.545183;
1194211 -5.364755 -5.162482;
1199356 -5.425857 -5.270439;
1204392 -5.508757 -5.317287;
1209436 -5.673233 -5.247077;
1214549 -5.673233 -5.270439;
1219714 -5.803859 -5.654434;
1224757 -5.893271 -5.631935;
1229898 -6.055611 -6.047273;
1235008 -6.055611 -5.631935;
1240030 -6.151678 -5.094982;
1245065 -6.367894 -5.136671;
1250074 -6.367894 -5.654434;
1255128 -6.468409 -5.654434;
1260444 -6.536687 -5.654434;
1265817 -6.730717 -5.685311;
1270861 -6.730717 -6.021488;
1275967 -6.827545 -6.428400;
1280968 -7.018819 -6.362500;
1286073 -7.018819 -6.428400;
1291161 -7.111518 -6.211772;
1296292 -7.316300 -6.083740;
1301357 -7.316300 -6.386246;
1306407 -7.434139 -7.407679;
1311502 -7.635418 -7.492131;
1316574 -7.635418 -7.492131;
1321669 -7.731622 -7.311538;
1326683 -7.825540 -7.290428;
1331739 -7.924816 -7.227459;
1336841 -8.023766 -7.227459;
1341983 -8.133001 -7.290428;
1347063 -8.218404 -7.516261;
1352071 -8.298899 -7.516261;
1357111 -8.455284 -7.516261;
1362211 -8.571542 -7.516261;
1367385 -8.672364 -7.586406;
1372418 -8.773939 -7.095940;
1377446 -8.924805 -7.186632;
1382468 -9.046504 -7.418147;
1387506 -9.165873 -7.516261;
1392590 -9.256317 -7.655480;
1397646 -9.361093 -8.097137;
1402726 -9.449159 -8.136880;
1407742 -9.554085 -8.757119;
1412804 -9.616220 -8.747354;
1417854 -9.741487 -8.887569;
1422919 -9.848414 -9.107088;
1427966 -9.934858 -9.107088;
1433036 -10.038062 -9.525878;
1438166 -10.126604 -9.525878;
1443260 -10.243958 -9.045425;
1448348 -10.379426 -9.589173;
1453366 -10.400662 -9.687263;
1458369 -10.465581 -9.687263;
1463478 -10.597483 -9.687263;
1468529 -10.678476 -9.842908;
1474128 -10.764720 -10.470284;
1479297 -10.863098 -10.667072;
1484465 -10.967218 -10.702783;
1489546 -11.026897 -10.702783;
1494560 -11.144023 -10.737865;
1499727 -11.216621 -10.846222;
1504852 -11.318927 -10.921728;
1510009 -11.422396 -11.207680;
1515158 -11.526275 -10.868163;
1520315 -11.658528 -10.921728;
1525450 -11.785357 -11.435835;
1530492 -11.896711 -11.297944;
1535574 -12.007010 -11.314071;
1540709 -12.113297 -11.452066;
1545781 -12.233548 -11.452066;
1550842 -12.339703 -11.288323;
1555956 -12.452311 -11.288323;
1561101 -12.567425 -11.760978;
1566216 -12.623461 -12.027737;
1571235 -12.784378 -12.093027;
1576258 -12.784378 -12.542079;
1581338 -12.983001 -12.542079;
1586342 -12.983001 -12.577542;
1591505 -13.048961 -12.542079;
1596560 -13.258412 -12.350186;
1601607 -13.258412 -12.589234;
1606664 -13.363042 -12.589234;
1611711 -13.586629 -12.561424;
1616728 -13.586629 -12.542079;
1621856 -13.775620 -12.589234;
1627012 -13.871985 -13.323833;
1632020 -13.955259 -13.655637;
1637084 -14.076169 -13.443058;
1642179 -14.205234 -13.443058;
1647212 -14.340339 -13.662069;
1652229 -14.484250 -13.631331;
1657249 -14.561181 -13.678596;
1662281 -14.709932 -13.678596;
1667305 -14.947798 -13.682204;
1672438 -14.947798 -13.737675;
1677497 -15.107343 -13.631331;
1683097 -15.255744 -14.015206;
1688251 -15.428779 -14.516638;
1693404 -15.554668 -14.015206;
1698501 -15.708777 -14.176000;
1703652 -15.813860 -15.131400;
1708772 -15.928628 -15.131400;
1713902 -16.051186 -15.355472;
1718952 -16.159376 -15.266865;
1723956 -16.290012 -15.110083;
1729113 -16.402422 -15.370698;
1734270 -16.519922 -15.471724;
1739288 -16.640572 -15.242468;
1744328 -16.714912 -15.151205;
1749492 -16.838095 -15.370698;
1754569 -16.947712 -15.755009;
1759738 -17.060287 -15.755009;
1764896 -17.173365 -15.852021;
1769956 -17.289824 -15.983493;
1775071 -17.417936 -16.101561;
1780153 -17.613914 -15.886048;
1785274 -17.613914 -16.365617;
1790315 -17.746153 -16.330108;
1795350 -17.855007 -16.330108;
1800468 -17.983372 -16.365617;
1805521 -18.223152 -16.539041;
1810663 -18.223152 -16.836080;
1815727 -18.344589 -16.625142;
1820824 -18.471334 -16.836080;
1825883 -18.639799 -16.895612;
1830992 -18.710848 -17.415842;
1836065 -18.812160 -17.763736;
1841200 -18.906525 -17.763736;
1846282 -19.009020 -17.813911;
1851371 -19.093620 -17.813911;
1856409 -19.172472 -17.711013;
1861539 -19.286684 -18.576038;
1866623 -19.368872 -18.848412;
1873350 -19.447645 -18.576038;
1878372 -19.601122 -18.426613;
1883490 -19.685261 -18.844907;
1888522 -19.785229 -18.685404;
1893628 -19.886744 -19.171665;
1898789 -20.082012 -18.804311;
1903811 -20.082012 -18.888156;
1908835 -20.176310 -18.849408;
1913983 -20.376444 -18.761161;
1918991 -20.376444 -19.362389;
1924119 -20.516277 -19.452080;
1929247 -20.608650 -18.948229;
1934253 -20.710575 -19.383621;
1939312 -20.794254 -19.383621;
1944446 -20.900639 -19.423301;
1949488 -21.040150 -19.519337;
1954528 -21.068354 -19.519337;
1959627 -21.134596 -19.813621;
1964762 -21.255367 -19.877792;
1969794 -21.350924 -20.240054;
1974876 -21.414333 -19.952431;
1979904 -21.461536 -19.952431;
1984944 -21.665237 -20.099811;
1990109 -21.665237 -19.874391;
1995278 -21.770815 -20.502782;
2000437 -21.929384 -20.099811;
2005489 -21.929384 -20.175204;
2010576 -22.051741 -19.959080;
2015667 -22.129629 -20.048061;
2020671 -22.175011 -20.826606;
2025752 -22.264616 -20.885578;
2030828 -22.337332 -20.917551;
2035944 -22.374018 -21.152255;
2040954 -22.425442 -21.931909;
2045962 -22.525640 -21.931909;
2051078 -22.525640 -21.931909;
2056114 -22.583040 -21.940944;
2061276 -22.660915 -22.178708;
2066323 -22.662285 -21.931909;
2071366 -22.725075 -21.931909;
2076481 -22.801327 -21.845187;
2081590 -22.842003 -21.770310;
2086736 -22.898466 -21.894811;
2091796 -22.932829 -21.772685;
2096827 -22.995703 -21.772685;
2101860 -23.047693 -21.838582;
2106887 -23.074577 -21.894811;
2111908 -23.110947 -22.190494;
2116993 -23.147158 -22.043121;
2122155 -23.176378 -22.376819;
2127209 -23.195204 -22.069779;
2132229 -23.217379 -22.190494;
2137369 -23.266037 -22.475628;
2142476 -23.242525 -22.230558;
2147534 -23.224037 -22.263233;
2152547 -23.255226 -22.407239;
2157717 -23.267654 -22.407239;
2162890 -23.305611 -22.309796;
2168053 -23.329254 -22.253149;
2173174 -23.359907 -22.253149;
2178357 -23.390272 -22.309796;
2183362 -23.374357 -22.309796;
2188421 -23.382524 -22.054550;
2193525 -23.370735 -22.298132;
2198682 -23.370735 -22.855145;
2203749 -23.358246 -22.605918;
2208795 -23.381046 -22.656936;
2213894 -23.381046 -23.510330;
2218947 -23.321640 -23.410350;
2224112 -23.316269 -23.410350;
2229122 -23.302736 -23.310870;
2234123 -23.271597 -23.269595;
2239132 -23.236620 -23.526669;
2244188 -23.200439 -23.331467;
2249221 -23.183332 -23.331467;
2254266 -23.182709 -22.209255;
2259425 -23.182083 -1.460754;
2264435 -23.181444 -1.460754;
2269436 -23.180822 -1.460754;
2274441 -23.180202 -1.460754;
2279604 -23.179583 -1.460754;
2284776 -23.033228 -1.460754;
2289802 -23.033228 -22.706926;
2294823 -22.982536 -22.278481;
2299847 -22.920397 -22.741190;
2304955 -22.825891 -22.741190;
2310048 -22.696974 -22.278481;
2315117 -22.642536 -22.019272;
2320240 -22.596519 -22.019272;
2325287 -22.437815 -22.780357;
2330322 -22.437815 -22.115198;
2335383 -22.349058 -22.115198;
2340470 -22.289360 -21.941916;
2345482 -22.213589 -21.941916;
2350576 -22.116095 -22.345331;
2355651 -21.999041 -22.145515;
2360807 -21.930733 -22.051994;
2365819 -21.855272 -21.824784;
2371531 -21.738457 -21.742110;
2376660 -21.674393 -22.062260;
2381716 -21.630690 -22.062260;
2386753 -21.513504 -21.824784;
2391904 -21.413832 -21.368324;
2397014 -21.185867 -21.474173;
2402067 -21.185867 -22.098839;
2407171 -21.045223 -21.474173;
2412330 -20.926537 -21.558128;
2417441 -20.778177 -21.430787;
2422460 -20.520994 -21.386485;
2427487 -20.520994 -21.396197;
2432611 -20.437292 -21.296630;
2437717 -20.340591 -20.975542;
2442772 -20.240839 -20.890873;
2447794 -20.137531 -20.878108;
2452889 -19.920197 -20.601536;
2458041 -19.920197 -20.809927;
2463108 -19.779629 -19.932455;
2468122 -19.554258 -19.365027;
2473213 -19.554258 -19.951331;
2478323 -19.405910 -19.640582;
2483398 -19.277878 -19.330902;
2488430 -19.146267 -19.234493;
2493477 -19.019421 -19.441503;
2498534 -18.899979 -19.321768;
2503676 -18.770920 -19.321768;
2508686 -18.618612 -19.224254;
2513829 -18.458551 -18.893933;
2518913 -18.366674 -19.141701;
2524044 -18.240147 -19.132725;
2529069 -18.106222 -19.132725;
2534099 -17.982353 -17.996208;
2539267 -17.862545 -18.004903;
2548537 -17.381741 -18.197476;
2553586 -17.381741 -18.172699;
2558702 -17.270384 -17.963201;
2563732 -17.125643 -17.828171;
2568799 -16.994354 -17.207021;
2573826 -16.702597 -17.213141;
2578874 -16.702597 -17.213141;
2583928 -16.575308 -17.213141;
2589079 -16.400145 -17.213141;
2594120 -16.250992 -17.188267;
2599187 -16.111759 -16.754837;
2604246 -15.963608 -16.754837;
2609250 -15.833030 -16.603082;
2614396 -15.693596 -16.060887;
2619419 -15.551816 -16.060887;
2624934 -15.397167 -16.561207;
2630073 -15.224719 -16.561207;
2635102 -15.089566 -16.520267;
2640220 -14.916574 -15.870521;
2645259 -14.768925 -15.506828;
2650281 -14.613784 -15.248702;
2655317 -14.325676 -15.387478;
2660435 -14.325676 -15.355002;
2665501 -14.185879 -15.216384;
2670611 -14.072407 -15.248702;
2675654 -13.900101 -14.394880;
2680770 -13.752151 -14.327434;
2685820 -13.611627 -14.467807;
2690896 -13.471567 -14.307527;
2696010 -13.362869 -14.327434;
2701190 -13.199134 -14.910455;
2706219 -13.032415 -14.910455;
2711280 -12.926682 -14.910455;
2716423 -12.636843 -14.578486;
2721435 -12.636843 -14.050538;
2726562 -12.497493 -13.598396;
2731618 -12.358976 -14.449830;
2736626 -12.204817 -14.449830;
2741703 -12.069860 -13.696347;
2746710 -11.971411 -13.598396;
2751751 -11.815573 -13.248603;
2756801 -11.678880 -13.209533;
2761869 -11.553739 -13.395049;
2766958 -11.409466 -13.248603;
2772032 -11.135358 -12.856302;
2777078 -11.135358 -11.838400;
2782156 -11.016402 -11.838400;
2787294 -10.929680 -11.838400;
2792300 -10.802476 -11.032834;
2797318 -10.682552 -11.032834;
2802406 -10.556634 -10.650784;
2807524 -10.435639 -11.047644;
2812606 -10.133039 -10.967004;
2817715 -10.133039 -10.606524;
2822752 -10.042004 -10.650784;
2827926 -9.914454 -11.185270;
2832954 -9.771232 -10.992888;
2838004 -9.629133 -10.992888;
2843166 -9.319949 -10.976823;
2848293 -9.319949 -10.358318;
2853328 -9.191138 -9.300215;
2858383 -9.061027 -9.747440;
2863457 -8.927041 -9.747440;
2868570 -8.800918 -9.689779;
2873652 -8.690101 -9.582172;
2878690 -8.545274 -9.194366;
2883752 -8.445466 -9.194366;
2888755 -8.339541 -9.194366;
2893824 -8.198035 -8.792969;
2898906 -8.046807 -8.792969;
2903915 -7.894222 -8.535693;
2908984 -7.780803 -8.535693;
2914010 -7.660647 -8.516574;
2919109 -7.384032 -8.286960;
2924251 -7.384032 -8.264020;
2929390 -7.258024 -7.982882;
2934575 -7.161551 -8.254683;
2939664 -7.057565 -8.478834;
2944834 -6.937984 -8.234132;
2949902 -6.822656 -7.982882;
2954948 -6.696411 -7.003899;
2960056 -6.560160 -7.890395;
2965111 -6.422858 -7.815188;
2970195 -6.317543 -7.066980;
2975196 -6.229631 -7.082446;
2980240 -6.088602 -7.066980;
2985331 -5.946475 -6.965065;
2990360 -5.817403 -6.918324;
2995460 -5.692015 -6.671251;
3000461 -5.578832 -6.771198;
3005618 -5.449599 -6.429707;
3010719 -5.325704 -6.447327;
3015758 -5.223402 -6.447327;
3020827 -5.112612 -6.424153;
3025938 -4.943727 -6.429707;
3030957 -4.943727 -5.713546;
3036091 -4.830349 -5.713546;
3041213 -4.718059 -5.713546;
3046254 -4.632539 -5.126832;
3051313 -4.545640 -5.089796;
3056351 -4.417998 -4.847424;
3061393 -4.331305 -4.970533;
3066490 -4.259245 -5.395553;
3071522 -4.121500 -4.970533;
3076649 -3.993770 -4.847424;
3081708 -3.882846 -4.083471;
3086813 -3.780266 -4.083471;
3091869 -3.684821 -4.064455;
3096956 -3.579022 -3.967754;
3102112 -3.547714 -3.986612;
3107171 -3.432502 -3.991102;
3112210 -3.316290 -3.991102;
3117300 -3.200307 -3.975512;
3122376 -3.123909 -2.999843;
3127466 -3.039003 -2.999843;
3132484 -2.937893 -2.919832;
3137501 -2.791060 -2.919832;
3142614 -2.705570 -3.234329;
3147734 -2.588040 -2.919832;
3152866 -2.471483 -2.977831;
3157990 -2.310383 -2.834981;
3163009 -2.193891 -2.834981;
3168155 -2.059748 -3.421392;
3173264 -1.933014 -2.795873;
3178432 -1.854264 -2.834981;
3183542 -1.745608 -3.485107;
3189259 -1.608994 -3.374647;
3194336 -1.494120 -3.313591;
3199367 -1.375402 -3.374647;
3204408 -1.257453 -1.580084;
3209464 -1.146350 -1.465719;
3214491 -1.034530 -2.174704;
3219618 -0.909766 -2.174704;
3224631 -0.787570 -1.529292;
3229763 -0.692238 -1.537902;
3234890 -0.548689 -1.387267;
3240008 -0.440700 -1.386264;
3245061 -0.325516 -1.368751;
3250087 -0.220898 -1.368751;
3255089 -0.113157 -1.386264;
3260223  0.026985 -1.237059;
3265333  0.138022 -1.237059;
3270496  0.241986 -1.182831;
3275512  0.359680 -0.990321;
3280525  0.465944 -0.579790;
3285540  0.581673 -0.170270;
3290701  0.674134 -0.859259;
3295775  0.765111 -0.859259;
3300937  0.888368 -0.152261;
3305996  0.960409  0.257898;
3311184  1.167042  0.684878;
3316248  1.167042  0.121774;
3321400  1.277261  0.128273;
3326493  1.454983  0.684878;
3331651  1.454983  0.591129;
3336741  1.590006  0.816409;
3341914  1.680780  0.867563;
3346954  1.771810  0.867563;
3352055  1.877159  0.816409;
3357104  2.096106  1.136147;
3362206  2.096106  1.997521;
3367221  2.153600  0.844482;
3372351  2.235380  0.844482;
3377439  2.355416  1.968846;
3382553  2.453767  1.968846;
3387578  2.537123  1.831537;
3392591  2.629960  1.833689;
3397623  2.819614  1.839825;
3402660  2.819614  2.268435;
3407827  2.914903  2.268435;
3412887  3.041721  2.681593;
3417897  3.108746  2.681593;
3422905  3.200771  1.473948;
3427944  3.311491  2.661701;
3433108  3.422166  2.897082;
3438125  3.650570  2.618989;
3443277  3.650570  2.495543;
3448293  3.744299  2.075827;
3453438  3.868636  2.495543;
3458470  3.931681  2.621897;
3463504  4.093098  3.219321;
3468647  4.170116  3.219321;
3473792  4.256810  3.219321;
3478920  4.373976  3.301938;
3483950  4.475606  3.722174;
3488969  4.584317  4.178714;
3493980  4.687771  3.282331;
3499029  4.797869  3.282331;
3504080  4.962375  4.178714;
3509222  5.067877  4.223062;
3514311  5.139953  4.456272;
3519317  5.326718  4.467136;
3524387  5.326718  4.203272;
3529415  5.450226  4.466831;
3534425  5.513757  4.456272;
3539593  5.634159  5.031566;
3544723  5.771179  5.031566;
3549737  5.853973  4.581898;
3554845  5.927738  5.045739;
3559883  6.005497  5.031566;
3564989  6.130149  5.625055;
3570034  6.170032  5.625727;
3575090  6.232468  4.846987;
3580229  6.361617  5.625727;
3585289  6.448322  6.492842;
3590380  6.536553  6.564616;
3595384  6.620078  6.424222;
3600552  6.715010  5.625727;
3605556  6.838656  5.625727;
3610623  6.903794  6.424222;
3615660  6.997136  5.678045;
3620740  7.120148  5.683960;
3625787  7.236648  5.686698;
3630829  7.330508  5.955522;
3635983  7.405608  6.564616;
3641009  7.503858  6.753474;
3646133  7.626410  6.264483;
3651188  7.727373  6.264483;
3656291  7.823852  6.751802;
3661303  7.946177  6.894991;
3666468  8.039845  6.898667;
3671541  8.143549  6.898667;
3676638  8.254971  6.751802;
3681650  8.359332  6.898588;
3686714  8.463062  7.601183;
3691795  8.592957  7.062621;
3696814  8.711769  7.062450;
3701892  8.774190  6.913604;
3706938  8.880837  7.028448;
3712060  9.007689  7.062621;
3717064  9.215428  7.371716;
3722171  9.215428  7.368389;
3727187  9.298280  7.368389;
3732242  9.441264  8.047992;
3737333  9.493251  8.610836;
3742486  9.567604  8.071101;
3747658  9.713550  8.047992;
3752761  9.820000  8.047992;
3757922  9.932665  8.058989;
3763053  10.043970  8.069610;
3768257  10.117027  8.182634;
3773307  10.251348  7.739532;
3778450  10.349658  7.739532;
3783560  10.425595  8.187082;
3788597  10.536503  8.231904;
3793609  10.650440  10.236519;
3798633  10.745103  10.227989;
3803705  10.824575  8.896980;
3808745  10.931445  10.227989;
3813891  10.990511  10.236519;
3819015  11.096308  9.798998;
3824170  11.248550  9.755136;
3829231  11.313961  9.755136;
3834339  11.423071  10.951660;
3839410  11.517675  10.951660;
3844439  11.640202  10.198451;
3849583  11.762289  10.198451;
3854698  11.827442  9.475268;
3859712  11.950953  10.219814;
3864735  12.095105  11.275687;
3869868  12.193350  11.249134;
3875256  12.291003  10.905830;
3880399  12.419790  10.164457;
3885483  12.541465  10.912658;
3890510  12.619287  11.299934;
3895563  12.713734  12.002907;
3900668  12.819200  10.975919;
3905710  12.916399  10.932135;
3910767  13.030719  11.404176;
3915863  13.187379  11.404176;
3921018  13.295493  11.976364;
3926060  13.532789  11.976364;
3931084  13.532789  10.866178;
3936123  13.654946  12.000536;
3941136  13.758197  12.001721;
3946223  13.915063  11.593702;
3951238  14.166990  11.585553;
3956300  14.166990  11.585553;
3961367  14.280721  12.249861;
3966503  14.416649  12.635162;
3971591  14.570816  13.285920;
3976742  14.704395  13.255198;
3981873  14.764605  13.246370;
3986980  14.922461  13.255198;
3992042  15.048663  13.333540;
3997165  15.162818  14.234637;
4002222  15.286366  13.301955;
4007282  15.426929  13.116366;
4012295  15.575802  13.255198;
4017329  15.681734  13.301955;
4022381  15.801599  14.324002;
4027460  15.956908  14.181044;
4032465  16.110451  14.154063;
4037490  16.288691  14.257851;
4042572  16.387896  14.613095;
4052230  16.491873  15.077638;
4057318  16.905542  15.077638;
4062447  16.905542  15.077638;
4067602  17.043800  15.511723;
4072758  17.174063  15.840030;
4077860  17.307499  15.974269;
4083668  17.628149  15.661229;
4088681  17.628149  15.551694;
4093698  17.739592  15.661229;
4098831  17.923239  15.858960;
4103911  18.119829  16.064905;
4109079  18.213760  16.064905;
4114223  18.401079  15.661229;
4119385  18.544886  15.974269;
4124499  18.690691  16.297800;
4129535  18.829872  16.064905;
4134624  19.142265  15.974269;
4139754  19.142265  15.907995;
4144783  19.249926  16.927765;
4149796  19.493851  17.190515;
4154957  19.493851  17.037092;
4159977  19.652393  16.927765;
4165099  19.748203  16.927765;
4170115  19.862968  17.457043;
4175150  20.021231  18.225683;
4180205  20.273024  18.584011;
4185308  20.273024  18.508615;
4190317  20.379885  17.848035;
4195346  20.521790  17.948974;
4200375  20.666718  18.508615;
4205472  20.789150  18.045705;
4210568  20.895145  17.948974;
4215625  21.074993  17.948974;
4220772  21.180040  18.530288;
4225860  21.300434  19.498268;
4230996  21.421312  19.607428;
4236075  21.652931  19.561266;
4241131  21.652931  19.477985;
4246186  21.711914  19.561266;
4251306  21.854197  19.681984;
4256353  21.986427  19.831916;
4261369  22.069731  19.801598;
4266399  22.164738  19.801598;
4271427  22.269033  20.021859;
4276492  22.379044  20.108521;
4281578  22.489361  20.932084;
4286611  22.593536  20.018786;
4292432  22.703426  20.018786;
4297535  22.825588  20.441765;
4302555  22.925476  21.018487;
4307593  23.041941  21.025170;
4312619  23.149593  21.025170;
4317747  23.241720  21.025170;
4322768  23.358109  21.334016;
4327845  23.466394  21.629249;
4332879  23.552519  21.767620;
4337987  23.638643  21.767620;
4342999  23.728842  21.767620;
4348073  23.830889  22.505049;
4353090  23.941790  22.524125;
4358240  24.027279  22.548456;
4363387  24.099781  22.370027;
4368391  24.224850  22.370027;
4373403  24.445221  22.508832;
4378519  24.445221  22.565874;
4383597  24.550791  22.544544;
4388644  24.657206  22.508832;
4393766  24.756151  22.466007;
4398876  24.851171  22.525344;
4403969  24.943823  22.762741;
4408981  25.031385  23.222856;
4414133  25.129263  23.222856;
4419284  25.242931  23.170518;
4424286  25.322721  23.432661;
4429384  25.414408  23.432661;
4434437  25.500967  23.652985;
4439519  25.598410  23.652985;
4444866  25.806463  23.652985;
4449880  25.806463  23.774126;
4454884  25.998606  23.788890;
4460012  25.998606  23.773716;
4465109  26.099062  23.773716;
4470194  26.197783  23.639879;
4475281  26.306868  23.879256;
4480350  26.403181  24.030764;
4485454  26.508673  24.526147;
4490539  26.611229  24.463845;
4495613  26.722254  24.440207;
4501216  26.816345  24.526147;
4506345  26.924994  24.578948;
4511499  27.016502  24.895795;
4516655  27.122189  24.895795;
4521737  27.178913  24.895795;
4526908  27.274122  25.276916;
4531922  27.393024  25.414402;
4537034  27.493849  25.578674;
4542192  27.579748  25.549401;
4547233  27.659687  25.549401;
4552236  27.757130  26.043813;
4557313  27.858345  26.128461;
4562397  27.970358  26.175777;
4567516  28.058697  26.069578;
4572562  28.167337  26.024160;
4577682  28.253744  26.069578;
4582755  28.371513  26.338860;
4587916  28.474377  26.585737;
4592934  28.582727  26.585737;
4597990  28.709757  26.585737;
4603081  28.818296  26.679981;
4608187  28.931435  26.711314;
4613278  29.053558  26.882593;
4618293  29.154261  26.882593;
4623299  29.272638  26.882593;
4628458  29.387938  27.386525;
4633467  29.481123  28.063380;
4638581  29.582344  28.101659;
4643652  29.694080  27.603064;
4648741  29.824387  27.500674;
4653858  29.911259  28.101659;
4658934  30.014896  28.175967;
4663955  30.196053  28.476598;
4668968  30.363480  28.476598;
4674105  30.456133  28.392839;
4679154  30.542961  28.419081;
4684218  30.664030  28.567232;
4689332  30.779236  29.195944;
4694336  30.894526  28.549948;
4699369  31.064365  27.825150;
4704485  31.321356  28.544887;
4709607  31.321356  28.938861;
4714775  31.435066  28.890158;
4719931  31.531256  28.823924;
4725040  31.623167  28.735365;
4730171  31.710575  29.557598;
4735266  31.814379  29.625592;
4740408  31.980150  28.771055;
4745522  32.080566  28.451655;
4750568  32.181957  28.419081;
4755682  32.239975  28.451655;
4760729  32.341248  28.826095;
4765854  32.514320  30.657139;
4771008  32.654972  30.657139;
4776024  32.732880  29.443357;
4781143  32.855377  30.691063;
4786209  32.889225  31.735632;
4791324  32.974697  30.691063;
4796464  33.165485  29.185392;
4801546  33.200493  29.185392;
4806691  33.228046  29.251204;
4811835  33.421444  30.395572;
4816867  33.560814  30.462176;
4821907  33.595585  30.462176;
4826971  33.617599  29.033263;
4832050  33.712936  30.922821;
4837114  33.747799  31.723103;
4842215  33.826782  31.738344;
4847274  33.961208  31.253702;
4852335  34.099663  30.468643;
4857399  34.231686  31.509020;
4862432  34.231686  31.912084;
4867548  34.316601  31.402510;
4872570  34.375618  31.150654;
4877588  34.427650  31.150654;
4882635  34.493393  31.516805;
4887683  34.523647  31.978699;
4892753  34.558723  32.047045;
4897793  34.602158  32.047045;
4902799  34.655682  32.047045;
4907831  34.714577  32.091755;
4912885  34.740437  32.427316;
4917994  34.784081  32.504857;
4924093  34.896175  32.349928;
4929003  34.896175  32.275127;
4934034  34.945995  32.349928;
4939188  34.975807  32.454891;
4944192  35.022675  32.399744;
4949208  35.052631  32.399744;
4954250  35.055473  32.368614;
4959332  35.091621  32.603299;
4964451  35.105404  33.390003;
4969566  35.129288  33.567187;
4974571  35.144917  33.136160;
4979574  35.163307  33.136160;
4984686  35.163307  33.527011;
4989724  35.175335  33.567187;
4994811  35.154499  33.810035;
4999937  35.141151  33.658454;
5005007  35.151257  33.146288;
5010147  35.151497  33.216528;
5015238  35.163200  33.785314;
5020368  35.145409  33.533526;
5025378  35.152115  33.533526;
5030486  35.148643  33.533526;
5035489  35.119137  33.558088;
5040527  35.119137  33.670689;
5045633  35.119183  33.981540;
5050656  35.146786  33.701551;
5055742  35.083260  32.931588;
5060758  35.097855  32.931588;
5065782  35.097855  32.993069;
5070842  35.074276  33.699589;
5075993  35.030174  33.570406;
5081048  34.999828  33.006416;
5086061  34.972904  33.393228;
5091159  34.940079  33.440362;
5096290  34.918255  33.044551;
5101303  34.878918  32.645477;
5106409  34.878918  32.645477;
5111479  34.839520  32.955271;
5116549  34.791576  33.198453;
5121586  34.742977  32.955271;
5126754  34.699036  32.906817;
5131821  34.660461  32.705735;
5136842  34.606434  32.918806;
5141998  34.522350  33.177486;
5147133  34.457653  32.918806;
5152251  34.420383  32.710205;
5157273  34.310764  32.710205;
5162293  34.310764  32.906733;
5167360  34.260151  32.975154;
5172405  34.208950  32.747757;
5177422  34.136520  32.567793;
5182452  34.027378  32.393522;
5187496  34.027378  32.567793;
5192609  33.953922  32.654740;
5197743  33.861313  32.970231;
5202802  33.789719  32.439320;
5207935  33.727551  32.101182;
5213078  33.635948  32.439320;
5218211  33.532822  32.557412;
5223252  33.465866  32.532134;
5228306  33.401611  32.085323;
5233353  33.302933  32.051057;
5238512  33.219955  32.074331;
5243611  33.149708  32.074331;
5248612  33.060932  31.948033;
5253769  32.976727  31.948033;
5258792  32.880249  31.948033;
5263871  32.795021  31.966742;
5268896  32.563442  31.988561;
5274049  32.563442  32.138773;
5279207  32.487572  31.522451;
5284347  32.465137  31.522451;
5289398  32.366310  31.795475;
5294468  32.188950  31.858543;
5299476  32.188950  31.109343;
5304585  32.109444  30.731957;
5309630  31.978552  30.686190;
5314706  31.978552  30.731957;
5319707  31.868671  30.731957;
5324871  31.793016  30.986294;
5329935  31.702597  30.369260;
5335016  31.615396  30.369260;
5340124  31.503002  30.593565;
5345213  31.425066  30.736788;
5350233  31.368359  30.323825;
5355322  31.227386  30.303974;
5360477  31.135094  30.136489;
5365582  31.037788  30.136489;
5370612  30.820732  30.136489;
5375620  30.820732  29.784488;
5380792  30.758886  29.002366;
5385918  30.656679  29.002366;
5390938  30.561604  29.002366;
5396046  30.453817  29.304074;
5401215  30.348469  29.375488;
5406334  30.240757  29.110942;
5411387  30.102709  28.839787;
5416526  29.988852  29.297632;
5421554  29.856934  29.297632;
5426566  29.775650  27.947574;
5431767  29.664745  27.947574;
5436872  29.540327  27.947574;
5441896  29.316319  28.587808;
5447039  29.316319  28.587808;
5452207  29.163176  28.696838;
5457315  29.036234  28.486516;
5462325  28.919071  27.992622;
5467352  28.799337  28.223944;
5472429  28.677700  28.304096;
5477522  28.542801  28.140985;
5482639  28.427382  27.836593;
5487669  28.175867  27.351915;
5492740  28.175867  27.831718;
5497773  28.012753  27.836593;
5502792  27.842754  27.619559;
5507839  27.719318  27.254947;
5512880  27.581556  26.150886;
5517896  27.462852  26.953580;
5522919  27.316402  26.953580;
5527953  27.085661  26.425766;
5533070  27.085661  26.425766;
5538155  26.923958  25.845577;
5547759  26.550779  25.863211;
5553118  26.550779  25.934740;
5558123  26.401760  26.218537;
5563182  26.259987  26.218537;
5568302  26.036449  25.863211;
5573378  26.036449  25.863211;
5578470  25.922113  25.874248;
5583533  25.794939  25.009521;
5588695  25.664934  24.666908;
5593748  25.512251  24.189123;
5598773  25.329773  24.249146;
5603911  25.193417  24.249146;
5608937  25.080469  24.510852;
5614005  24.920490  24.065885;
5619061  24.747375  23.808926;
5624170  24.599951  23.908693;
5629334  24.476564  23.909687;
5634425  24.320629  24.065885;
5639445  24.166859  23.188478;
5644516  24.033474  23.188478;
5649615  23.883366  23.802298;
5654660  23.726124  23.931633;
5659680  23.554180  22.493375;
5664839  23.413437  22.406249;
5669881  23.253517  22.406249;
5674917  23.116507  22.548918;
5679983  22.936796  22.548918;
5685095  22.795692  22.999828;
5690134  22.590012  22.840553;
5695162  22.418234  21.800799;
5700222  22.251360  21.819048;
5705383  22.087517  21.819048;
5710473  21.938961  21.474580;
5715514  21.614542  21.474580;
5720515  21.614542  21.201266;
5725523  21.511019  21.201266;
5730556  21.414156  21.417322;
5735690  21.243273  20.781862;
5740815  21.076406  20.415821;
5745954  20.913511  20.024336;
5750956  20.795912  20.412644;
5756034  20.607143  20.622901;
5761140  20.414459  20.538482;
5766169  20.254934  19.440748;
5771259  20.111790  19.038174;
5776323  19.957623  19.375590;
5781468  19.772003  19.913645;
5786496  19.615307  19.292178;
5791557  19.476221  19.262449;
5796586  19.303499  19.207001;
5801604  19.104919  19.262449;
5806658  18.957300  19.264620;
5811822  18.787981  18.280529;
5816861  18.618721  18.253124;
5821895  18.452097  18.217230;
5826911  18.295898  18.217230;
5831991  18.149870  18.227841;
5837041  17.952341  17.679901;
5842173  17.796379  17.534563;
5847369  17.642742  17.484007;
5852440  17.469261  17.484007;
5857441  17.281527  17.517655;
5862575  17.113335  16.520231;
5867679  16.971552  15.977032;
5872784  16.809246  15.969075;
5877911  16.638102  15.977032;
5883041  16.529621  15.991391;
5888080  16.366528  16.411668;
5893245  16.177170  16.257231;
5898285  15.997035  15.576580;
5903419  15.821337  15.682139;
5908426  15.527617  15.682139;
5913582  15.527617  15.469563;
5918683  15.318829  15.469563;
5923765  15.134111  15.178975;
5928901  14.966996  15.178975;
5933974  14.755527  15.181400;
5939043  14.584913  14.910859;
5944150  14.278000  14.704392;
5949312  14.278000  14.298867;
5954382  14.102344  14.300165;
5959470  13.749586  14.312304;
5964540  13.749586  13.680502;
5969681  13.598850  13.571432;
5974729  13.232825  13.484434;
5979850  13.232825  13.540756;
5984913  13.051528  13.571432;
5990002  12.871781  13.749873;
5995053  12.679924  13.017535;
6000120  12.508161  12.510171;
6005141  12.170871  12.514086;
6010179  12.170871  12.514086;
6015295  12.015548  12.091741;
6020338  11.841066  12.091741;
6025392  11.644745  11.942560;
6030546  11.484955  11.981510;
6035633  11.109905  12.002855;
6040648  11.109905  10.889522;
6045753  10.930714  10.818534;
6050786  10.729134  10.813659;
6055839  10.529052  10.818534;
6061609  10.355176  10.875066;
6066664  10.158301  10.326983;
6071730  9.974555  10.015600;
6076769  9.794779  9.939442;
6081927  9.615115  9.939442;
6086930  9.253155  9.939442;
6092073  9.253155  9.823851;
6097140  9.074886  9.241394;
6102190  8.932555  9.241394;
6107265  8.768998  9.255814;
6112343  8.584951  9.255814;
6117497  8.405409  7.906152;
6122614  8.231874  7.894219;
6127668  8.053999  7.786033;
6132757  7.892396  7.796445;
6137823  7.727420  7.803841;
6142850  7.550081  7.614435;
6148018  7.386348  7.501583;
6153174  7.203583  7.170760;
6158184  7.042851  7.412434;
6163212  6.904799  7.412763;
6168362  6.724452  7.197245;
6173410  6.571023  6.880368;
6178478  6.402868  6.715205;
6183642  6.226503  6.715205;
6188652  6.054563  6.715205;
6193814  5.889777  5.845502;
6198868  5.717352  5.814443;
6203890  5.570872  5.787245;
6208946  5.391355  5.780563;
6214020  5.232119  5.779733;
6219138  5.087655  5.068477;
6224288  4.920137  4.509999;
6229415  4.768320  4.534629;
6234489  4.617572  4.525826;
6239586  4.469777  4.515579;
6244595  4.149762  5.083568;
6249721  4.149762  4.492936;
6254781  3.983704  4.434924;
6259908  3.829789  4.434924;
6265002  3.685772  4.434924;
6270503  3.523629  3.764976;
6275508  3.409545  3.652401;
6280544  3.269376  3.652401;
6285657  3.090742  3.650606;
6290661  2.935722  3.571801;
6295710  2.790118  3.027492;
6300800  2.654845  2.827321;
6305841  2.512451  2.829796;
6310842  2.361538  2.827321;
6315852  2.113812  2.757860;
6320904  2.113812  2.498143;
6325962  1.974332  2.272823;
6331086  1.831790  1.839564;
6336247  1.672564  1.773396;
6341333  1.522471  1.773396;
6346394  1.374948  2.132912;
6351473  1.213391  1.574510;
6356565  1.096816  1.416593;
6361571  0.938196  1.345861;
6366646  0.780000  1.329523;
6371815  0.656039  1.005998;
6376881  0.519129  0.497485;
6381907  0.388350  0.404152;
6386971  0.282622  0.445023;
6392102  0.156224  0.388556;
6397123  0.006690  0.160597;
6402249 -0.091651  0.185408;
6407336 -0.223157 -0.018237;
6412409 -0.357818 -0.018237;
6417479 -0.488157 -0.018237;
6422510 -0.627361  0.383501;
6427530 -0.792030  0.007765;
6432589 -0.918939 -0.131736;
6437710 -1.004238 -0.371513;
6442881 -1.129557 -0.371513;
6447895 -1.232770 -1.122242;
6452969 -1.368330 -1.415365;
6458025 -1.484365 -1.896973;
6463131 -1.575595 -1.463960;
6468249 -1.673535 -1.327246;
6473325 -1.814838 -1.494298;
6478760 -1.920921 -2.008692;
6483793 -2.036374 -2.216757;
6488942 -2.148589 -2.216757;
6494027 -2.267203 -2.240213;
6499150 -2.379647 -2.026383;
6504184 -2.489567 -2.312084;
6509303 -2.579017 -2.583904;
6514373 -2.672869 -2.687400;
6519445 -2.778866 -2.687400;
6524515 -2.993411 -3.179699;
6529574 -2.993411 -3.263155;
6534628 -3.075775 -3.260747;
6539647 -3.174377 -3.057760;
6544762 -3.315168 -3.179699;
6549842 -3.434639 -3.928438;
6554950 -3.540069 -3.695298;
6559985 -3.647718 -3.616996;
6565052 -3.760170 -3.590568;
6570064 -3.969309 -3.668685;
6575120 -3.969309 -3.548460;
6580245 -4.073816 -3.548460;
6585354 -4.207370 -3.840177;
6590452 -4.284464 -3.608861;
6595480 -4.404900 -3.625297;
6600640 -4.510095 -4.027648;
6605721 -4.618012 -3.963425;
6610830 -4.739327 -4.009554;
6615875 -4.931035 -4.178121;
6621000 -4.931035 -4.258938;
6626170 -5.038260 -4.425224;
6631266 -5.145755 -4.373144;
6636278 -5.269178 -4.662828;
6641396 -5.381461 -4.722127;
6646552 -5.479631 -4.486768;
6651575 -5.587425 -4.864925;
6656608 -5.694203 -5.422487;
6661782 -5.785403 -5.425799;
6666933 -5.853722 -5.422487;
6671976 -5.958070 -5.442289;
6677107 -6.058035 -5.974362;
6682274 -6.162918 -5.860969;
6687403 -6.266170 -5.939441;
6692424 -6.490623 -6.053474;
6697466 -6.490623 -6.502068;
6702539 -6.584949 -6.546960;
6707566 -6.687988 -6.700911;
6712616 -6.764689 -6.629912;
6717768 -6.879943 -6.700911;
6722936 -7.043289 -6.616469;
6728047 -7.043289 -7.019091;
6733163 -7.154317 -6.957282;
6738179 -7.252605 -7.506026;
6743289 -7.361915 -7.514643;
6748332 -7.462116 -7.514643;
6753469 -7.571282 -7.504398;
6758568 -7.682915 -7.504398;
6763626 -7.792320 -7.504398;
6768756 -7.887640 -7.608728;
6773848 -7.995244 -7.608728;
6778927 -8.111262 -7.744175;
6783969 -8.324609 -8.527865;
6789070 -8.324609 -8.485329;
6794097 -8.430358 -8.355158;
6799227 -8.532347 -8.082537;
6804285 -8.628437 -8.181752;
6809420 -8.738854 -8.575599;
6814488 -8.967278 -9.008175;
6819522 -8.967278 -9.008175;
6824600 -9.077132 -8.626540;
6829680 -9.217020 -8.495626;
6834731 -9.338815 -8.905362;
6839733 -9.452973 -8.934799;
6844753 -9.571714 -8.998731;
6849887 -9.691419 -9.083164;
6854957 -9.818936 -9.766978;
6860054 -9.944593 -9.820693;
6865100 -10.076639 -9.781544;
6870104 -10.199236 -9.726819;
6875196 -10.319552 -9.766978;
6880199 -10.451547 -10.142648;
6885320 -10.590590 -10.130968;
6890507 -10.736276 -10.378751;
6895676 -10.881265 -10.392893;
6900722 -11.012769 -9.979323;
6905756 -11.163947 -10.075242;
6910802 -11.315035 -10.644028;
6915868 -11.440752 -10.953066;
6920971 -11.582049 -11.081610;
6926116 -11.716471 -11.081610;
6931117 -12.008917 -11.682314;
6936162 -12.008917 -11.940732;
6941263 -12.134494 -11.940732;
6946270 -12.280000 -11.582203;
6951286 -12.414301 -11.598388;
6956312 -12.532685 -11.868943;
6961475 -12.695580 -12.164244;
6966483 -12.832095 -12.171067;
6971646 -12.974719 -12.234629;
6976765 -13.108711 -12.465464;
6981813 -13.248830 -12.164244;
6986961 -13.393941 -12.327316;
6992123 -13.534421 -12.652483;
6997157 -13.642932 -12.587854;
