388732  0.000000  97.045494;
394998  0.000000  0.395045;
408413  0.000000  0.390758;
413445  0.000000  0.392962;
418547  0.000000  0.392962;
423587  0.000000  0.382793;
429092  0.381148  0.382397;
434108  0.377844  0.379624;
439265  0.377844  0.391380;
444442  0.373129  0.374428;
449444  0.370174  0.375617;
454873  0.373009  0.392566;
460007  0.377163  0.391380;
465070  0.382071  0.357687;
470210  0.374312  0.101212;
475329  0.382718  0.164552;
480426  0.357132  0.311223;
486102  0.353002  0.362059;
491136  0.353002  0.432315;
496219  0.344826  0.306818;
501281  0.355312  0.235619;
506292  0.372168  0.306818;
511298  0.365125  0.305215;
516463  0.365125  0.303427;
521616  0.384453  0.317828;
526745  0.368689 -0.023689;
531900  0.337219  0.297526;
537011  0.355881  0.303427;
542078  0.343756  0.526455;
547228  0.331233  0.278657;
552268  0.313709  0.278657;
557332  0.330146  0.444960;
562489  0.328957  0.444960;
567628  0.322825  0.528682;
572742  0.320598  0.528682;
577992  0.325341  0.193328;
583028  0.325341  0.175384;
588043  0.338805  0.510042;
593092  0.320361  0.175384;
598206  0.317672  0.177836;
603373  0.307643  0.214820;
608459  0.307643  0.177836;
613602  0.306410  0.242304;
618681  0.313839  0.222901;
623809  0.309428  0.192108;
628971  0.319889  0.205916;
634216  0.308983  0.239512;
639233  0.304909  0.358062;
644327  0.321922  0.548985;
649445  0.307038  0.222901;
654478  0.311423  0.222901;
659563  0.319539  0.219244;
664728  0.310620  0.321152;
669756  0.309367  0.196401;
674775  0.314865  0.219146;
679921  0.315027  0.219146;
684958  0.293549  0.233849;
690126  0.300518  0.592424;
695211  0.299264  0.196401;
700359  0.294344  0.233849;
705503  0.287515  0.191475;
710639  0.266831  0.159300;
715644  0.273074  0.229798;
720721  0.275719  0.121450;
725885  0.271814  0.147003;
731022  0.246713 -0.043894;
736195  0.232174  0.159300;
741310  0.204580  0.338934;
746370  0.183700  0.147003;
751500  0.171581  0.085920;
756528  0.172177  0.085920;
761655  0.146739  0.056805;
766671  0.128745  0.118139;
771776  0.094867  0.109861;
776818  0.074067  0.104568;
781927  0.044170  0.104568;
787030  0.000266  0.109861;
792151 -0.023643  0.138474;
797160 -0.068472  0.054299;
802197 -0.138829  0.109861;
807222 -0.138829 -0.058827;
812375 -0.197164  0.139762;
817468 -0.237435  0.339924;
822527 -0.292282  0.056805;
827691 -0.336144 -0.059004;
832746 -0.382098 -0.074798;
837752 -0.443366 -0.033628;
842804 -0.516040 -0.033628;
847870 -0.567592 -0.236274;
852932 -0.616619 -0.233243;
858153 -0.668080 -0.176554;
863165 -0.709400 -0.189187;
868316 -0.820917 -0.192200;
873352 -0.940757 -0.284066;
878525 -0.964314 -0.567835;
883579 -1.018443 -0.567835;
888717 -1.074800 -0.610197;
893776 -1.163901 -0.438198;
898784 -1.220507 -0.234721;
903920 -1.307966 -0.584454;
909085 -1.432990 -1.071105;
914219 -1.432990 -0.770576;
919337 -1.502074 -0.770576;
924427 -1.605363 -0.859789;
929514 -1.686677 -1.297045;
934601 -1.750197 -1.471898;
939785 -1.900077 -1.329731;
944842 -1.900077 -1.359167;
950013 -1.990824 -1.818751;
955032 -2.090524 -1.763415;
960273 -2.264987 -1.763415;
965275 -2.264987 -1.790997;
970277 -2.340848 -1.333108;
975348 -2.435152 -1.846679;
980413 -2.493633 -2.151540;
985457 -2.571107 -2.158258;
990492 -2.668359 -2.158258;
995782 -2.760671 -2.151540;
1001014 -2.870257 -2.194322;
1006220 -2.933072 -2.194322;
1011229 -3.048191 -2.194322;
1016351 -3.155512 -2.198163;
1021487 -3.238784 -2.198163;
1026631 -3.356080 -2.894902;
1031661 -3.437550 -3.171667;
1036687 -3.548854 -3.169852;
1041909 -3.627688 -2.862480;
1046977 -3.721634 -2.862480;
1052076 -3.828285 -3.161268;
1057210 -3.936990 -3.486181;
1062226 -4.038407 -3.479960;
1067387 -4.125546 -3.120787;
1072400 -4.255822 -2.542507;
1077437 -4.368510 -3.137062;
1082624 -4.454784 -3.008286;
1087758 -4.670092 -3.008286;
1092923 -4.670092 -2.644165;
1098082 -4.798182 -2.613580;
1103179 -4.934118 -2.726466;
1108470 -5.020836 -4.112108;
1113376 -5.092437 -4.018687;
1118445 -5.205304 -2.726466;
1123683 -5.378027 -2.800727;
1128792 -5.620613 -4.008538;
1133992 -5.620613 -4.787841;
1139248 -5.682012 -4.787841;
1144311 -5.852080 -4.801769;
1149438 -5.974626 -4.816427;
1154657 -6.081384 -4.296603;
1159697 -6.336571 -5.565004;
1164791 -6.336571 -6.190255;
1169941 -6.537132 -5.565004;
1174956 -6.537132 -5.698268;
1179993 -6.630188 -5.724779;
1185131 -6.749836 -5.693940;
1190155 -6.885886 -6.012168;
1195169 -7.115061 -5.990623;
1200300 -7.115061 -5.803255;
1205403 -7.367161 -5.724779;
1210590 -7.367161 -5.990623;
1215675 -7.550914 -6.504648;
1220863 -7.652955 -5.990623;
1226889 -7.758566 -5.960744;
1232117 -7.937312 -6.006013;
1237274 -8.089114 -6.675441;
1242444 -8.206181 -6.650472;
1247676 -8.357680 -6.675441;
1252804 -8.531205 -6.675441;
1257871 -8.622169 -6.562922;
1264809 -8.954066 -7.142413;
1275114 -9.315510 -7.512435;
1284490 -9.315510 -7.564404;
1289637 -9.631987 -7.262813;
1294675 -9.770593 -7.639155;
1299882 -9.982372 -8.247707;
1305011 -10.087695 -9.272378;
1310205 -10.274679 -9.354952;
1315309 -10.415859 -8.477371;
1320324 -10.547775 -9.648988;
1325356 -10.692780 -9.354952;
1330523 -10.802246 -9.354952;
1335583 -10.970696 -9.648988;
1340647 -11.348207 -9.648988;
1346354 -11.513265 -10.365980;
1351430 -11.513265 -10.365980;
1356524 -11.676695 -10.365980;
1361629 -11.872552 -10.365980;
1366731 -11.985243 -9.751114;
1371890 -12.163453 -10.530713;
1376993 -12.530241 -10.995643;
1382082 -12.530241 -11.322550;
1387289 -12.706871 -10.995643;
1392359 -12.878971 -10.530713;
1397516 -13.063572 -11.010442;
1402532 -13.404047 -10.950925;
1407705 -13.404047 -11.653566;
1412879 -13.598795 -11.952833;
1418043 -13.735008 -11.271605;
1423212 -13.943885 -11.772908;
1428345 -14.113348 -11.952833;
1433386 -14.278966 -12.611341;
1438504 -14.465550 -12.768337;
1443711 -14.626699 -12.903162;
1448869 -14.987774 -13.016365;
1453920 -14.987774 -13.254718;
1459096 -15.163548 -13.075417;
1464266 -15.340866 -13.247582;
1469345 -15.506218 -13.254718;
1474551 -15.695295 -14.816310;
1479608 -15.890888 -14.816310;
1484723 -16.058300 -14.816310;
1489765 -16.226929 -14.860687;
1495080 -16.420017 -14.898861;
1500211 -16.612970 -15.365546;
1505256 -16.786827 -15.745166;
1510364 -16.970825 -15.683538;
1515543 -17.122692 -15.440019;
1520676 -17.287540 -15.365546;
1525860 -17.523884 -15.532515;
1531021 -17.837957 -15.930805;
1536204 -17.837957 -16.186183;
1541212 -18.026911 -16.249001;
1546252 -18.213001 -16.257044;
1551444 -18.396856 -16.369991;
1556559 -18.575197 -16.369991;
1561885 -18.754837 -16.690269;
1566691 -18.951565 -16.701293;
1571811 -19.122334 -16.701293;
1577007 -19.315048 -16.855999;
1582146 -19.520658 -17.540483;
1587173 -19.907213 -17.540483;
1592318 -19.907213 -17.659959;
1597362 -20.300915 -17.661388;
1602549 -20.300915 -17.824340;
1607644 -20.701315 -18.253381;
1612838 -20.701315 -18.241755;
1617944 -21.122263 -18.253381;
1623133 -21.122263 -18.489491;
1628240 -21.329813 -18.221137;
1633411 -21.520439 -18.452034;
1638455 -21.749691 -19.372810;
1643627 -21.936464 -19.667379;
1648821 -22.142506 -19.935239;
1653864 -22.389351 -20.315998;
1658983 -22.582478 -20.221104;
1664173 -22.749325 -19.913768;
1669188 -22.988491 -20.221104;
1674258 -23.248114 -20.315998;
1679488 -23.705605 -21.344290;
1684663 -23.705605 -21.425131;
1689832 -23.948584 -21.514801;
1694834 -24.205288 -21.425131;
1699936 -24.414484 -21.344290;
1705080 -24.703848 -21.984982;
1710138 -24.990490 -21.723438;
1715298 -25.387505 -22.414846;
1720477 -25.387505 -22.986754;
1725701 -25.913317 -22.286995;
1730783 -25.913317 -22.914808;
1735894 -26.109760 -22.355275;
1741070 -26.330772 -22.996047;
1746096 -26.620975 -23.562892;
1752384 -26.866858 -23.599287;
1757491 -27.160606 -24.757249;
1762671 -27.398638 -25.056867;
1767800 -27.641535 -25.443737;
1772958 -27.883490 -25.261753;
1778120 -28.142405 -25.261753;
1783144 -28.353880 -25.470106;
1788235 -28.630690 -25.602018;
1793451 -28.920752 -25.687839;
1798492 -29.199141 -25.968895;
1803715 -29.716747 -26.042022;
1808792 -29.716747 -26.402413;
1813959 -29.970627 -26.588972;
1819097 -30.226641 -26.361701;
1824142 -30.475334 -26.402413;
1829193 -30.772209 -26.685724;
1834330 -31.049042 -27.501314;
1839451 -31.278236 -27.794576;
1844592 -31.540806 -27.794576;
1849662 -32.116238 -27.918942;
1854745 -32.116238 -27.918942;
1859915 -32.209431 -28.665836;
1864983 -32.563351 -28.668597;
1870147 -32.877789 -29.800658;
1875194 -33.115009 -30.586472;
1880449 -33.351093 -30.586472;
1885506 -33.584953 -29.244950;
1890683 -33.860107 -30.919558;
1895791 -34.081959 -30.919558;
1900989 -34.587971 -30.686901;
1906139 -34.587971 -30.686901;
1911334 -34.838818 -30.661372;
1916447 -35.076508 -31.040086;
1921555 -35.316460 -31.561736;
1926589 -35.578205 -31.809934;
1931795 -35.900803 -31.809934;
1936890 -35.900803 -31.670644;
1942051 -36.187321 -33.886267;
1947120 -36.414867 -33.886267;
1952233 -36.601597 -33.584430;
1957400 -36.813992 -33.999147;
1963739 -37.031155 -34.406609;
1968754 -37.290073 -34.406609;
1973988 -37.502800 -34.712135;
1979152 -37.742756 -34.739297;
1984181 -37.909176 -34.987345;
1989283 -38.112938 -35.449615;
1994374 -38.284840 -35.449615;
1999544 -38.479687 -35.916681;
2004672 -38.642315 -35.449615;
2009778 -38.808475 -35.616374;
2014893 -39.091518 -36.200921;
2020028 -39.279671 -36.614422;
2025137 -39.420738 -36.801856;
2030306 -39.796810 -37.015219;
2035435 -39.796810 -37.025922;
2040515 -39.982540 -37.015219;
2045604 -40.149937 -37.103618;
2050908 -40.334530 -37.251309;
2056064 -40.665199 -37.103618;
2061129 -40.665199 -37.294680;
2066255 -40.980770 -38.154140;
2071325 -40.980770 -37.369663;
2076486 -41.143078 -37.369663;
2081495 -41.275681 -36.609152;
2086643 -41.516178 -36.640091;
2091778 -41.709080 -38.338888;
2096920 -41.823334 -38.338888;
2102044 -41.999603 -38.454233;
2107191 -42.154881 -39.581591;
2112225 -42.477608 -39.819347;
2117395 -42.477608 -39.225994;
2122417 -42.634121 -39.638057;
2127492 -42.801678 -39.568343;
2132736 -42.923973 -39.638057;
2137811 -43.246231 -40.095122;
2142853 -43.246231 -39.513204;
2148003 -43.492607 -39.729563;
2153065 -43.492607 -40.203185;
2158289 -43.614433 -41.050959;
2163436 -43.728115 -41.155980;
2168633 -43.839138 -41.714110;
2174723 -44.133331 -41.593335;
2179808 -44.133331 -41.593335;
2184864 -44.241543 -41.714110;
2190005 -44.455029 -41.731404;
2195071 -44.455029 -42.240920;
2200210 -44.518749 -41.714110;
2205180 -44.603748 -41.976790;
2210208 -44.723663 -42.055526;
2215402 -44.804871 -42.258922;
2220508 -44.894825 -42.552277;
2225550 -44.971054 -42.662724;
2230710 -45.037167 -42.662724;
2235827 -45.149494 -43.032675;
2241052 -45.226982 -43.032675;
2246179 -45.299965 -42.784246;
2251406 -45.445286 -42.410719;
2256513 -45.524181 -42.779370;
2261568 -45.524181 -42.779370;
2266692 -45.574646 -43.152082;
2271737 -45.622238 -43.554038;
2276907 -45.679073 -43.554038;
2282938 -45.723030 -43.627568;
2288149 -45.761646 -43.770940;
2293193 -45.795567 -43.640815;
2298326 -45.815811 -43.596255;
2303479 -45.839470 -43.652488;
2308605 -45.855350 -43.647210;
2313750 -45.872742 -43.639523;
2318870 -45.872742 -43.737316;
2324006 -45.864914 -44.330825;
2329139 -45.864914 -43.906352;
2334254 -45.849545 -43.699965;
2339401 -45.849495 -43.906352;
2344634 -45.818089 -43.999355;
2349729 -45.818089 -44.158525;
2354884 -45.779343 -44.158525;
2359962 -45.747066 -44.005570;
2365069 -45.720196 -44.005570;
2370322 -45.693367 -44.005570;
2375485 -45.620815 -44.259908;
2380646 -45.620815 -43.835206;
2385674 -45.557652 -43.835206;
2390829 -45.528282 -43.835206;
2395983 -45.427139 -43.698776;
2401153 -45.349625 -43.760527;
2406276 -45.349625 -42.992339;
2411300 -45.267803 -43.219557;
2416531 -45.201984 -43.195626;
2421670 -45.099552 -43.760527;
2426769 -45.034775 -43.978804;
2431857 -44.879929 -43.195626;
2436957 -44.754589 -43.297708;
2442047 -44.754589 -43.363133;
2447052 -44.645863 -43.946711;
2452135 -44.555801 -42.757602;
2457276 -44.447186 -42.579268;
2462298 -44.333504 -43.185465;
2467406 -44.333504 -43.185465;
2472634 -44.041023 -42.634242;
2477709 -44.041023 -42.886126;
2482936 -43.833393 -42.707926;
2487962 -43.833393 -42.611357;
2493040 -43.731903 -42.707926;
2498138 -43.610527 -42.670287;
2503145 -43.492329 -41.897167;
2508160 -43.374828 -41.897167;
2513269 -43.285240 -42.191780;
2518444 -43.163822 -41.897167;
2523518 -43.005562 -41.866794;
2528583 -42.882267 -41.813957;
2533827 -42.750801 -41.813957;
2538900 -42.624214 -41.813957;
2544153 -42.482201 -41.766606;
2549240 -42.323879 -41.813065;
2554390 -41.992680 -41.728209;
2559571 -41.992680 -41.596911;
2564674 -41.921875 -41.502605;
2569827 -41.769554 -41.333347;
2574845 -41.606773 -40.993719;
2579874 -41.471279 -40.540822;
2584909 -41.198009 -40.467322;
2590012 -41.198009 -40.037421;
2595054 -40.946499 -40.467322;
2601590 -40.946499 -40.192293;
2606678 -40.718178 -40.540822;
2611864 -40.593998 -40.988612;
2617112 -40.427322 -40.704987;
2622216 -40.284256 -40.117418;
2627409 -40.117062 -39.280563;
2632590 -39.785957 -39.223330;
2637706 -39.785957 -38.440162;
2642817 -39.585526 -38.261748;
2648061 -39.435268 -38.293418;
2653118 -39.276779 -38.310576;
2658255 -39.122047 -38.153750;
2663414 -38.954948 -38.097629;
2668511 -38.779259 -37.988075;
2673513 -38.613342 -38.116806;
2678598 -38.444450 -38.112178;
2683611 -38.266388 -38.116806;
2688672 -38.079483 -37.971116;
2693844 -37.928802 -37.678469;
2699022 -37.724361 -37.540836;
2704045 -37.377712 -37.784539;
2709170 -37.377712 -36.884892;
2714247 -37.182915 -36.912722;
2719440 -37.004551 -36.912722;
2724487 -36.816998 -36.735093;
2729620 -36.455997 -36.656528;
2734794 -36.455997 -36.735093;
2739823 -36.210342 -36.735093;
2744916 -36.210342 -37.259959;
2750050 -36.040943 -36.735093;
2755094 -35.820408 -36.168086;
2760225 -35.657757 -35.591475;
2766518 -35.492458 -35.653561;
2774976 -35.268974 -35.563634;
2781511 -34.911137 -35.563634;
2786522 -34.911137 -35.198656;
2791654 -34.719677 -35.346675;
2796700 -34.475956 -35.121504;
2801846 -34.247528 -35.121504;
2806940 -34.142673 -35.106344;
2812269 -33.963131 -33.814614;
2817303 -33.749882 -33.404519;
2822442 -33.554737 -33.028752;
2827518 -33.367332 -34.291782;
2832760 -33.186874 -33.028752;
2837837 -32.959499 -32.939472;
2842970 -32.592155 -32.604659;
2848202 -32.592155 -32.870421;
2853285 -32.390213 -32.721839;
2858386 -32.192081 -32.353445;
2863559 -31.780695 -32.319038;
2868632 -31.780695 -31.915464;
2873768 -31.568510 -31.902624;
2878932 -31.357729 -31.902624;
2884025 -31.129084 -31.562212;
2889063 -30.907354 -31.416997;
2894155 -30.775934 -31.562212;
2899281 -30.500336 -31.185533;
2904379 -30.293760 -31.185533;
2909460 -30.067766 -30.265707;
2914466 -29.665636 -29.922768;
2919493 -29.665636 -29.532068;
2924641 -29.176971 -29.891628;
2929530 -29.176971 -29.748672;
2934606 -28.924526 -29.244654;
2939661 -28.573429 -29.234681;
2944787 -28.573429 -28.675342;
2949902 -28.128149 -28.483134;
2954956 -28.128149 -28.057176;
2960093 -27.901636 -27.848421;
2965166 -27.690775 -28.273274;
2970302 -27.428673 -27.778599;
2975509 -27.037857 -27.305936;
2980619 -27.037857 -28.144615;
2985876 -26.848700 -27.305936;
2990978 -26.555702 -26.825434;
2996072 -26.335762 -26.857579;
3001200 -25.893583 -26.857579;
3006423 -25.893583 -26.857579;
3011454 -25.648651 -25.629899;
3016544 -25.449438 -25.629899;
3021561 -25.241400 -25.253594;
3026730 -25.002337 -25.101826;
3031731 -24.777140 -25.079988;
3036826 -24.557964 -25.068402;
3041969 -24.336264 -24.900063;
3047206 -24.120955 -24.188189;
3052330 -23.686777 -24.856912;
3057514 -23.686777 -24.726215;
3062528 -23.185194 -24.150937;
3067684 -23.185194 -23.768980;
3072811 -22.737219 -23.096986;
3077873 -22.737219 -23.212423;
3083122 -22.282642 -23.208974;
3088264 -22.282642 -23.212423;
3093286 -22.041941 -23.096986;
3098423 -21.568905 -22.950621;
3103670 -21.568905 -22.992128;
3108703 -21.412807 -22.422898;
3113849 -21.174135 -22.400075;
3119031 -20.933874 -22.235586;
3124281 -20.725241 -20.601878;
3129298 -20.547173 -21.980143;
3134453 -20.265675 -21.925406;
3139600 -20.011181 -19.681798;
3144777 -19.819160 -19.295123;
3149892 -19.590534 -18.860271;
3155127 -19.369995 -19.681798;
3160220 -19.119225 -19.639107;
3165276 -18.689342 -19.063763;
3170350 -18.689342 -18.818506;
3175488 -18.258066 -18.101752;
3180681 -18.258066 -18.577552;
3185711 -18.069920 -18.896587;
3190761 -17.617229 -18.577552;
3195897 -17.617229 -18.127486;
3200978 -17.433382 -18.704089;
3206041 -17.211437 -18.577552;
3211186 -16.912981 -18.376347;
3216329 -16.740438 -18.095667;
3221378 -16.571692 -16.051875;
3226620 -16.368835 -16.944003;
3233051 -16.158306 -16.944003;
3238162 -15.889911 -16.860149;
3243316 -15.689402 -16.129685;
3248530 -15.489528 -15.705084;
3253605 -15.297715 -15.869759;
3258694 -15.033225 -15.647655;
3263923 -14.825732 -15.647655;
3269126 -14.607023 -15.480026;
3274351 -14.382093 -15.006021;
3279360 -14.176554 -14.066372;
3284488 -13.984788 -14.066372;
3289599 -13.785922 -13.910034;
3294721 -13.544409 -13.606195;
3299759 -13.408257 -13.669202;
3304958 -13.137618 -15.314009;
3310130 -12.880913 -15.050390;
3315234 -12.725151 -15.050390;
3320244 -12.526086 -12.952720;
3325331 -12.356157 -12.952720;
3330435 -12.131194 -11.737965;
3335662 -11.902440 -12.111107;
3340791 -11.536132 -11.904277;
3345950 -11.536132 -12.094252;
3351032 -11.344097 -12.017168;
3356284 -11.139955 -11.721389;
3361430 -10.759531 -12.094252;
3366498 -10.759531 -12.081909;
3371704 -10.515987 -11.721389;
3376804 -10.373429 -11.675884;
3382024 -10.154120 -10.786750;
3387102 -9.953719 -11.391450;
3392178 -9.730433 -11.337599;
3397294 -9.535599 -10.786750;
3402512 -9.236049 -10.786750;
3407667 -9.236049 -9.641093;
3412921 -8.851105 -9.974609;
3417963 -8.851105 -9.834592;
3423094 -8.667274 -9.540091;
3428296 -8.523989 -9.432020;
3433330 -8.316574 -8.756131;
3438564 -8.134303 -9.435453;
3445044 -7.978912 -9.435453;
3450193 -7.762933 -8.756131;
3455198 -7.563725 -7.897237;
3460199 -7.182992 -7.733660;
3465335 -7.182992 -7.733660;
3470354 -6.902907 -7.733660;
3475600 -6.902907 -7.733660;
3480674 -6.700346 -7.119077;
3485767 -6.539247 -6.742656;
3490870 -6.360711 -6.587685;
3496041 -6.174033 -6.484938;
3501114 -5.780719 -6.346873;
3506178 -5.780719 -5.701098;
3511294 -5.636792 -6.443883;
3516388 -5.287224 -6.443883;
3521480 -5.287224 -6.443883;
3526660 -5.107401 -5.972777;
3531699 -4.914309 -6.005907;
3536893 -4.487720 -6.178695;
3542125 -4.487720 -6.178695;
3547169 -4.181229 -6.324621;
3552333 -4.181229 -6.200566;
3557430 -4.024289 -5.390304;
3562558 -3.849231 -3.614545;
3567688 -3.695930 -3.614545;
3572872 -3.318444 -4.728088;
3578078 -3.318444 -3.724971;
3583120 -3.117626 -3.724971;
3588247 -2.946343 -2.969774;
3593363 -2.768297 -4.022907;
3598536 -2.531390 -4.065237;
3603656 -2.302782 -3.852581;
3608741 -2.039009 -3.398793;
3613865 -2.039009 -3.441356;
3618966 -1.873819 -3.441356;
3624147 -1.684177 -3.279573;
3629288 -1.289192 -2.281904;
3634477 -1.289192 -2.305125;
3639565 -0.873318 -1.642774;
3644674 -0.873318 -1.642774;
3649697 -0.727800 -1.896614;
3655955 -0.536074 -1.630947;
3660975 -0.328784 -1.226685;
3666202 -0.131194 -1.642774;
3671233  0.041386 -1.497439;
3676407  0.248166 -1.495946;
3681527  0.428435 -1.278521;
3686609  0.596506  0.313383;
3691684  0.720733 -1.404704;
3696909  0.898212 -1.402703;
3701938  1.165175 -1.311672;
3707138  1.489248  0.276021;
3712193  1.489248  1.881462;
3717263  1.668111  0.994476;
3722385  1.858845  1.051296;
3727557  2.044771  0.916472;
3732707  2.399156  0.912819;
3737883  2.399156  0.994476;
3743091  2.621852  1.758850;
3748131  2.803147  1.758850;
3753362  2.970746  1.758850;
3758378  3.172249  1.660650;
3763636  3.405444  2.393968;
3768703  3.618623  2.867378;
3773869  3.814815  2.867378;
3778977  3.971224  2.174692;
3784166  4.104392  2.867378;
3789321  4.308198  3.072830;
3794465  4.524520  4.062996;
3799524  4.702135  4.062996;
3804583  4.871215  4.084095;
3809754  5.073855  4.479060;
3814761  5.240205  4.709077;
3819776  5.360497  4.698453;
3824923  5.573011  4.715483;
3830082  5.794420  4.715483;
3835122  5.961172  5.273726;
3840291  6.164896  5.456960;
3845421  6.358921  5.822101;
3850600  6.570396  5.836838;
3855616  6.706680  5.295060;
3860905  6.895728  5.826379;
3866617  7.141736  6.023300;
3871721  7.553485  6.489981;
3876866  7.553485  6.489981;
3881955  7.738636  6.492285;
3886999  7.939175  6.960324;
3892169  8.142215  6.959783;
3897345  8.316623  7.532926;
3902508  8.521222  7.532926;
3907616  8.624176  7.532926;
3912794  8.814000  8.375679;
3917811  9.016386  8.632013;
3922981  9.241892  8.938484;
3928106  9.513885  8.377347;
3933241  9.513885  6.587640;
3938353  9.749673  8.368496;
3943485  9.917090  8.938484;
3948490  10.108237  9.980573;
3953521  10.282580  9.630935;
3958695  10.480488  9.605184;
3963828  10.685956  9.668651;
3968878  10.840308  9.674318;
3974067  11.077822  9.980573;
3979155  11.215676  9.980573;
3984166  11.354848  9.940371;
3989352  11.539652  10.965099;
3994399  11.751258  11.680598;
3999614  11.963626  11.861221;
4004730  12.123549  11.026857;
4009877  12.310429  10.989056;
4014955  12.730059  11.840771;
4020089  12.730059  12.446338;
4025262  12.918850  12.731885;
4030348  13.103982  12.697469;
4035365  13.308828  12.697469;
4040498  13.715988  12.730189;
4045635  13.715988  13.271570;
4050715  13.971632  13.355073;
4055801  14.126174  12.731885;
4061069  14.317742  12.663797;
4066168  14.523726  13.317315;
4071326  14.863750  14.346296;
4076394  14.863750  13.452536;
4081499  15.138206  13.358302;
4086626  15.432200  13.358302;
4091732  15.662103  14.076980;
4096858  15.807613  14.666131;
4102011  16.007185  15.675255;
4107060  16.191286  15.536694;
4112083  16.565920  15.445392;
4117164  16.565920  15.492602;
4122335  17.051813  15.584402;
4127572  17.051813  15.767485;
4132750  17.177311  15.725402;
4137943  17.359381  15.574740;
4143054  17.791555  15.666547;
4148261  17.791555  16.087944;
4153347  17.973928  17.248227;
4158549  18.160295  17.214491;
4163640  18.384785  17.214491;
4168828  18.584936  17.271350;
4173894  18.785456  17.305152;
4180559  19.004385  17.915444;
4185815  19.248356  17.896073;
4190826  19.453188  17.896073;
4196008  19.840616  18.261999;
4201182  19.840616  18.806614;
4206351  20.037554  18.950883;
4211453  20.243967  18.950883;
4216457  20.427298  18.919153;
4221580  20.704165  19.736587;
4226818  20.704165  19.812091;
4231970  21.061405  20.960484;
4237187  21.061405  19.999647;
4242319  21.235607  19.999647;
4247461  21.390751  20.290902;
4252530  21.759197  21.106678;
4257670  21.759197  21.644413;
4262833  22.130972  20.239769;
4272651  22.130972  20.239769;
4282188  22.417210  20.453519;
4288583  22.722046  21.503257;
4293747  23.027504  22.893076;
4298881  23.335749  21.938737;
4303946  23.335749  21.922051;
4309033  23.546091  22.127000;
4314207  23.723719  23.073587;
4319258  23.844744  22.520017;
4324410  23.967827  21.614286;
4329470  24.209429  21.456556;
4334670  24.429798  22.127000;
4339796  24.576876  24.982590;
4344924  24.881071  22.862614;
4350024  24.881071  22.776686;
4355169  25.067484  22.718660;
4360213  25.247686  24.068762;
4365257  25.378571  24.725287;
4370315  25.565130  25.213255;
4375503  25.694639  24.380798;
4380590  26.010492  24.169373;
4385710  26.010492  25.213255;
4391322  26.150305  25.443648;
4396209  26.339966  25.227127;
4401311  26.485689  25.027765;
4406443  26.643665  25.027765;
4411449  26.801865  25.227127;
4416467  27.089195  25.759357;
4421541  27.089195  25.725799;
4426647  27.252811  25.725799;
4431686  27.521669  25.725799;
4436735  27.521669  26.009614;
4441824  27.723793  26.172291;
4447057  27.873055  26.609866;
4452330  27.918163  26.609866;
4457474  28.041344  26.609866;
4462683  28.346560  27.215268;
4467767  28.346560  27.234306;
4472892  28.471962  27.750640;
4478121  28.625408  27.750640;
4483276  28.744766  27.215268;
4489067  29.000774  27.418890;
4494328  29.000774  27.931927;
4500662  29.265812  28.923234;
4505865  29.265812  28.711271;
4510934  29.477476  28.711271;
4516114  29.477476  28.843607;
4521117  29.718792  28.843607;
4526222  29.718792  29.543151;
4531330  29.826902  29.543151;
4536365  29.926380  29.255087;
4541430  30.046921  29.466976;
4546638  30.156775  29.466976;
4551753  30.270485  29.689440;
4556986  30.377441  28.973082;
4562083  30.526052  28.973082;
4567283  30.630337  30.037781;
4572375  30.680122  30.232965;
4577564  30.859789  31.104585;
4582605  30.955616  30.543817;
4587728  31.020042  29.445299;
4592868  31.117231  30.663503;
4598098  31.227221  31.198853;
4603206  31.327679  31.312301;
4608394  31.440922  31.204981;
4613482  31.521048  30.701428;
4618763  31.628643  31.204981;
4623735  31.762854  31.359350;
4628851  31.846931  31.691748;
4634072  31.912825  31.691748;
4639093  32.024307  31.312301;
4644222  32.130295  31.329328;
4649390  32.231277  31.863564;
4654450  32.323757  31.989865;
4659639  32.436630  31.530417;
4664683  32.540974  31.530417;
4669920  32.665428  31.981869;
4674923  32.852375  32.272362;
4679938  32.852375  33.032277;
4685150  33.020477  32.977860;
4690306  33.020477  32.912672;
4695310  33.081768  33.029248;
4700437  33.189766  33.224652;
4705594  33.270397  33.069470;
4710731  33.349216  32.780135;
4715766  33.519440  32.780135;
4720925  33.519440  33.080865;
4726015  33.711540  33.238389;
4731209  33.711540  33.389089;
4736364  33.888756  33.226748;
4741568  33.888756  33.226748;
4746590  34.030518  33.547490;
4751690  34.030518  33.860252;
4756721  34.114307  33.682481;
4761986  34.268242  33.682481;
4767138  34.467884  33.310489;
4772376  34.467884  33.682481;
4777470  34.533508  34.320990;
4782553  34.581074  33.857217;
4787747  34.722015  33.857217;
4792775  34.722015  33.785830;
4797907  34.826153  34.243751;
4802908  34.826153  34.243751;
4808085  34.927174  34.421647;
4813221  35.020645  33.941874;
4818335  35.066406  33.835726;
4823348  35.157257  34.421647;
4828349  35.222855  34.609948;
4833465  35.340794  35.233140;
4838630  35.340794  34.234654;
4843651  35.328976  33.883158;
4848735  35.434082  34.505392;
4853902  35.507713  35.256139;
4859028  35.572449  35.578137;
4864038  35.611782  35.441018;
4869119  35.645638  35.203691;
4874240  35.674114  35.340065;
4879322  35.707039  35.441414;
4884488  35.776100  35.876081;
4889533  35.737503  35.258282;
4894688  35.712940  35.258282;
4899835  35.733925  35.993606;
4904888  35.737785  36.050196;
4910048  35.747322  36.068645;
4915229  35.763561  35.852238;
4920435  35.714172  35.616149;
4925550  35.639038  35.761802;
4930786  35.639038  35.852238;
4936038  35.642284  35.743017;
4941146  35.637482  35.649802;
4946200  35.611248  35.649802;
4951291  35.558620  35.759914;
4957991  35.558620  35.887406;
4963004  35.536743  35.956264;
4969031  35.507248  35.627295;
4974161  35.440132  35.387134;
4979191  35.394051  35.627295;
4984325  35.307590  35.956264;
4989445  35.207432  35.032467;
4994625  35.207432  35.032467;
4999793  35.150581  35.032467;
5004935  35.065220  35.478913;
5010033  35.013889  35.478913;
5015257  34.973038  35.777913;
5020374  34.848827  34.847543;
5025706  34.704075  34.735495;
5030876  34.647385  35.663425;
5036037  34.588276  35.771348;
5041150  34.486050  35.753953;
5046326  34.376385  35.335900;
5051332  34.286861  35.335900;
5056360  34.161758  35.427178;
5061507  34.003864  35.427178;
5066599  33.900700  35.655822;
5071688  33.784332  34.428257;
5076841  33.689281  34.428257;
5082011  33.574863  34.679033;
5087161  33.446136  34.679033;
5092355  33.329937  34.799273;
5097400  33.140701  34.265507;
5102507  32.974072  34.118060;
5107688  32.853619  34.141490;
5112782  32.579201  34.141490;
5117870  32.579201  34.096684;
5123018  32.344715  33.345146;
5129622  32.344715  33.345146;
5134820  32.079811  33.480250;
5139875  31.957409  33.480250;
5144902  31.629776  33.178717;
5150081  31.629776  32.432856;
5155110  31.443619  32.432856;
5160306  31.289188  32.605204;
5165408  31.079771  32.657682;
5170474  30.859732  32.156074;
5175601  30.724466  32.034007;
5180780  30.531685  31.796923;
5185800  30.336908  31.796923;
5190937  30.144165  31.796923;
5195980  29.969791  31.840706;
5201163  29.831484  31.738658;
5206301  29.641266  30.846686;
5211408  29.261847  30.846686;
5216416  29.261847  31.737227;
5221492  29.071629  31.392065;
5226496  28.812103  30.848079;
5231556  28.553776  30.306415;
5236576  28.417204  30.848079;
5241636  28.184071  31.392065;
5246707  27.894733  30.874572;
5251779  27.683851  30.501425;
5256918  27.504133  28.824144;
5262003  27.119308  30.326401;
5267245  27.119308  30.326401;
5272248  26.892071  29.441897;
5277355  26.677446  28.275968;
5282442  26.476566  27.238571;
5287662  26.057169  28.075400;
5292731  26.057169  28.246389;
5297890  25.857397  28.216596;
5302966  25.661877  27.706988;
5308187  25.452297  26.971635;
5313298  25.276985  27.339766;
5318506  25.073452  27.339766;
5323590  24.843235  27.311841;
5328777  24.613998  26.373326;
5333846  24.398331  26.373326;
5339002  24.021566  26.373326;
5344165  24.021566  26.373326;
5349179  23.633642  25.269624;
5354318  23.633642  25.220918;
5359419  23.435389  25.132827;
5364687  23.247868  25.269624;
5369889  23.009129  25.309252;
5374990  22.852522  26.164114;
5380226  22.670919  25.058369;
5385384  22.454014  24.768289;
5390457  22.251207  24.791270;
5395705  22.097244  24.791270;
5400725  21.949068  23.783042;
5405752  21.705549  23.385365;
5410827  21.287451  23.105170;
5415867  21.287451  23.105170;
5421090  21.119793  23.207167;
5426102  20.949915  23.282367;
5431334  20.753462  22.746885;
5436425  20.533768  22.564417;
5441724  20.356096  22.973453;
5446935  20.135813  22.996943;
5452003  19.930126  21.593516;
5457207  19.590370  21.346570;
5462249  19.590370  21.179158;
5467398  19.342360  21.373846;
5472562  19.147415  21.633545;
5477751  18.958998  21.543367;
5482852  18.586157  20.839354;
5488062  18.586157  20.695961;
5493219  18.349648  20.695961;
5498363  18.206245  20.721782;
5503337  17.998138  20.782900;
5508356  17.796492  20.317286;
5513612  17.618193  20.060842;
5518640  17.445477  20.060842;
5523790  17.315218  20.060842;
5528932  16.897852  18.575363;
5534046  16.897852  18.533818;
5539184  16.756348  18.533818;
5544308  16.572056  18.533818;
5549354  16.381851  18.926729;
5554632  16.196390  18.533818;
5559641  16.032579  18.480488;
5565032  15.814907  18.380689;
5570088  15.596972  18.380689;
5575132  15.434997  18.483180;
5580383  15.094605  18.428248;
5585635  15.094605  17.456130;
5590710  14.922181  17.116107;
5595915  14.828749  17.456130;
5601004  14.664979  17.497067;
5606170  14.443947  16.877226;
5611214  14.109968  16.877226;
5616382  14.109968  16.221965;
5621410  13.955332  16.221965;
5626557  13.789340  16.232959;
5631660  13.632268  15.650071;
5636891  13.227242  15.650071;
5641960  13.227242  15.540939;
5647106  13.053666  15.650071;
5652360  12.895053  15.650071;
5657469  12.731948  15.489944;
5662702  12.628607  15.095723;
5667887  12.412905  14.929239;
5673034  12.202823  15.041979;
5678039  11.890444  15.065772;
5683278  11.890444  14.641035;
5688480  11.694171  13.690175;
5693654  11.558611  13.595739;
5698718  11.423148  14.202717;
5703794  11.193151  14.202717;
5708844  11.020034  13.307534;
5713989  10.880378  13.135780;
5719146  10.743121  13.063818;
5724160  10.511853  13.267517;
5729310  10.220265  13.307534;
5734608  10.220265  13.088984;
5739634  10.103598  12.669126;
5744639  9.927582  12.205112;
5749662  9.577596  12.255173;
5754750  9.577596  12.610859;
5761348  9.247064  12.161413;
5768577  8.978224  12.135962;
5776645  8.978224  11.824770;
5784949  8.719693  11.848679;
5789989  8.478828  11.848679;
5795235  8.156816  11.906636;
5800363  8.156816  10.206306;
5805595  7.975271  9.916746;
5810858  7.859457  10.265454;
5816004  7.693341  10.358180;
5821163  7.559672  10.312856;
5826343  7.427713  9.495526;
5831505  7.270582  9.044150;
5836680  7.011152  9.050786;
5841814  7.011152  9.522836;
5846902  6.812542  9.628045;
5851986  6.634820  9.062987;
5857195  6.495893  8.673427;
5862201  6.328817  8.676827;
5867351  6.187320  8.690866;
5872286  6.039434  8.406000;
5877383  5.874780  8.003276;
5882449  5.719000  8.003276;
5887599  5.567609  8.012453;
5892603  5.288317  8.406000;
5897690  5.288317  8.837701;
5902788  5.091331  8.014496;
5907801  4.907735  6.531856;
5912826  4.792636  7.417201;
5917905  4.670549  7.417201;
5923040  4.511559  7.633868;
5928107  4.260356  6.270336;
5933215  4.260356  6.283093;
5938322  4.122137  6.704920;
5943493  3.933226  6.699446;
5948726  3.635324  5.974878;
5953850  3.635324  5.846733;
5958938  3.477310  5.861929;
5963977  3.310969  5.846733;
5969115  3.205082  5.846733;
5974187  3.107587  5.974878;
5979315  2.917377  5.165550;
5984439  2.726436  5.165550;
5989510  2.591501  5.150687;
5994657  2.476232  5.150687;
5999766  2.215841  5.288163;
6004918  2.215841  4.085494;
6010092  2.085163  3.699787;
6015145  1.947133  3.635707;
6020281  1.822591  4.028772;
6025528  1.691691  4.065363;
6030711  1.529724  3.719834;
6035780  1.406845  3.719834;
6040861  1.217560  3.699985;
6046039  0.984077  4.065363;
6051076  0.984077  3.669863;
6056185  0.811213  3.195806;
6061403  0.659630  2.940301;
6066641  0.520028  3.208609;
6071743  0.368855  3.195806;
6076891  0.235316  3.674887;
6081975  0.172921  3.681097;
6087144  0.038844  2.526310;
6092155 -0.316272  2.526310;
6097190 -0.316272  2.517985;
6102335 -0.439870  1.260316;
6107404 -0.569311  1.260316;
6112613 -0.692583  1.007081;
6117814 -0.863238  1.007081;
6122899 -1.197148  1.200147;
6128017 -1.197148  1.219091;
6133252 -1.433189  1.007081;
6138350 -1.433189  0.764198;
6143576 -1.752129  0.689845;
6148649 -1.752129  0.822911;
6153860 -2.071328  0.714446;
6159004 -2.071328  0.707640;
6164095 -2.339106  0.119939;
6169238 -2.339106  0.089483;
6174281 -2.499550  0.086589;
6180720 -2.685285 -0.228774;
6185922 -2.846544 -0.228774;
6191001 -3.159216 -0.214550;
6196191 -3.159216 -0.228774;
6201314 -3.321484 -0.282284;
6206483 -3.469572 -0.965094;
6211493 -3.605496 -1.611406;
6216600 -3.733452 -1.618127;
6221637 -3.868798 -1.611406;
6226763 -4.177049 -1.238017;
6231832 -4.177049 -1.699786;
6236994 -4.364670 -3.163217;
6242036 -4.502261 -3.163217;
6247221 -4.628417 -3.163217;
6252229 -4.715960 -2.725173;
6257411 -5.003286 -1.720195;
6262552 -5.003286 -3.186905;
6267711 -5.123678 -3.123977;
6272851 -5.246107 -3.186905;
6277898 -5.359805 -2.527936;
6282908 -5.513865 -3.278416;
6287911 -5.681289 -3.278416;
6292999 -5.829766 -3.194215;
6298175 -6.026907 -3.222948;
6303334 -6.204107 -3.222948;
6308372 -6.317635 -3.645325;
6313519 -6.467074 -3.880128;
6318572 -6.620768 -4.364293;
6323774 -6.929190 -4.740637;
6328870 -6.929190 -4.740637;
6334056 -7.052807 -5.429611;
6339290 -7.203073 -5.279923;
6344424 -7.329638 -5.606326;
6349457 -7.486392 -5.607820;
6354472 -7.609212 -5.607820;
6359612 -7.753757 -6.056538;
6364726 -7.904103 -6.089727;
6369882 -8.013440 -6.089727;
6374845 -8.185783 -6.089727;
6379885 -8.333944 -6.190375;
6385012 -8.488444 -6.281118;
6391266 -8.648898 -6.099682;
6396396 -8.771294 -6.880235;
6401425 -9.031442 -6.880235;
6406433 -9.031442 -6.281118;
6411548 -9.203310 -6.983147;
6416585 -9.344413 -7.198489;
6421810 -9.637501 -7.570384;
6426905 -9.637501 -7.198489;
6431923 -9.763583 -7.185420;
6437049 -9.905074 -7.198489;
6442216 -10.050550 -7.323690;
6447235 -10.234896 -7.691884;
6452455 -10.328600 -7.691884;
6457577 -10.468853 -7.691884;
6462722 -10.638730 -8.411067;
6467840 -10.790243 -8.512158;
6472949 -10.985929 -8.927798;
6478112 -11.097967 -8.382547;
6483166 -11.198144 -8.411067;
6488329 -11.560738 -8.698522;
6493540 -11.560738 -9.295469;
6498673 -11.735197 -9.295469;
6503855 -11.877580 -8.698522;
6508940 -12.047429 -8.698522;
6514065 -12.333577 -9.303567;
6519191 -12.333577 -9.362047;
6524403 -12.652590 -10.299329;
6529477 -12.652590 -10.509683;
6534702 -12.830403 -10.510711;
6539702 -12.980204 -10.353192;
6544805 -13.117485 -10.836403;
6549959 -13.301184 -11.015237;
6555072 -13.469446 -11.109497;
6560280 -13.630828 -11.161799;
6565288 -13.802126 -11.049252;
6570441 -14.122820 -11.910300;
6575551 -14.122820 -11.817470;
6580692 -14.281728 -11.910300;
6585858 -14.492068 -12.100889;
6590945 -14.670543 -11.973365;
6596078 -14.838521 -12.192959;
6602304 -15.023496 -12.192959;
6607469 -15.233172 -11.973365;
6612557 -15.397615 -12.187437;
6617583 -15.607652 -12.884484;
6622748 -15.794411 -12.668867;
6627767 -15.928967 -12.579644;
6632934 -16.096003 -12.668867;
6637990 -16.280466 -12.894195;
6643117 -16.476482 -13.417125;
6648251 -16.652592 -13.253424;
6653348 -16.862568 -14.456324;
6658448 -17.190815 -14.318396;
6663564 -17.190815 -14.489064;
6668806 -17.525866 -15.414720;
6673880 -17.525866 -15.345431;
6679025 -17.684080 -15.058284;
6684139 -17.857548 -14.602707;
6689341 -18.028643 -14.885146;
6694362 -18.412498 -16.068134;
6699384 -18.412498 -15.750115;
6704466 -18.551073 -15.790413;
6709590 -18.747749 -16.156037;
6714661 -18.929232 -16.178919;
6719847 -19.253586 -16.769371;
6724896 -19.253586 -16.603163;
6730023 -19.527264 -16.603163;
6735172 -19.756287 -16.460101;
6740291 -19.913774 -16.533986;
6745446 -20.090977 -16.834864;
6750522 -20.270723 -17.034642;
6755732 -20.451397 -17.753620;
6760767 -20.650600 -17.922693;
6765925 -20.982353 -18.086636;
6771026 -20.982353 -18.704227;
6776079 -21.380375 -18.614574;
6781217 -21.380375 -18.833723;
6786372 -21.760944 -18.923921;
6791412 -21.760944 -18.795949;
6796530 -22.130301 -18.808911;
6801617 -22.130301 -19.091063;
6806739 -22.392563 -19.617227;
6811911 -22.531786 -19.091063;
6816918 -22.770952 -19.026618;
6822018 -23.023052 -19.376064;
6827122 -23.208122 -19.391487;
6832224 -23.387728 -19.982305;
6837325 -23.509777 -19.391487;
6842509 -23.686668 -19.522431;
6847578 -23.939884 -20.390823;
6852685 -24.124062 -21.256866;
6857778 -24.302486 -21.130530;
6862894 -24.472528 -20.469875;
6867958 -24.673292 -20.751471;
6873070 -24.774176 -20.111694;
6878248 -24.925613 -20.111694;
6883339 -25.212767 -21.678611;
6888496 -25.405127 -21.841569;
6893564 -25.547977 -21.887501;
6898620 -25.727322 -22.534341;
6903847 -25.896130 -22.414010;
6908890 -26.087404 -22.314412;
6914061 -26.294197 -22.177632;
6919230 -26.506712 -22.297363;
6924316 -26.785402 -22.396831;
6929481 -26.785402 -22.803711;
6934686 -27.137966 -23.297511;
6939851 -27.137966 -23.658739;
6944997 -27.293222 -23.161428;
6949999 -27.651163 -23.432585;
6955095 -27.651163 -23.608394;
6960243 -27.810492 -23.990030;
6965246 -27.937963 -24.458991;
6970394 -28.092627 -24.458991;
6975537 -28.245564 -24.669912;
6980648 -28.410641 -24.669912;
6985798 -28.616592 -24.565131;
6990917 -28.764597 -24.565131;
6996033 -28.923550 -24.565131;
7001071 -29.084402 -25.139557;
