380880  0.000000  97.045494;
388966  0.000000 -2.028416;
394106  0.000000 -2.019262;
399147  0.000000 -2.033787;
404194  0.000000 -2.033787;
409224  0.000000 -2.033787;
414257  0.000000 -2.030821;
419952  2.030390 -2.033509;
425095  2.030390 -2.045759;
430322  2.027768 -2.045759;
435454  2.025344 -2.045759;
440619  2.021906 -2.045759;
445703  2.021521 -2.045759;
450769  2.025566 -2.029186;
455781  2.021282 -2.040914;
460812  2.024582 -2.040914;
465960  2.022859 -2.048452;
471095  2.022859 -2.052766;
476179  2.022672 -2.214369;
481294  2.024932 -2.350062;
486347  2.023106 -2.371363;
491431  2.009846 -2.373593;
496496  2.002908 -2.350062;
501576  2.002144 -2.208886;
506654  1.997500 -2.198485;
511809  1.997082 -2.194113;
516949  1.975134 -1.699792;
522062  1.997272  2.484522;
527084  2.034049  7.475708;
532243  2.104519  7.474795;
537273  2.200186  7.468631;
542289  2.249689  7.474795;
549997  2.487480  7.475708;
556310  2.487480  0.778876;
561359  2.545465 -1.621754;
566515  2.542159 -12.908362;
571593  2.534336 -13.187063;
576619  2.478797 -13.664578;
581780  2.369385 -22.714362;
586826  2.260068 -22.714362;
591909  2.159234 -22.714362;
596947  2.031509 -20.619743;
601972  1.944757 -17.330818;
607097  1.846298 -14.886542;
612102  1.712862 -14.647554;
617245  1.594852 -14.455045;
622313  1.587010 -6.497059;
627389  1.608103  6.112689;
632416  1.619698  15.016196;
637482  1.641811  15.016196;
642494  1.687104  15.000867;
647545  1.785976  16.747725;
652676  1.870734  16.747725;
657811  1.972423  14.661032;
662838  2.043656  12.593541;
667851  2.143361  10.216421;
672954  2.261118  10.304544;
677991  2.366576  10.305696;
683111  2.446293 -0.365393;
688280  2.401932 -8.685568;
693312  2.401932 -9.620012;
698529  2.390149 -10.547408;
703674  2.341771 -10.547408;
708789  2.284322 -21.482584;
713943  2.177033 -21.482584;
718981  2.079824 -21.482584;
724010  1.864607 -18.740706;
729045  1.864607 -16.897784;
734213  1.774755 -12.754818;
739383  1.694009 -12.704811;
744550  1.606049 -12.532228;
749598  1.485245 -8.626697;
754684  1.500514  8.540157;
759789  1.511355  10.939498;
764925  1.627587  10.890272;
770077  1.627587  10.845293;
775207  1.679982  14.530789;
780267  1.756667  16.360025;
785384  1.868460  15.151085;
790485  1.998737  14.600612;
795588  2.133553  14.357489;
800618  2.241349  14.369578;
805687  2.375901  14.498738;
810830  2.500855  7.874570;
815995  2.666068  1.606836;
821106  2.689103 -3.451203;
826249  2.696993 -3.578186;
831472  2.735830 -3.849308;
836627  2.756293 -20.629856;
841770  2.683660 -23.954717;
846780  2.612099 -25.538374;
851918  2.528353 -25.519054;
857072  2.442781 -24.291793;
862174  2.322282 -21.860038;
867244  2.186835 -21.293257;
872320  2.047399 -21.180565;
877325  1.925468 -20.059621;
882450  1.784115 -16.044098;
887613  1.668635 -12.602967;
892705  1.564990 -12.475179;
897764  1.508638 -12.282093;
902797  1.479374 -4.614479;
907911  1.407500  10.920194;
913024  1.405908  17.917136;
918076  1.457945  17.917136;
923235  1.513025  17.696690;
928297  1.624169  19.496756;
933409  1.733610  19.525713;
938599  1.837889  16.893681;
943713  1.956634  14.588985;
948793  2.055410  12.890845;
953953  2.156980  12.920744;
959096  2.274645  12.921086;
964046  2.370801  4.617467;
969212  2.492066 -5.710452;
974359  2.508401 -9.486516;
979475  2.494974 -10.076600;
984601  2.470770 -10.088482;
989628  2.396197 -20.515463;
994736  2.240089 -22.000744;
999888  2.240089 -22.000744;
1005030  2.155739 -21.396494;
1010054  2.067157 -20.055946;
1015090  1.958862 -15.887101;
1020170  1.858074 -15.747823;
1025178  1.770831 -15.747823;
1030180  1.715829 -11.669666;
1035205  1.630078 -6.569871;
1040360  1.525675  4.298016;
1045464  1.505693  4.333372;
1050593  1.531963  4.375994;
1055725  1.595125  11.491294;
1060885  1.647591  18.035410;
1065943  1.831290  18.359859;
1070986  1.831290  16.645465;
1075986  1.976121  15.151476;
1081002  2.089985  15.254378;
1086033  2.222937  15.302570;
1091045  2.366464  11.381913;
1096118  2.490166  9.883230;
1101198  2.640739  2.392679;
1106280  2.639352  2.382650;
1111403  2.692625  2.319609;
1116488  2.712501 -19.353883;
1121639  2.739721 -20.808710;
1126808  2.623831 -22.561081;
1131870  2.623831 -23.739800;
1137050  2.543505 -23.886369;
1142161  2.460278 -22.261573;
1147255  2.363061 -22.242694;
1152316  2.255358 -21.903553;
1157397  2.122737 -21.042232;
1162511  1.980828 -19.271688;
1167618  1.841314 -17.506837;
1172708  1.737624 -17.409457;
1177806  1.641739 -16.971491;
1182915  1.512236 -13.305694;
1188052  1.357649  0.032093;
1193108  1.287740  7.345956;
1198143  1.248112  7.344169;
1203200  1.270644  7.344169;
1208346  1.317478  15.837499;
1213391  1.415065  21.995253;
1218529  1.494986  20.433595;
1223658  1.618934  18.202627;
1228804  1.722620  16.525076;
1233818  1.868956  16.614516;
1238873  2.001434  16.804613;
1244104  2.262123  15.248396;
1249244  2.262123  10.414307;
1254338  2.379960  8.512885;
1259463  2.505997  8.525372;
1264505  2.669733  8.576411;
1269670  2.748297 -8.639879;
1274727  2.812849 -10.638364;
1279750  2.846751 -18.013268;
1284830  2.765587 -18.191710;
1290027  2.692770 -18.340619;
1295128  2.633946 -22.200307;
1300801  2.552145 -22.311852;
1305951  2.463595 -21.781733;
1311026  2.344486 -21.671466;
1316077  2.235635 -20.668452;
1321188  2.105205 -20.590117;
1326279  1.973966 -20.590117;
1331400  1.853579 -20.080581;
1336465  1.720755 -17.113237;
1341504  1.585169 -11.292362;
1346506  1.491245 -4.090981;
1351530  1.493240 -4.009098;
1356547  1.501763 -3.574824;
1361605  1.500584  10.177459;
1366694  1.519744  22.362112;
1371793  1.583658  23.357590;
1376835  1.671167  23.029659;
1381969  1.783024  21.371948;
1387139  1.933918  21.501974;
1392305  2.079042  21.801521;
1397360  2.203469  15.514550;
1402404  2.324142  11.592836;
1407452  2.390493  10.204514;
1412568  2.575468  10.221083;
1417581  2.733760  10.390068;
1422739  2.725473 -9.271834;
1427751  2.725473 -14.773040;
1432788  2.711900 -22.023798;
1437846  2.622647 -22.202990;
1442852  2.622647 -22.404468;
1447933  2.539235 -22.761347;
1453039  2.448407 -22.495337;
1458064  2.342905 -22.458130;
1463177  2.235432 -20.344246;
1468223  2.140988 -19.274595;
1473250  2.010725 -18.824822;
1478346  1.876655 -18.824822;
1483407  1.740940 -18.603570;
1488453  1.611140 -15.248804;
1493537  1.522594 -10.446988;
1498710  1.409785 -6.368202;
1503832  1.310915 -5.732463;
1508903  1.235579 -5.500380;
1513980  1.262724  8.789739;
1519092  1.271260  15.824053;
1524094  1.287737  20.417222;
1529132  1.369381  20.260467;
1534215  1.499686  19.279057;
1539232  1.765588  19.806826;
1544710  1.765588  19.875439;
1549807  1.911455  12.934053;
1555113  2.026711  12.410528;
1560872  2.150743  8.810275;
1566126  2.214410  8.827516;
1571245  2.377735  8.899650;
1576349  2.417211 -3.920209;
1581415  2.463585 -9.150925;
1586435  2.487841 -17.950493;
1591439  2.408143 -18.683472;
1596586  2.376065 -18.714071;
1601683  2.341539 -18.489919;
1606728  2.286959 -18.838504;
1611815  2.209137 -18.470419;
1616834  2.120065 -18.447092;
1621874  2.040690 -18.316923;
1626896  1.950710 -18.201844;
1631977  1.865115 -17.854017;
1637052  1.767421 -17.840345;
1642211  1.661708 -13.459358;
1647434  1.615881 -3.925929;
1652522  1.615881  4.880353;
1657559  1.593169  4.919041;
1662620  1.622900  4.919041;
1667654  1.690943  14.384838;
1672753  1.800701  18.088901;
1677773  1.891130  17.597992;
1682856  1.996214  14.229146;
1687901  2.089696  13.353317;
1693028  2.214906  13.477095;
1698106  2.333306  13.642755;
1703177  2.452939  7.999596;
1708304  2.558277  2.540099;
1713378  2.514413 -2.428583;
1718536  2.549360 -2.718896;
1723620  2.603036 -3.140757;
1728791  2.553408 -20.134701;
1733930  2.488760 -21.824136;
1738974  2.429455 -21.824136;
1743998  2.357192 -20.239065;
1749092  2.293423 -20.230466;
1754101  2.219394 -19.682304;
1759239  2.119835 -19.454956;
1764241  2.003475 -19.454956;
1769270  1.912951 -16.232242;
1774425  1.808657 -14.774833;
1779663  1.690967 -11.085240;
1784755  1.572661 -11.048567;
1789897  1.515065 -10.725869;
1795031  1.484379 -3.471005;
1800086  1.409573  15.656597;
1805185  1.429647  18.115189;
1810271  1.514938  18.086643;
1815398  1.602225  17.977540;
1820472  1.719255  21.016488;
1825599  1.849213  21.077076;
1830761  1.984676  15.818122;
1835919  2.118188  13.515049;
1840997  2.265260  11.685127;
1846165  2.405709  11.720438;
1851284  2.528172  11.720438;
1856314  2.614501  1.464163;
1861398  2.603490 -5.401354;
1866444  2.659733 -11.626772;
1871478  2.669565 -12.795942;
1876559  2.659122 -12.795942;
1881661  2.623525 -21.043346;
1886765  2.546536 -21.285850;
1891849  2.487752 -21.285850;
1896897  2.419574 -21.326249;
1902012  2.336927 -20.441637;
1907034  2.273565 -19.493760;
1912047  2.182641 -19.493760;
1917150  2.066394 -19.493760;
1922320  1.959708 -16.670235;
1927484  1.851502 -14.499709;
1932642  1.743501 -13.135217;
1937715  1.640075 -12.548181;
1942838  1.580641 -12.284395;
1947990  1.463603 -6.411209;
1953049  1.383737  8.230835;
1958148  1.410095  12.451107;
1963240  1.410095  12.451107;
1968341  1.497640  12.446160;
1973389  1.586157  21.695176;
1978530  1.881203  21.695176;
1983623  1.881203  20.497126;
1988704  2.022377  15.894028;
1993730  2.143516  15.568344;
1998779  2.277616  15.615026;
2003888  2.359102  15.699448;
2008943  2.489645  2.770507;
2013999  2.564861 -3.733727;
2019086  2.584747 -8.272862;
2024163  2.673643 -8.842301;
2029258  2.689580 -8.860790;
2034335  2.641479 -19.576956;
2039342  2.604941 -19.885115;
2044357  2.573456 -20.205490;
2052059  2.411606 -20.228319;
2057532  2.343349 -19.965117;
2062547  2.343349 -19.102180;
2067681  2.250217 -19.088061;
2072752  2.150172 -19.088061;
2077798  2.030452 -17.804803;
2082895  1.925920 -13.357208;
2088020  1.804924 -12.714294;
2093089  1.693670 -12.444356;
2098153  1.525171 -12.414555;
2103190  1.525171 -8.543235;
2108308  1.497803  3.401513;
2113418  1.541022  7.761441;
2118476  1.525584  7.748675;
2123532  1.587525  7.748675;
2128704  1.634697  17.135913;
2133800  1.851034  24.120457;
2138873  1.851034  19.598758;
2144048  1.988556  16.913592;
2149167  2.145830  16.423405;
2154189  2.285342  16.684470;
2159304  2.372872  16.687743;
2164378  2.501341  9.085267;
2169435  2.535173  1.384825;
2174531  2.535173 -4.414324;
2179680  2.571476 -4.545385;
2184714  2.645105 -4.954038;
2189814  2.648803 -19.336968;
2194980  2.593919 -19.537976;
2200014  2.525548 -19.646801;
2205062  2.489320 -19.550892;
2210108  2.409986 -19.412793;
2215128  2.330415 -18.821883;
2220160  2.155927 -18.819066;
2225162  2.155927 -18.809210;
2230311  2.054101 -17.621319;
2235411  1.936234 -14.788493;
2240568  1.832686 -11.846368;
2245649  1.727666 -11.800763;
2251098  1.641142 -11.652401;
2256259  1.562994 -8.902538;
2261304  1.476212 -4.310261;
2266421  1.431972  1.758750;
2271568  1.411044  2.027434;
2276599  1.446729  2.027434;
2281640  1.625460  15.330977;
2286701  1.625460  22.973228;
2291775  1.717301  19.210758;
2296782  1.833586  16.348736;
2301935  1.947839  15.330977;
2306995  2.062512  15.419876;
2312128  2.171253  15.440734;
2317267  2.226864  10.296487;
2322270  2.349189  6.495973;
2327278  2.381775 -4.622953;
2332333  2.300939 -5.091988;
2337376  2.300939 -5.466614;
2342456  2.315730 -16.241750;
2347592  2.332608 -16.241750;
2352702  2.299528 -16.241750;
2357780  2.253937 -16.241750;
2362838  2.206151 -16.241750;
2367998  2.121845 -17.103013;
2373062  2.121845 -17.103013;
2378191  2.038974 -17.103013;
2383213  1.947405 -14.580101;
2388358  1.871279 -12.579206;
2393383  1.788654 -10.551426;
2398477  1.702663 -10.485089;
2403519  1.614480 -10.368673;
2408584  1.614480 -6.269935;
2413651  1.538553  3.215400;
2418701  1.527152  9.336791;
2423784  1.567985  9.321240;
2428849  1.631240  9.321240;
2434053  1.750760  20.684121;
2439186  2.027651  20.684121;
2444288  2.027651  20.456598;
2449375  2.170166  16.528565;
2454528  2.312844  13.388933;
2459603  2.467719  13.404474;
2464675  2.601925  13.530829;
2469821  2.745073  2.557841;
2474854  2.748067 -0.886158;
2479972  2.822995 -8.720652;
2485100  2.897586 -8.953619;
2490252  2.867400 -9.154817;
2495351  2.867400 -19.191509;
2500402  2.809608 -19.352141;
2505549  2.732618 -20.444728;
2510573  2.690940 -19.352141;
2515628  2.633691 -19.208400;
2520723  2.558145 -19.689722;
2525854  2.456721 -19.689722;
2530903  2.352896 -19.689722;
2535989  2.265685 -16.149411;
2541137  2.195305 -14.923155;
2546279  2.115697 -14.154540;
2551354  1.980052 -14.154540;
2556436  1.859888 -14.154540;
2561592  1.767257 -10.545528;
2566684  1.661903 -7.518398;
2571721  1.449662 -4.542782;
2576759  1.449662 -4.481250;
2581902  1.382216 -4.266287;
2587073  1.439741  1.128274;
2592159  1.486565  10.726827;
2597205  1.466424  16.978304;
2602298  1.504837  16.978304;
2607311  1.581630  16.732051;
2612438  1.714732  24.643226;
2617823  2.025907  24.715084;
2622886  2.025907  20.735865;
2628037  2.171777  18.147226;
2633092  2.310273  13.869541;
2638185  2.411035  13.917340;
2643296  2.575575  14.053316;
2648347  2.709485 -3.777064;
2653452  2.828751 -11.233066;
2658539  2.809549 -12.098953;
2663664  2.766066 -12.820927;
2668751  2.760128 -13.250975;
2673766  2.765224 -20.893849;
2679579  2.638105 -20.893849;
2684733  2.638105 -20.893849;
2689882  2.588109 -20.498118;
2695045  2.510765 -19.859266;
2700069  2.434038 -19.412024;
2705074  2.269239 -19.406246;
2710202  2.269239 -19.259695;
2715261  2.125625 -16.846650;
2720339  1.998657 -14.527075;
2725503  1.904859 -12.822753;
2730643  1.812705 -12.444134;
2735734  1.692924 -12.313413;
2740807  1.600246 -9.444457;
2745948  1.535894 -5.119552;
2751076  1.474329 -3.207721;
2756120  1.394600 -3.159348;
2761191  1.336430 -3.137085;
2766327  1.364542  3.321364;
2771332  1.386860  14.921424;
2776413  1.396000  19.152765;
2781533  1.423082  19.122702;
2786698  1.580248  18.842322;
2791856  1.720737  24.200026;
2796893  1.863280  24.417100;
2801951  2.024435  21.964483;
2807002  2.238308  19.454745;
2812051  2.515014  16.985922;
2817052  2.515014  16.985922;
2822166  2.684255  17.177491;
2827489  2.835069 -0.913753;
2832548  2.874737 -3.486138;
2837594  2.984383 -10.084842;
2842759  3.048873 -10.814368;
2847784  3.079439 -10.933658;
2852924  3.073195 -22.124554;
2858013  3.038872 -22.124554;
2863105  2.989390 -22.124554;
2868151  2.929422 -21.911437;
2873205  2.859674 -21.911437;
2878293  2.793248 -21.263308;
2883419  2.716937 -21.263308;
2888587  2.615835 -21.263308;
2893599  2.536430 -19.917771;
2899560  2.433598 -18.594261;
2904708  2.282308 -15.043074;
2909843  2.182737 -14.865681;
2916362  2.013644 -14.865681;
2921388  1.841524 -13.740338;
2926447  1.718991 -12.266758;
2931549  1.580322 -8.369335;
2936716  1.404799 -8.369335;
2941789  1.276579 -8.229174;
2946905  1.199177 -5.542172;
2951994  1.134631 -2.804579;
2957012  1.060985  6.239416;
2962145  1.005298  6.270320;
2967299  0.997314  6.270320;
2972398  1.094895  16.428688;
2977446  1.138538  24.226224;
2982512  1.239623  28.373167;
2987539  1.567915  27.371964;
2992666  1.768739  22.368977;
2997682  1.768739  22.571214;
3002818  1.932131  22.661757;
3007957  2.097394  16.723913;
3013053  2.241649  13.242212;
3018113  2.458802  5.399072;
3023203  2.574998  5.378911;
3028348  2.681275  5.289056;
3033438  2.749819 -13.509591;
3038545  2.768362 -18.559372;
3043598  2.799637 -19.011229;
3048752  2.800495 -19.092775;
3053821  2.784727 -19.260152;
3058905  2.769684 -20.015799;
3064052  2.736744 -19.961421;
3069180  2.681040 -19.840171;
3074315  2.562567 -19.788500;
3079374  2.562567 -17.962306;
3084470  2.504069 -17.676738;
3089495  2.418030 -17.676738;
3094632  2.301543 -17.676738;
3099765  2.238222 -16.248789;
3104863  2.140352 -14.287025;
3109866  2.047585 -11.335040;
3114993  1.948527 -11.335040;
3120069  1.735172 -11.154332;
3125230  1.735172 -8.501504;
3130246  1.651266 -8.138974;
3135415  1.585990 -7.035142;
3140511  1.479542 -6.890214;
3145545  1.376775 -6.874021;
3150569  1.283828 -2.574471;
3155584  1.232984 -0.294598;
3160649  1.217067  6.121061;
3165652  1.231266  6.149399;
3170779  1.274354  6.167149;
3175815  1.382657  18.967306;
3180903  1.490690  26.899051;
3185929  1.635765  23.806487;
3191052  1.959710  21.315364;
3196101  1.959710  18.965349;
3201157  2.117202  18.967306;
3206233  2.263835  19.066619;
3211402  2.408530  14.708300;
3216520  2.570554  8.307550;
3221636  2.633893  0.094690;
3226766  2.671120 -0.288422;
3231827  2.731006 -0.288422;
3236921  2.763312 -19.818133;
3241951  2.734546 -19.818133;
3246964  2.719197 -19.818133;
3252009  2.654341 -19.967625;
3257119  2.654341 -18.224156;
3262165  2.613743 -18.167576;
3267253  2.507569 -18.167576;
3272344  2.507569 -18.167576;
3277441  2.403465 -17.344837;
3282511  2.293776 -17.289701;
3287655  2.293776 -14.817094;
3292706  2.188824 -14.593880;
3297752  2.056422 -14.593880;
3302930  2.056422 -13.527370;
3307944  1.975915 -10.963585;
3313046  1.895738 -8.532642;
3318196  1.780193 -8.382673;
3323334  1.645595 -8.382673;
3328384  1.614737 -8.210663;
3333429  1.471636 -6.204509;
3338474  1.471636 -4.594960;
3343606  1.384994 -4.520457;
3348767  1.297133 -4.439447;
3353792  1.183763 -2.947949;
3358807  1.183763  6.789149;
3363884  1.189437  10.672791;
3368920  1.240542  10.639007;
3373970  1.240542  10.639007;
3379096  1.322893  22.441348;
3384223  1.479734  27.928189;
3389372  1.656996  22.886786;
3394539  1.834155  22.191028;
3399751  2.012485  20.415664;
3404850  2.166945  20.431379;
3409996  2.352152  21.109220;
3415056  2.560869  9.114018;
3420215  2.691898  0.208917;
3425313  2.745584 -4.048959;
3430444  2.808599 -4.292757;
3435505  2.800617 -4.485991;
3440573  2.886790 -19.569009;
3445690  2.886790 -19.569009;
3450727  2.884885 -19.569009;
3455857  2.878473 -19.472472;
3460943  2.860782 -19.671181;
3466093  2.797585 -19.623380;
3471133  2.726398 -19.623380;
3476201  2.684818 -19.444668;
3481264  2.638015 -19.217183;
3486321  2.542098 -15.781230;
3491385  2.473278 -15.395692;
3496516  2.367871 -15.395692;
3501593  2.227228 -15.395692;
3506658  2.155616 -12.569452;
3511769  1.961788 -12.104443;
3516840  1.961788 -10.710517;
3521959  1.811990 -10.710517;
3527123  1.745179 -10.710517;
3532252  1.688029 -8.342890;
3537281  1.618738 -6.650390;
3542359  1.529953 -4.108575;
3547436  1.424681 -3.909310;
3557064  1.309391 -3.909310;
3562165  1.165062 -2.199035;
3567252  1.092762 -1.507377;
3572264  1.055376  11.987018;
3577264  1.011425  11.770919;
3582380  1.118914  11.770919;
3587424  1.244871  21.533815;
3592583  1.359660  28.287658;
3597728  1.555593  23.400845;
3602884  1.754176  21.777759;
3608051  1.939486  21.533815;
3613075  2.290476  21.707440;
3618222  2.290476  21.822536;
3623264  2.449728  12.292309;
3628307  2.592067  4.133435;
3633343  2.700251 -3.715481;
3638440  2.769572 -3.839795;
3643531  2.853105 -4.359288;
3648649  2.853105 -17.261706;
3653674  2.907185 -17.288236;
3658716  2.881539 -17.693638;
3663880  2.881539 -17.693638;
3668993  2.878947 -17.288236;
3674045  2.845780 -17.101567;
3679211  2.782736 -17.101567;
3684347  2.736921 -17.101567;
3689415  2.683610 -16.096319;
3694540  2.610269 -15.051573;
3699647  2.520102 -12.353526;
3704782  2.457852 -14.597101;
3709792  2.451002 -14.597101;
3714937  2.429517 -12.692628;
3720006  2.342572 -10.515035;
3725161  2.209123 -9.023529;
3730259  2.080887 -9.503220;
3735277  2.003531 -8.988667;
3740325  1.974390 -8.551998;
3745327  1.887196 -7.225273;
3750426  1.832679 -5.536564;
3755544  1.794232 -5.430995;
3760678  1.670745 -5.242153;
3765688  1.564584 -5.038332;
3770696  1.564584 -3.227144;
3775753  1.514895 -2.445033;
3780798  1.392146 -2.445033;
3785937  1.293720 -2.445033;
3790988  1.276704 -1.329263;
3796109  1.258514 -0.903272;
3801134  1.195781  1.408323;
3806173  1.176572  1.563956;
3811234  1.214355  1.605870;
3816383  1.274864  7.406153;
3821519  1.332455  20.956707;
3826610  1.453219  24.344792;
3831733  1.683940  22.249550;
3836824  1.683940  17.681132;
3841986  1.836990  17.681132;
3847058  2.130732  17.693017;
3852209  2.130732  13.680667;
3857226  2.324592  8.437507;
3862241  2.486906  7.400161;
3867327  2.498859  7.402761;
3872430  2.568908  7.421258;
3877544  2.659408 -10.340057;
3882551  2.720043 -14.239401;
3887721  2.799896 -14.326511;
3892748  2.822914 -14.634966;
3897897  2.809722 -14.666399;
3902994  2.783633 -16.944937;
3908023  2.782630 -16.764233;
3913044  2.815078 -16.764233;
3918146  2.789791 -16.779657;
3923318  2.682718 -14.949477;
3928380  2.682718 -14.925314;
3933489  2.602469 -14.891015;
3938498  2.504225 -15.183964;
3943531  2.504225 -14.920610;
3948577  2.445114 -14.804191;
3953649  2.445114 -11.750678;
3958661  2.326222 -11.727158;
3963777  2.199439 -11.727158;
3968924  2.143875 -9.326989;
3974010  2.094536 -8.961842;
3979129  1.957564 -8.818631;
3984175  1.957564 -8.818631;
3989176  1.857347 -8.656967;
3994319  1.826090 -4.562361;
3999520  1.779773 -4.283033;
4004623  1.691961 -4.223160;
4009658  1.574444 -4.105380;
4014682  1.574444 -4.080410;
4019723  1.463580 -2.844177;
4024824  1.367233 -2.621470;
4029833  1.329549 -1.983328;
4034870  1.322752 -1.883451;
4039960  1.291001 -1.798230;
4045043  1.176660 -0.551754;
4050106  1.259627  9.739559;
4055139  1.311967  10.557207;
4060211  1.296531  10.420388;
4065270  1.400380  10.420388;
4070321  1.655319  24.770968;
4075377  1.655319  24.805664;
4080522  1.831748  20.486228;
4085647  1.983004  17.685801;
4090669  2.145135  14.387315;
4095750  2.296840  14.714984;
4100878  2.511880  14.714984;
4105895  2.694970  8.236187;
4110970  2.751392  4.993161;
4116114  2.914576 -3.651935;
4121134  3.043263 -3.651935;
4126134  3.079332 -3.848442;
4131161  3.069494 -15.517730;
4136204  3.057952 -16.074904;
4141259  3.104927 -17.402846;
4146314  3.144566 -17.995119;
4151368  3.120920 -18.073756;
4156433  3.107812 -16.947534;
4161525  3.046964 -17.290865;
4166719  2.953412 -17.960385;
4171641  2.942359 -17.397190;
4176782  2.894839 -17.052733;
4181923  2.789792 -15.248577;
4187025  2.763782 -15.248577;
4192161  2.701593 -15.248577;
4197176  2.651654 -14.366873;
4202300  2.594890 -12.371206;
4207427  2.478729 -11.818384;
4212515  2.357647 -11.634475;
4217565  2.302465 -11.371336;
4222714  2.218706 -10.744858;
4227770  2.142817 -7.455957;
4232856  2.057260 -7.159593;
4237925  1.956442 -7.081618;
4242957  1.873064 -7.067606;
4247984  1.792945 -4.626138;
4253290  1.711870 -3.462580;
4258350  1.626943 -3.191105;
4263419  1.463494 -3.191105;
4268549  1.463494 -3.176018;
4273567  1.388315 -1.779898;
4278805  1.314204 -0.518994;
4283854  1.260474 -0.328897;
4288913  1.196349 -0.321043;
4293950  1.141558 -0.321043;
4299099  1.082700  0.767159;
4304217  1.043836  0.987630;
4309239  1.004386  1.223929;
4314367  0.946163  1.308286;
4319437  0.921941  1.334981;
4324494  0.969980  9.033975;
4329502  1.046153  20.025619;
4334618  1.194987  24.662319;
4339642  1.357186  24.662319;
4344676  1.476658  24.330476;
4349845  1.682677  24.353896;
4354983  1.905861  24.438170;
4360042  2.095545  18.954484;
4365046  2.306487  15.603590;
4370185  2.439007  12.192728;
4375255  2.603542  12.325114;
4380310  2.758515  12.645313;
4385322  2.842453 -5.241509;
4390415  3.036825 -12.340442;
4395585  3.036825 -16.943975;
4400675  3.121528 -17.245832;
4405791  3.148774 -17.388182;
4410905  3.192484 -18.430995;
4415984  3.234733 -18.111128;
4421047  3.110063 -17.683552;
4426199  3.110063 -18.111128;
4431354  3.025162 -18.430995;
4436456  3.078118 -18.142527;
4441617  3.078118 -18.142527;
4446677  3.016471 -17.685753;
4451732  2.985695 -16.420757;
4457326  2.909648 -16.169854;
4462474  2.869390 -15.338601;
4467491  2.789900 -15.232939;
4472582  2.696041 -14.719733;
4477616  2.597261 -12.479567;
4482752  2.554232 -11.623969;
4487905  2.486846 -10.928107;
4492911  2.381042 -10.923998;
4498013  2.274663 -10.863601;
4503110  2.207334 -7.495720;
4508262  2.147891 -7.234036;
4513422  2.055872 -5.225404;
4519083  1.945001 -5.200018;
4523688  1.844236 -5.066118;
4528758  1.754359 -4.124383;
4533852  1.586096 -2.592705;
4538943  1.586096 -2.292336;
4544106  1.500802 -2.292336;
4549226  1.419425 -2.222935;
4554367  1.341500 -1.661808;
4559505  1.249599 -0.391116;
4564655  1.158772  0.366602;
4569704  0.982033  0.339699;
4574809  0.982033  0.339699;
4579910  0.895413  0.361084;
4585062  0.801969  0.795654;
4590092  0.715614  1.262076;
4595111  0.668126  1.437289;
4600216  0.666066  1.628634;
4605232  0.635133  16.118948;
4610319  0.601102  26.917921;
4615385  0.671203  26.943158;
4620433  0.802735  26.600401;
4625587  0.955687  25.683422;
4630620  1.135299  30.365068;
4635636  1.354570  30.703412;
4640689  1.585392  27.744284;
4645831  1.780038  24.128788;
4650877  1.979015  18.151196;
4655988  2.132176  18.254216;
4661090  2.285242  18.381609;
4666107  2.412061  6.253683;
4671191  2.588776 -1.210183;
4676269  2.725199 -7.894443;
4681300  2.745365 -8.183733;
4686318  2.751827 -8.493073;
4691411  2.766008 -18.210315;
4696562  2.754315 -18.210315;
4701574  2.709460 -18.554475;
4706664  2.651123 -18.210315;
4711820  2.541406 -18.624285;
4716904  2.433375 -18.682549;
4722118  2.369970 -18.550150;
4727121  2.284884 -18.550150;
4732225  2.107114 -18.353249;
4737383  1.896535 -15.321481;
4742451  1.836026 -13.082788;
4747454  1.709684 -12.704417;
4752527  1.457595 -12.704417;
4757573  1.291512 -10.955338;
4762716  1.176117 -6.881790;
4767807  0.824231 -5.902020;
4772890  0.824231 -5.693970;
4778007  0.616458 -5.585916;
4783096  0.476511 -1.754755;
4788180  0.395640  11.682779;
4793339  0.306583  17.115023;
4798479  0.258625  16.836068;
4803563  0.256751  16.790967;
4808618  0.246980  22.889301;
4813628  0.285345  28.644178;
4818637  0.367883  29.668830;
4823660  0.367883  29.668830;
4828723  0.442930  29.668830;
4833763  0.665498  29.703177;
4838910  0.665498  29.778865;
4844013  0.798465  27.627931;
4849099  0.917635  26.154975;
4854197  1.071816  23.118732;
4859272  1.195578  23.344502;
4864331  1.335208  23.634874;
4869440  1.469686  19.355528;
4874591  1.602100  18.442328;
4879748  1.745748  16.506209;
4884802  1.863148  16.506740;
4889830  2.081844  16.652374;
4894965  2.081844  9.974731;
4900119  2.224614  2.808557;
4905158  2.209476  0.171484;
4910259  2.212446 -0.008872;
4915386  2.245086 -0.198457;
4920486  2.238129 -17.761121;
4925660  2.131155 -23.099257;
4930737  1.950588 -23.401918;
4935906  1.828362 -24.121137;
4941013  1.694805 -20.345929;
4946174  1.544606 -18.240074;
4951324  1.367054 -17.891265;
4956467  1.222745 -17.428375;
4961594  1.112592 -13.625253;
4966629  0.998515  0.833685;
4971773  0.908125  6.483031;
4976775  0.841145  6.494218;
4981811  0.797587  6.496013;
4986903  0.766880  16.238087;
4991930  0.811051  20.928782;
4996950  0.811051  20.181586;
5002103  0.810408  18.822268;
5007180  0.856978  17.307123;
5012418  0.856978  18.545313;
5017586  0.861706  18.545313;
5022615  0.903532  18.400873;
5027739  0.986808  17.140660;
5032761  1.024719  16.401133;
5037769  1.132605  16.524838;
5042942  1.228492  16.524838;
5047989  1.291209  14.374875;
5055820  1.355096  11.780118;
5060950  1.474548  10.489565;
5066072  1.537957  10.514549;
5071163  1.660621  10.514549;
5076309  1.736451  5.762940;
5081451  1.801001  5.125435;
5086625  1.935056  4.812566;
5091645  2.023023  4.766189;
5096803  2.049128  4.761730;
5101897  2.144974  1.453615;
5107041  2.202184  1.262076;
5112079  2.266591  0.983401;
5117085  2.388281  0.983401;
5122109  2.480959  0.983401;
5127149  2.504937  0.146796;
5132279  2.553923 -2.222796;
5137388  2.746209 -3.979684;
5142484  2.842665 -4.031850;
5147644  2.735114 -4.515067;
5152780  2.678402 -18.407720;
5157857  2.616780 -23.699010;
5162904  2.531642 -28.380662;
5168029  2.394227 -28.404797;
5173107  2.211614 -28.823012;
5178151  1.998541 -26.289955;
5183276  1.675553 -25.728212;
5188366  1.675553 -25.695009;
5193381  1.532071 -23.026732;
5198609  1.196044 -21.428911;
5203633  1.196044 -5.829560;
5208647  1.042303 -5.829560;
5213790  1.001435 -5.827399;
5218898  0.988371  6.253179;
5224045  0.930749  16.355579;
5229151  0.914060  16.420127;
5234160  0.939482  16.388979;
5239285  0.943353  16.388979;
5244318  1.002202  16.497138;
5249433  1.056998  16.519560;
5254478  1.134083  14.062843;
5259484  1.241193  14.044948;
5264729  1.311133  13.245636;
5269841  1.322433  13.261521;
5275007  1.499879  13.261521;
5280068  1.562235  11.936137;
5285220  1.651681  9.318261;
5290280  1.799958  8.510336;
5295390  1.861382  8.512117;
5300479  1.969092  8.522636;
5305548  2.096753  3.525140;
5310672  2.184560  3.461237;
5315775  2.303439  3.413929;
5320926  2.426971  3.373806;
5326051  2.487102  3.331904;
5331121  2.609602  1.037466;
5336270  2.737794 -0.593283;
5341275  2.841451 -1.193310;
5346434  2.823885 -1.255549;
5351540  2.825864 -1.428855;
5356633  2.920821 -15.608007;
5361757  2.907923 -19.383026;
5366859  2.876210 -20.624888;
5372037  2.692642 -21.227632;
5377199  2.692642 -21.315270;
5382214  2.586732 -31.436182;
5387379  2.434186 -31.436182;
5392530  2.275026 -31.172436;
5397560  1.956804 -26.374016;
5402704  1.956804 -23.772169;
5407775  1.792048 -21.147393;
5412936  1.680147 -19.733610;
5418102  1.534250 -19.508648;
5423240  1.534250 -0.945589;
5428265  1.486683  12.339735;
5433382  1.458921  12.383305;
5438487  1.487913  12.328740;
5443661  1.478960  12.308375;
5448807  1.503575  12.546451;
5453828  1.547502  12.579779;
5458968  1.584344  12.599350;
5463986  1.617352  11.984391;
5469064  1.689873  11.433271;
5474205  1.805125  11.433271;
5479359  1.893042  11.470908;
5484469  1.927516  10.415323;
5489609  2.073921  8.775588;
5494974  2.141652  7.168674;
5500040  2.144242  7.169140;
5505080  2.218810  7.169864;
5510202  2.357554  2.963091;
5515223  2.469543  2.631236;
5520262  2.537470  1.894124;
5525384  2.570060  1.870878;
5530443  2.661874  1.870878;
5535461  2.773490 -8.578191;
5540470  2.721710 -11.962533;
5545519  2.763167 -13.213770;
5550590  2.798597 -14.115885;
5555708  2.681857 -14.600067;
5560792  2.553408 -27.744848;
5565860  2.473703 -27.752344;
5570919  2.327088 -27.752344;
5576036  2.140069 -27.744848;
5581084  1.960905 -25.934861;
5586245  1.831516 -21.486431;
5591300  1.626109 -21.173608;
5596305  1.409082 -19.773155;
5601326  1.409082 -6.880725;
5606423  1.313424  5.341180;
5611580  1.318141  11.135419;
5616655  1.307797  11.135419;
5621739  1.337791  11.093368;
5626811  1.372146  15.514210;
5631820  1.507289  15.780416;
5636985  1.507289  15.574613;
5642111  1.587533  14.971790;
5647207  1.650894  14.077211;
5652395  1.782543  14.077211;
5657494  1.859976  14.145227;
5662541  1.955232  10.142506;
5667578  2.045239  9.712038;
5672693  2.074970  8.800879;
5677722  2.352442  8.839218;
5682869  2.352442  8.839218;
5687962  2.421916  6.511614;
5693093  2.477870  6.394594;
5698200  2.608191  1.527734;
5703255  2.745115  1.496895;
5708261  2.815740  1.446831;
5713376  2.924620  0.708424;
5718550  3.108144 -5.315722;
5723661  3.138329 -13.354096;
5728798  3.077279 -13.739939;
5733804  3.025761 -15.033293;
5738901  3.003721 -26.745863;
5744011  2.939959 -30.572378;
5749157  2.820995 -30.600258;
5754295  2.632370 -30.713410;
5759396  2.461021 -30.790160;
5764438  2.068286 -26.832602;
5769606  2.068286 -26.730921;
5774746  1.897159 -25.824767;
5779749  1.673951 -23.795261;
5784823  1.448138 -12.143797;
5789924  1.311885 -1.958247;
5794952  1.266686 -1.799746;
5800055  1.256370 -1.738680;
5805293  1.250809  6.892953;
5810228  1.226867  19.920101;
5815291  1.291333  20.644101;
5820422  1.318435  17.085447;
5825465  1.389338  17.003910;
5830482  1.496012  18.862206;
5835484  1.496012  18.890540;
5840611  1.557381  17.875886;
5845725  1.650420  15.095939;
5850882  1.732019  13.356172;
5856033  1.845285  13.356172;
5861180  1.953937  13.356172;
5866229  2.089969  9.452472;
5871322  2.156309  8.944979;
5876451  2.217784  8.304541;
5881521  2.352596  8.346341;
5886546  2.523011  8.365910;
5891692  2.683014  2.412363;
5896843  2.801853  2.345466;
5901869  2.882666  2.181622;
5906934  3.003683  2.063920;
5912020  3.007133  2.033601;
5917053  3.065845 -11.937398;
5922214  3.099499 -22.001674;
5927293  3.099499 -26.666347;
5932454  2.941594 -27.147390;
5937499  2.792643 -27.519136;
5942582  2.667144 -28.489043;
5947611  2.545122 -28.082230;
5952728  2.408465 -27.085756;
5957807  2.151010 -22.529019;
5962915  2.151010 -18.981045;
5967964  2.027179 -14.647303;
5972977  1.852890 -14.558222;
5978000  1.852890 -13.945822;
5983147  1.759533  0.477617;
5988312  1.762057  11.954873;
5993436  1.754851  13.801762;
5998440  1.776099  13.765573;
6003600  1.791311  13.752824;
6008649  1.875062  13.765573;
6013765  1.875062  13.801762;
6018912  1.944039  12.053852;
6023925  2.036210  11.828474;
6029071  2.036210  10.826593;
6034077  2.108420  10.829229;
6039229  2.213631  10.837159;
6044351  2.304410  8.154125;
6049494  2.404005  7.527871;
6054622  2.481395  5.026546;
6059652  2.572711  5.000140;
6064783  2.572711  4.987718;
6069928  2.675771 -4.915009;
6074935  2.615847 -9.244100;
6080017  2.600262 -11.783756;
6085109  2.576762 -12.503854;
6090143  2.503695 -12.689049;
6095175  2.408135 -27.058147;
6100319  2.119710 -27.058147;
6105461  2.119710 -27.034259;
6110613  1.949131 -23.518140;
6115764  1.817351 -20.144903;
6120930  1.696214 -16.701540;
6126032  1.505594 -15.933533;
6131093  1.392891 -15.524596;
6136198  1.289663  0.360475;
6141342  1.289663  7.680111;
6146428  1.291675  16.055501;
6151503  1.312960  15.978808;
6156575  1.342838  15.895878;
6161685  1.409596  16.768382;
6166778  1.456414  16.829219;
6171940  1.536784  16.419836;
6177032  1.632625  16.173876;
6182097  1.755231  14.764902;
6187137  1.857198  14.778087;
6192309  1.972588  14.795737;
6197455  2.104700  11.249847;
6202472  2.213993  10.303895;
6207566  2.324568  8.593057;
6212590  2.424124  8.617744;
6217626  2.571133  8.617744;
6222756  2.759357 -1.219453;
6227760  2.750751 -5.944593;
6232881  2.733098 -8.572016;
6237924  2.733098 -9.066853;
6242988  2.752970 -10.057079;
6248138  2.769331 -26.057337;
6253211  2.701604 -28.720011;
6258329  2.581139 -28.720011;
6263432  2.431672 -28.820626;
6268490  2.286382 -26.704025;
6273589  2.015836 -25.163517;
6278615  2.015836 -24.127410;
6283647  1.879875 -23.832812;
6288822  1.633543 -16.384972;
6293852  1.633543 -7.555529;
6299001  1.601682  2.671929;
6304061  1.552796  2.689158;
6309104  1.538088  2.717490;
6314239  1.569587  11.858778;
6319346  1.611068  17.454960;
6324368  1.669555  18.108758;
6329448  1.744625  15.410801;
6334615  1.800282  13.628444;
6339656  1.990058  14.706041;
6344798  1.990058  14.746045;
6349848  2.093496  12.917305;
6355051  2.212045  12.271271;
6360217  2.427629  11.827777;
6365276  2.427629  11.829979;
6370360  2.538395  11.829979;
6375429  2.610357  4.538535;
6380511  2.683924  2.727398;
6385561  2.787164 -7.192449;
6390652  2.811498 -7.941485;
6395743  2.815782 -8.026809;
6400787  2.750074 -23.057555;
6405822  2.681547 -26.220930;
6410925  2.582086 -26.482923;
6416010  2.452105 -26.730138;
6421102  2.306978 -25.934867;
6426159  2.185012 -23.539763;
6431200  1.937818 -23.367986;
6436259  1.937818 -22.849171;
6441299  1.818999 -17.388361;
6446461  1.669770 -8.743974;
6451570  1.676438 -2.084699;
6456672  1.663227 -1.894299;
6461704  1.626470 -1.778000;
6466855  1.657939  10.242349;
6471876  1.642377  16.333601;
6476910  1.688495  17.011379;
6482050  1.763015  15.919025;
6487214  1.879557  15.037631;
6492287  1.946895  15.070206;
6497397  2.024432  15.192406;
6502531  2.135730  10.380108;
6507564  2.240105  10.240492;
6512570  2.316493  8.475957;
6517571  2.401221  8.476540;
6522692  2.491706  8.487788;
6527762  2.498791  4.313140;
6532898  2.572490  0.183216;
6538016  2.653812 -12.320079;
6543164  2.707619 -12.320079;
6548228  2.689748 -13.263091;
6556338  2.548699 -21.207878;
6561417  2.449103 -22.855488;
6566451  2.315081 -22.855488;
6571581  2.195427 -21.207878;
6576642  2.113160 -20.334335;
6581795  1.875491 -15.602631;
6586879  1.875491 -15.602631;
6592012  1.767068 -15.495368;
6597182  1.700505 -9.893727;
6602303  1.626397  1.595259;
6607353  1.631958  9.303838;
6613113  1.694308  9.297958;
6618096  1.694308  9.297958;
6623234  1.761568  15.271069;
6628235  1.806878  16.327474;
6633368  1.891942  15.187116;
6638434  1.989753  14.456484;
6643489  2.070122  13.489405;
6648835  2.270998  13.556194;
6653940  2.270998  13.633958;
6659070  2.354986  9.712381;
6664189  2.349317  3.960466;
6669412  2.529824 -0.114652;
6674490  2.529824 -0.236436;
6679587  2.454787 -0.535895;
6684634  2.397251 -16.379028;
6689696  2.370175 -20.915230;
6694796  2.323776 -20.545377;
6699918  2.260834 -19.263465;
6704952  2.176780 -18.807570;
6709967  2.062351 -18.120851;
6715135  1.967229 -17.825712;
6720279  1.858828 -17.751250;
6725399  1.645207 -15.548492;
6730487  1.645207 -9.352534;
6735531  1.571809 -4.691147;
6740604  1.548100 -4.587924;
6745684  1.556628 -4.379562;
6750844  1.532982  6.543725;
6755963  1.562415  19.632492;
6761034  1.618499  16.485217;
6766043  1.743774  16.408371;
6771069  1.818000  16.224951;
6776111  2.048196  16.224951;
6781501  2.048196  16.408371;
6786543  2.161026  13.363694;
6791793  2.274345  9.831526;
6796856  2.414221  7.948541;
6801934  2.521983  7.962400;
6806982  2.640065  7.967701;
6812038  2.747046 -7.461689;
6817039  2.758826 -11.959154;
6822176  2.653547 -12.199996;
6827209  2.639714 -12.935413;
6832340  2.667731 -12.935413;
6837443  2.581571 -26.575115;
6842596  2.482714 -26.575115;
6847675  2.359288 -26.575115;
6852706  2.216154 -25.373268;
6857830  2.103676 -22.889894;
6862968  2.016304 -21.289701;
6868115  1.853701 -20.812827;
6873221  1.736744 -20.343423;
6878326  1.642974 -11.762230;
6883350  1.526386 -2.711355;
6888426  1.492416  6.397114;
6893458  1.500601  6.401082;
6898504  1.557307  6.407405;
6903611  1.633853  16.935302;
6908657  1.713703  21.365645;
6913750  1.797530  20.669239;
6918809  1.885481  16.782241;
6923859  1.998487  16.265912;
6928908  2.121585  16.317493;
6934060  2.224424  16.336392;
6939146  2.359329  13.402676;
6944169  2.487148  9.389614;
6949248  2.654987  4.311888;
6954294  2.790390  4.273690;
6959324  2.790390  4.255942;
6964464  2.775616 -16.254604;
6969584  2.781590 -20.461985;
6974598  2.755921 -23.846419;
6979621  2.677619 -24.177337;
6984665  2.563250 -24.054503;
6989789  2.462918 -22.223550;
6994862  2.354854 -22.223550;
6999978  2.231639 -21.693718;
7005121  2.099804 -21.357608;
7010194  1.975321 -19.152398;
7015352  1.856483 -16.898081;
7020619  1.714982 -16.898081;
7025745  1.509162 -16.850925;
7030777  1.509162 -9.863882;
7035861  1.424894  4.847287;
7041029  1.382407  12.351658;
7046125  1.399262  12.351658;
7051201  1.435916  12.351658;
7056254  1.514777  21.869484;
7061315  1.607785  23.097912;
7066420  1.735285  21.520516;
7071464  1.846318  19.733884;
7076551  1.967768  16.944809;
7081629  2.228196  17.103049;
7086794  2.228196  17.462680;
7091878  2.352283  12.030816;
7097035  2.534890  6.649092;
7102113  2.621505  0.073970;
7107278  2.615041 -0.077339;
7112388  2.628692 -0.537419;
7117539  2.631627 -17.218866;
7122707  2.643275 -21.730400;
7127731  2.574128 -21.867557;
7132818  2.517300 -21.730400;
7137888  2.448538 -21.251166;
7142901  2.369943 -21.608209;
7147947  2.295943 -21.293692;
7153013  2.181589 -21.121025;
7158174  2.066085 -18.624666;
7163230  1.980643 -17.115164;
7168346  1.875093 -16.065932;
7173469  1.756692 -15.969307;
7178493  1.644269 -15.863262;
7183566  1.567269 -9.418967;
7188642  1.514341  0.461747;
7193739  1.512878  8.926506;
7198815  1.537905  8.926506;
7203862  1.573097  8.926506;
7208910  1.733636  17.171972;
7213960  1.733636  21.730797;
7219060  1.813366  18.375393;
7224191  1.947416  17.035853;
7229334  2.229397  15.278345;
7234388  2.229397  15.466671;
7239519  2.369645  15.466671;
7244607  2.557777  7.787390;
7249708  2.530677  2.209320;
7254761  2.600386 -0.638686;
7259924  2.686682 -0.869376;
7265132  2.742499 -0.926920;
7270153  2.734359 -20.695969;
7275265  2.679711 -22.130399;
7280435  2.581539 -22.570329;
7285597  2.418127 -22.448319;
7290733  2.418127 -21.003766;
7295851  2.322042 -20.195245;
7300971  2.196523 -20.131437;
7305993  2.069822 -20.131437;
7311068  1.978975 -17.887105;
7316145  1.831461 -15.688673;
7321176  1.678927 -11.037067;
7326260  1.603894 -10.884896;
7331371  1.527721 -10.720953;
7336384  1.510485 -7.886652;
7341471  1.428832  7.632655;
7346486  1.423599  14.427691;
7351595  1.463115  14.427691;
7356625  1.521195  14.427691;
7361678  1.615623  21.887339;
7366770  1.744078  24.512433;
7371877  1.910180  21.800469;
7376991  2.045349  18.606672;
7382139  2.186520  15.229270;
7387289  2.341048  15.329295;
7392330  2.508766  15.419676;
7397487  2.544948  3.779485;
7402502  2.580780 -0.938171;
7407590  2.558421 -6.696790;
7412627  2.558421 -7.008473;
7417630  2.606878 -7.421543;
7422837  2.611546 -19.700759;
7427845  2.529675 -19.700759;
7432906  2.468823 -20.082809;
7438072  2.428267 -19.622728;
7443235  2.359935 -19.271603;
7448397  2.289436 -19.083708;
7453451  2.192155 -19.083708;
7458575  2.095791 -19.079447;
7463666  1.982877 -17.714633;
7468739  1.870417 -15.288186;
7473796  1.748287 -13.437309;
7478902  1.554275 -13.149583;
7484069  1.554275 -13.042694;
7489138  1.457728 -7.860940;
7494218  1.344555  2.026412;
7499324  1.354880  9.556066;
7509465  1.387669  9.539244;
7514727  1.673705  9.515702;
7521652  1.673705  17.411836;
7526683  1.791707  17.487915;
7531693  1.921715  16.869604;
7537028  2.062042  15.509261;
7544061  2.290813  12.717439;
7549130  2.290813  12.726564;
7555196  2.379704  12.894583;
7560638  2.471770 -6.049606;
7566540  2.439441 -14.449577;
7572745  2.439441 -15.446998;
7577834  2.411885 -15.568152;
7590915  2.310915 -15.722298;
7596263  2.247116 -18.029251;
7605744  2.247116 -18.029251;
7610910  2.124314 -18.029251;
7615959  1.995094 -17.557845;
7621013  1.867375 -13.995682;
7626041  1.678926 -12.938864;
7631205  1.678926 -12.793776;
7636323  1.573921 -12.640710;
7641442  1.499309 -8.537062;
7646521  1.403732 -3.335530;
7651630  1.403732  3.113652;
7656683  1.457132  3.191487;
7661816  1.483024  3.317780;
7666895  1.593294  15.737364;
7672013  1.666309  23.135562;
7677071  1.795870  23.677331;
7682129  2.073075  19.366769;
7687149  2.073075  16.289454;
7692296  2.212647  16.299798;
7697343  2.505731  16.445448;
7702483  2.505731  13.672471;
7707567  2.658253  8.871640;
7712728  2.844624  1.907660;
7717840  2.883238  1.682372;
7723014  2.883238  1.682372;
7728093  2.933763 -15.771092;
7733212  2.907951 -21.239786;
7738245  2.879630 -21.239786;
7743292  2.812135 -21.302151;
7748300  2.769919 -21.540544;
7753391  2.717554 -20.566323;
7758490  2.617881 -20.566323;
7763629  2.521204 -20.503577;
7768798  2.430633 -19.502257;
7773850  2.321541 -18.840643;
7778936  2.195289 -17.210468;
7784071  2.071991 -17.210468;
7789166  1.952445 -17.198471;
7794220  1.848610 -14.733024;
7799260  1.720301 -11.606794;
7804291  1.603698 -6.803233;
7809455  1.507196 -6.734924;
7814523  1.428720 -6.634872;
7819578  1.416775 -1.622694;
7824666  1.405941  13.661552;
7829736  1.378063  18.915271;
7834849  1.389528  18.868558;
7839927  1.561954  18.719053;
7845021  1.561954  24.154531;
7850132  1.696857  24.212892;
7855159  1.966703  21.315222;
7860219  1.966703  17.231216;
7865409  2.127975  15.305029;
7870550  2.263162  15.478622;
7875584  2.390205  15.497548;
7880719  2.542310  2.123687;
7885827  2.590847 -1.380880;
7891847  2.715281 -7.246428;
7896936  2.752607 -7.426872;
7902007  2.725928 -7.504726;
7907186  2.733795 -21.398360;
7912195  2.703363 -21.398360;
7917213  2.654544 -21.398360;
7922305  2.581887 -19.669929;
7927426  2.508937 -19.434550;
7932537  2.424274 -19.039923;
7937687  2.352651 -19.039923;
7942823  2.268452 -19.039923;
7947892  2.171661 -17.608990;
7952972  2.074624 -14.353504;
7958033  1.954652 -12.899233;
7963064  1.834009 -12.876825;
7968126  1.731170 -12.876825;
7973276  1.634074 -9.599027;
7978278  1.544725 -6.274026;
7983333  1.457142 -4.772234;
7988425  1.343510 -4.606584;
7993529  1.386276 -4.280962;
7998727  1.438806  9.311009;
8003779  1.456155  21.192067;
8009016  1.532522  25.211200;
8014081  1.628837  23.569859;
8019093  1.794174  20.605724;
8024161  1.939110  20.605724;
8029354  2.053981  20.917116;
8034389  2.185718  13.526169;
8039473  2.316521  9.320779;
8044577  2.482944  7.242880;
8049704  2.528695  7.246103;
8059169  2.580600  7.251607;
8064197  2.818904 -12.350639;
8069268  2.841596 -19.272746;
8074384  2.844509 -19.074633;
8079443  2.774417 -18.503627;
8084649  2.702828 -18.542201;
8089676  2.624986 -19.969672;
8094677  2.585853 -19.969672;
8099768  2.485117 -19.969672;
8104817  2.375145 -17.710059;
8109869  2.295449 -16.485730;
8114923  2.200087 -16.091856;
8120117  2.102411 -16.056139;
8125162  1.991721 -16.045954;
8130288  1.846080 -13.430655;
8135360  1.725726 -10.699274;
8140521  1.559488 -9.982647;
8145673  1.559488 -9.968823;
8150767  1.469082 -9.669152;
8155932  1.420445 -4.016551;
8160957  1.408389  1.776266;
8166031  1.364132  8.903521;
8171128  1.276605  8.903521;
8176201  1.302450  8.903521;
8181247  1.421035  20.542793;
8186254  1.532056  24.183846;
8191386  1.648373  20.423459;
8196437  1.781462  20.393001;
8201447  1.926215  16.949168;
8206577  2.183310  17.024968;
8211629  2.183310  17.278576;
8216663  2.286248  10.654705;
8221716  2.471670  4.388247;
8226850  2.595458 -9.069223;
8231882  2.597544 -9.718533;
8237006  2.616222 -9.869895;
8242167  2.602267 -20.073360;
8247248  2.564652 -20.073360;
8252421  2.515985 -19.917656;
8257450  2.476032 -18.820299;
8262461  2.439724 -17.908613;
8267582  2.374667 -17.251255;
8272706  2.306657 -17.251255;
8277852  2.235556 -17.251255;
8282901  2.052553 -16.444978;
8287973  2.052553 -15.659468;
8292998  1.939700 -12.625372;
8298030  1.782519 -12.534041;
8303057  1.782519 -12.471034;
8308070  1.708619 -10.597658;
8313186  1.548950 -6.052314;
8318240  1.548950 -4.824736;
8323306  1.474577 -4.726409;
8328323  1.523428 -4.098043;
8333415  1.595437  11.143225;
8338460  1.643335  20.297263;
8343599  1.729879  18.311662;
8348623  1.850870  15.929652;
8353761  1.984303  12.647830;
8358919  2.098250  12.647830;
8364051  2.187166  12.670500;
8369169  2.279238  11.231643;
8374324  2.406142  4.725961;
8379334  2.382502 -3.310733;
8384452  2.404310 -3.570736;
8389594  2.420806 -3.918927;
8394657  2.444445 -14.903826;
8399731  2.434328 -15.122995;
8404862  2.377477 -15.275709;
8409876  2.331347 -16.263483;
8414980  2.271570 -16.263483;
8419997  2.214812 -16.082993;
8425079  2.178630 -15.818524;
8430193  2.017440 -15.818524;
8435202  2.017440 -15.558455;
8440246  1.937037 -12.567908;
8445296  1.881139 -12.162405;
8450454  1.780687 -11.824016;
8455461  1.663520 -11.558536;
8460507  1.607228 -9.614177;
8465641  1.551231 -6.580674;
8470783  1.490847 -4.604788;
8475794  1.419692 -4.514296;
8480864  1.381985 -4.263047;
8485904  1.423135  6.730858;
8490959  1.508554  13.974329;
8495984  1.594421  20.783776;
8501061  1.676134  20.768005;
8506158  1.828686  18.194622;
8511215  1.974018  18.207590;
8516292  2.100491  18.220588;
8521384  2.222968  12.727192;
8526402  2.399307  10.076553;
8531554  2.399307  6.733957;
8536612  2.499053  6.728400;
8541757  2.500182  6.718194;
8546881  2.474348 -14.292902;
8551925  2.473105 -16.547427;
8557057  2.521129 -16.547427;
8562109  2.589578 -15.491348;
8567132  2.524798 -15.660125;
8572148  2.467315 -16.194238;
8577182  2.467315 -16.737401;
8582318  2.438004 -16.826994;
8587320  2.388927 -16.905779;
8592471  2.317801 -16.445213;
8597557  2.239798 -15.478324;
8602702  2.161654 -15.336607;
8607722  2.055228 -15.113593;
8612872  1.920426 -12.767359;
8618012  1.820187 -10.859936;
8623054  1.746078 -10.111881;
8628187  1.653214 -10.097036;
8633325  1.565727 -9.803375;
8638392  1.487058 -4.911124;
8643504  1.429164  4.437986;
8648572  1.451378  12.715338;
8653614  1.452702  12.715338;
8658615  1.497820  12.715338;
8663739  1.580326  19.124950;
8668762  1.708592  22.001479;
8673796  1.814352  19.480503;
8678914  1.977947  18.961347;
8683982  2.100202  17.240599;
8689034  2.352682  17.667944;
8694110  2.352682  17.884795;
8699134  2.529770  7.028831;
8704219  2.569166 -3.833846;
8709232  2.545380 -6.276992;
8714335  2.579294 -6.802243;
8719381  2.677440 -6.956668;
8724447  2.677440 -16.874052;
8729536  2.673660 -17.066171;
8734554  2.608251 -17.337109;
8739699  2.608251 -17.725095;
8744799  2.559010 -17.756689;
8749842  2.517090 -17.450948;
8754965  2.410349 -17.421046;
8760102  2.304731 -17.421046;
8765196  2.222430 -16.821490;
8770257  2.128103 -15.230399;
8775353  2.011902 -13.235728;
8780408  1.902484 -13.169795;
8785439  1.796916 -13.126068;
8790496  1.693425 -10.956099;
8795611  1.578552 -7.219108;
8800667  1.464391 -5.285075;
8805693  1.362161 -5.225186;
8810709  1.307728 -4.746662;
8815737  1.248081  5.701600;
8820756  1.256994  18.455573;
8825790  1.284857  22.808737;
8830904  1.304733  22.796853;
8835993  1.383834  22.765532;
8841131  1.485040  27.620641;
8846238  1.589535  27.660151;
8851254  1.687318  21.965747;
8856334  1.795075  18.442849;
8861357  1.902579  15.705690;
8866370  2.024405  15.753344;
8871492  2.137685  15.848732;
8876679  2.161975  4.150487;
8881786  2.203282  0.002816;
8886834  2.205162 -4.983164;
8891974  2.213765 -5.801022;
8897058  2.104147 -5.901551;
8902227  1.927017 -12.981742;
8907366  1.927017 -12.873459;
8912520  1.786037 -12.868924;
8917549  1.630286 -11.110664;
8922694  1.505491 -10.540026;
8927724  1.385280 -7.878274;
8932852  1.303427 -7.251613;
8937928  1.202089 -7.251613;
8942999  1.111234  4.250033;
8948154  1.038314  15.997535;
8953285  1.004756  18.300716;
8958424  1.007312  18.095026;
8963532  1.002574  17.979678;
8968603  1.042043  20.443367;
8973621  1.079795  20.629402;
8978750  1.105468  20.431358;
8983806  1.155006  20.080586;
8988956  1.237264  19.819247;
8993960  1.237264  20.080586;
8999100  1.291019  20.119907;
9004254  1.383626  17.590685;
9009421  1.440684  16.073007;
9014574  1.505064  15.847950;
9019599  1.578355  15.895792;
9024701  1.673831  15.916667;
9029761  1.673831  12.605390;
9034895  1.777859  11.024837;
9039920  1.821802  9.239589;
9044967  1.866805  9.245567;
9050115  1.927571  9.248760;
9055131  1.946050  7.156821;
9060156  2.000240  6.001590;
9065257  2.073552  4.935153;
9070300  2.131596  4.907886;
9075406  2.131596  4.905120;
9080551  2.159123  2.409646;
9085595  2.173743  1.230010;
9090636  2.191271 -2.833975;
9095705  2.145565 -2.974376;
9100737  2.094187 -3.124864;
9105866  1.990944 -9.007753;
9110924  1.894560 -8.766615;
9115950  1.844375 -8.603768;
9120992  1.765426 -6.482445;
9126017  1.695693 -2.994437;
9131106  1.615686 -1.704760;
9136215  1.516401 -1.698999;
9141246  1.439230 -1.622721;
9146278  1.345531  0.759579;
9151427  1.273479  2.593794;
9156469  1.192677  4.915545;
9161628  1.132990  4.915545;
9166770  1.081252  4.922110;
9171852  1.053902  7.992592;
9176949  0.970000  7.995522;
9182042  0.910285  8.247197;
9187057  0.871844  7.743775;
9192106  0.819636  7.743775;
9197252  0.797522  8.247197;
9202401  0.781622  8.714385;
9207533  0.736587  10.269990;
9212601  0.716382  8.252854;
9217624  0.758443  8.247197;
9222737  0.716390  8.767203;
9227868  0.661561  8.767203;
9233074  0.688753  8.729230;
9238336  0.658957  7.781877;
9243443  0.663063  7.781877;
9248508  0.637576  8.193570;
9253532  0.611255  8.222628;
9258584  0.649424  7.707740;
9263694  0.656683  6.565311;
9268899  0.688483  6.567970;
9274136  0.781269  6.905197;
9279209  0.854556  6.904894;
9284330  0.901190  6.455376;
9289396  0.978181  5.690331;
9294499  0.978181  5.311278;
9299543  0.991278  5.293572;
9304653  1.054511  5.289273;
9309683  1.221677  3.197182;
9314779  1.221677  2.941702;
9319840  1.259692  2.815724;
9324870  1.323370  2.815724;
9329922  1.389179  2.806641;
9335090  1.389179  1.861363;
9340238  1.462487  0.406521;
9345324  1.513544  0.097148;
9350344  1.556027  0.097148;
9355434  1.587727  0.431286;
9360461  1.640112  0.071156;
9365634  1.700062 -0.442807;
9370740  1.812258 -1.352737;
9375888  1.896341 -1.471030;
9380948  2.023879 -1.471030;
9386043  2.023879 -2.152362;
9391155  2.106030 -3.562711;
9396169  2.165745 -3.562711;
9401232  2.211530 -3.063670;
9406374  2.332996 -3.442056;
9411463  2.332996 -3.482005;
9416617  2.382108 -3.897281;
9421736  2.475932 -4.112613;
9426884  2.475932 -4.141199;
9432035  2.527343 -4.173860;
9437138  2.558533 -4.519792;
9442247  2.576968 -4.771488;
9447256  2.608801 -6.381569;
9452425  2.649226 -5.192037;
9457433  2.666518 -5.247113;
9462586  2.637792 -6.746425;
9467761  2.637792 -6.746425;
9472916  2.669799 -6.746425;
9478010  2.701019 -6.474328;
9483040  2.701019 -4.954739;
9488171  2.713891 -4.618987;
9493201  2.722361 -5.081666;
9498238  2.737306 -5.041389;
9503246  2.752388 -4.999160;
9508408  2.746395 -4.999160;
9513553  2.758186 -5.472148;
9518616  2.736948 -5.607004;
9523717  2.750213 -5.589962;
9528739  2.743797 -5.441336;
9533748  2.733149 -5.401928;
9538783  2.715326 -5.471413;
9543895  2.715326 -5.471413;
9549029  2.703160 -5.556949;
9555712  2.662344 -5.469942;
9561339  2.632673 -5.471413;
9566472  2.632673 -5.832797;
9571579  2.626530 -5.761048;
9576673  2.586346 -5.741104;
9581708  2.570801 -5.761048;
9586857  2.537026 -5.761048;
9591989  2.524693 -5.777594;
9597104  2.463667 -5.753542;
9602165  2.434392 -5.747543;
9607216  2.394994 -5.058153;
9612419  2.338363 -5.080980;
9617481  2.332097 -4.868770;
9622586  2.293967 -4.868770;
9627612  2.255903 -4.851257;
9632620  2.248469 -3.272688;
9637756  2.209255 -3.273912;
9642764  2.164648 -3.420504;
9647845  2.168594 -3.360676;
9652866  2.119539 -3.360676;
9657879  2.081756 -3.266250;
9662892  2.060297 -2.696917;
9668030  2.027626 -2.699168;
9673078  1.995748 -2.651802;
9678242  1.951828 -2.722430;
9683374  1.925229 -2.722430;
9688413  1.913838 -2.756702;
9693448  1.860996 -2.699168;
9698579  1.849974 -2.651802;
9703598  1.807603 -2.798092;
9708754  1.798455 -2.651802;
9713842  1.753797 -2.352148;
9719105  1.753797 -1.498884;
9724122  1.715439 -1.498884;
9729134  1.730959 -1.447320;
9734155  1.747764  1.888984;
9739238  1.749497  1.884360;
9744338  1.743880  0.689049;
9749412  1.758605  0.727663;
9754471  1.737660  0.750159;
9759519  1.737476  0.727663;
9764695  1.762301  0.727663;
9769809  1.812925  0.692635;
9774927  1.801652  0.511851;
9779933  1.828150  0.541361;
9785053  1.841916  0.632886;
9790156  1.863616  0.611650;
9795196  1.892296  0.035147;
9800359  1.906694 -0.030583;
9805430  1.930666 -0.400672;
9810568  1.955720 -0.400672;
9815676  1.988359 -0.400672;
9820893  1.988359 -1.055501;
9825943  2.002904 -1.903945;
9830987  2.040536 -1.855467;
9836103  2.040536 -1.927934;
9841158  2.065578 -1.936623;
9846274  2.093274 -1.979636;
9851365  2.093274 -2.014091;
9856378  2.100084 -2.133425;
9861509  2.128615 -2.133425;
9866661  2.128615 -2.133425;
9871689  2.132164 -3.688861;
9876794  2.158554 -3.878152;
9881951  2.158554 -3.878152;
9886955  2.168444 -4.246806;
9892095  2.175261 -3.771446;
9897320  2.175261 -3.537667;
9902450  2.181971 -3.753409;
9907600  2.203675 -3.753409;
9912765  2.193502 -3.608732;
9917917  2.206798 -3.537667;
9923016  2.202206 -2.882750;
9928150  2.199724 -2.866857;
9933188  2.196481 -3.497863;
9938228  2.203758 -2.882750;
9943310  2.241394 -2.778302;
9948487  2.230502 -2.829968;
9953636  2.250153 -2.829968;
9958708  2.274793 -3.097829;
9963802  2.274793 -2.905203;
9968948  2.269202 -2.817250;
9973948  2.274515 -2.841056;
9978962  2.303341 -2.774537;
9984034  2.278892 -2.811335;
9989049  2.279638 -2.843404;
9994132  2.279638 -2.905203;
9999259  2.270024 -2.806490;
10004329  2.295081 -2.806490;
10009406  2.261691 -3.359308;
10014457  2.281023 -2.806490;
10019460  2.281023 -2.590919;
10024602  2.266366 -2.806490;
10029657  2.308296 -2.726702;
10034799  2.286079 -2.726702;
10039814  2.259554 -2.806490;
10044970  2.324720 -1.614295;
10050026  2.335316 -2.273281;
10055128  2.290786 -2.685011;
10060209  2.336830 -2.685011;
10065228  2.385206 -2.482945;
10070439  2.355194 -2.645919;
10075440  2.355194 -3.418338;
10080564  2.390210 -3.405481;
10085636  2.356659 -3.405481;
10090648  2.316324 -3.418338;
10095790  2.332249 -3.418338;
10100856  2.346703 -2.770182;
10106001  2.309008 -3.688787;
10111090  2.289694 -3.688787;
10116218  2.372914 -3.576324;
10121399  2.388072 -3.001595;
10126436  2.366487 -3.831068;
10131566  2.456278 -3.959674;
10136595  2.472030 -3.862326;
10141691  2.378248 -3.959674;
10146730  2.378248 -4.086917;
10151942  2.385027 -5.105279;
10157050  2.337492 -8.838998;
10162065  2.303110 -10.097464;
10167198  2.265755 -9.224995;
10172285  2.208087 -8.838998;
10177447  2.110666 -9.472213;
10182555  2.063035 -9.662956;
10187646  2.081644 -9.388427;
10192714  2.010845 -9.343895;
10197846  1.895567 -3.580833;
10202985  1.861141 -1.701603;
10208158  1.786141 -1.700052;
10213263  1.786141 -1.700052;
10218302  1.798699  0.592973;
10223400  1.825755  0.592973;
10228441  1.825755  0.562809;
10233454  1.812988  0.562809;
10238670  1.760877  0.562809;
10243743  1.739784  0.919480;
10248866  1.768953  1.027342;
10254001  1.756878  1.253458;
10259088  1.775110  0.974683;
10264171  1.775110  0.996628;
10269280  1.719245  1.272112;
10274414  1.765534  1.272112;
10279481  1.765534  1.629389;
10284558  1.741948  0.325912;
10289637  1.787961  0.350241;
10294772  1.838023  0.469680;
10299858  1.808241  0.388897;
10304952  1.850254 -0.066899;
10310048  1.850254 -0.054824;
10315245  1.913982 -0.054824;
10320411  1.899273 -0.066899;
10325591  1.964627 -0.066899;
10330640  1.983735 -0.299052;
10335686  2.000047 -1.018100;
10340716  2.037574 -1.383096;
10345895  2.024336 -1.482994;
10351012  2.063682 -1.159321;
10356051  2.087909 -1.152652;
10361134  2.091764 -1.541214;
10366295  2.138413 -1.482994;
10371354  2.144056 -1.541214;
10376436  2.164533 -1.541214;
10381471  2.211599 -1.961257;
10386513  2.217181 -2.208303;
10391580  2.248866 -2.579906;
10396684  2.327088 -2.620133;
10401875  2.327088 -2.620133;
10406923  2.312119 -2.777349;
10412070  2.308351 -3.251434;
10417092  2.318262 -3.251434;
10422296  2.282043 -3.477107;
10427330  2.315382 -3.477107;
10432396  2.354203 -4.349710;
10437535  2.358079 -4.349710;
10442643  2.312779 -4.592917;
10447686  2.357122 -4.349710;
10452753  2.417070 -3.922264;
10457890  2.371863 -4.405084;
10463059  2.371166 -4.843567;
10468084  2.405583 -4.843567;
10473141  2.407356 -4.513076;
10478262  2.410037 -4.535665;
10483303  2.410037 -5.339026;
10488440  2.434443 -5.326645;
10493598  2.435354 -5.221303;
10498626  2.399809 -5.306304;
10503788  2.332113 -5.326645;
10508908  2.296894 -5.980169;
10514068  2.256958 -5.845882;
10519132  2.256958 -5.845882;
10524193  2.170686 -4.612306;
10529202  2.164938 -4.152146;
10534308  2.192325 -2.734026;
10539436  2.177055 -3.153544;
10544556  2.180039 -3.198404;
10549637  2.182432 -3.198404;
10554742  2.201369 -3.141498;
10559868  2.236607 -2.984225;
10564882  2.169117 -2.984225;
10570024  2.147692 -3.181496;
10575087  2.140087 -3.286855;
10580212  2.163671 -3.286855;
10585390  2.188171 -3.199349;
10590446  2.135926 -4.053973;
10595489  2.135086 -3.904130;
10600564  2.141639 -3.060535;
10605570  2.107208 -1.948100;
10610790  2.073666 -1.445516;
10615878  2.005417 -3.167972;
10620990  2.116376 -2.912545;
10626123  2.116376 -1.752295;
10631211  2.075164 -1.206273;
10636256  2.056336 -1.030513;
10641373  2.017372 -1.798612;
10646525  2.013006 -1.926325;
10651609  2.062372 -1.953487;
10656682  2.102821 -1.172323;
10661796  2.090825 -0.741000;
10666858  2.022478 -0.741000;
10671881  1.995207 -1.718257;
10677008  2.092263 -1.718257;
10682100  2.187141 -1.063974;
10687227  2.180931 -1.428091;
10692378  2.125013 -2.213436;
10697453  2.098088 -3.161435;
10702548  2.139007 -3.713905;
10707481  2.160096 -3.768422;
10712627  2.141841 -5.083108;
10717635  2.124370 -5.394140;
10722684  2.130993 -5.585572;
10727708  2.124642 -5.313600;
10732792  2.097997 -5.004459;
10737852  2.067813 -2.877016;
10743017  2.027188 -2.877016;
10748140  2.014146 -2.852863;
10753188  2.026357 -1.116577;
10758209  1.968643 -1.136622;
10763283  1.968643 -2.160440;
10768322  2.016216 -2.059569;
10773338  2.050113 -1.991750;
10778369  2.082783 -1.355789;
10783443  2.119507 -1.106210;
10788586  2.116147 -1.400829;
10793613  2.124871 -1.400829;
10798770  2.150438 -1.734087;
10803845  2.217094 -1.389273;
10808963  2.223224 -1.142115;
10814049  2.141619 -1.400829;
10819167  2.114839 -2.056971;
10824205  2.186539 -3.331937;
10829360  2.248197 -2.644744;
10834470  2.256037 -2.660256;
10839615  2.227844 -5.134496;
10844685  2.239989 -6.191993;
10849847  2.299174 -9.878271;
10854959  2.262773 -7.021737;
10860126  2.149108 -7.121746;
10865281  2.062659 -12.075436;
10870432  2.047951 -12.066786;
10875534  1.978560 -12.066786;
10880552  1.842744 -11.184571;
10885645  1.842744 -10.567945;
10890752  1.782181 -10.156992;
10895856  1.693617 -10.092055;
10901024  1.578845 -9.880908;
10906189  1.505161 -7.764035;
10911245  1.505209  3.418746;
10916392  1.483283  7.055938;
10921414  1.483283  7.055828;
10926579  1.518714  7.055789;
10931653  1.541639  7.055789;
10936669  1.541639  7.055789;
10941699  1.568183  6.131685;
10946856  1.625902  5.699749;
10951975  1.678348  5.706025;
10957042  1.679998  5.699749;
10962144  1.718996  5.683395;
10967208  1.822291  4.011313;
10972361  1.890684  3.873210;
10977413  1.940964  3.018529;
10982488  1.981274  2.956776;
10987559  2.083713  2.956776;
10992593  2.133387  3.333020;
10997671  2.113836  1.262321;
11002773  2.206955 -0.891679;
11007942  2.318273  0.910109;
11013051  2.297370  0.794236;
11018135  2.299524 -1.343607;
11023235  2.411303 -2.048487;
11028359  2.512806 -4.167852;
11033441  2.529143 -4.581713;
11038480  2.529143 -4.670647;
11043619  2.572541 -11.897857;
11048693  2.535911 -15.093371;
11056501  2.157456 -19.375755;
11062997  2.157456 -19.566569;
11068088  2.039548 -19.626904;
11073156  1.946171 -18.991479;
11078308  1.848185 -18.811938;
11083402  1.687106 -18.670509;
11088420  1.536278 -16.477902;
11093469  1.393332 -9.562585;
11098540  1.257093 -4.112446;
11103556  1.257093 -3.878900;
11108588  1.183968 -3.878900;
11113641  1.190391  6.602740;
11118761  1.238269  13.079324;
11123775  1.229914  13.842154;
11128937  1.212738  12.622801;
11133999  1.221810  12.622801;
11139120  1.273212  13.010676;
11144183  1.376110  13.870934;
11149420  1.424392  13.044010;
11154538  1.517948  10.642230;
11159609  1.591523  10.642230;
11164635  1.623584  10.662423;
11169707  1.768273  10.662423;
11174752  1.872432  9.806054;
11179804  1.918347  6.738116;
11185001  2.038331  5.269816;
11190031  2.116256  5.262387;
11195169  2.217134  5.255530;
11200228  2.292566  1.645011;
11205320  2.385220  1.432125;
11210359  2.531856 -0.012997;
11215526  2.531856 -0.020456;
11220627  2.651613 -0.044598;
11225644  2.753681 -1.765598;
11230778  2.843652 -2.639233;
11235843  2.964447 -7.836386;
11240995  2.985605 -8.069090;
11246125  2.965007 -8.128822;
11252053  2.915890 -19.751422;
11257195  2.915890 -22.252646;
11262306  2.830997 -27.012522;
11267350  2.673424 -27.383566;
11272448  2.541442 -27.447246;
11277557  2.337803 -27.466386;
11282600  1.932364 -27.295738;
11287697  1.932364 -26.992614;
11292805  1.731255 -23.658028;
11297904  1.563402 -21.373730;
11302951  1.365057 -15.274634;
11308107  1.186725 -14.448673;
11313118  1.109670 -14.291767;
11318202  1.095144  2.106516;
11323285  1.062398  11.385056;
11328345  0.992370  16.923473;
11333503  0.978551  16.774158;
11338601  1.013603  16.498197;
11343688  1.068445  16.725375;
11348705  1.119751  16.961825;
11353739  1.177322  17.218790;
11358893  1.196852  16.684640;
11363954  1.240965  13.925604;
11368965  1.505954  13.925604;
11374001  1.505954  13.999870;
11379039  1.533488  15.293925;
11384111  1.530767  14.007216;
11389142  1.713871  8.650576;
11394301  1.865886  8.659859;
11399430  1.965412  8.660699;
11404505  2.097053  7.483963;
11409555  2.201894  4.804686;
11414713  2.291608  4.353804;
11419805  2.423992  4.246547;
11424840  2.638317  4.246547;
11430000  2.638317  0.544114;
11435109  2.748026 -0.122827;
11440231  2.877632 -1.160892;
11445241  2.901179 -1.242127;
11450332  2.921419 -1.325971;
11455368  3.005216 -11.291777;
11460506  3.076267 -18.231218;
11465586  2.972261 -20.518921;
11470673  2.983594 -20.843986;
11475726  2.973429 -21.159542;
11480782  2.795696 -31.059951;
11485859  2.685129 -32.326049;
11490979  2.496592 -32.326049;
11496151  2.083422 -31.059951;
11501160  2.083422 -29.508902;
11506163  1.875768 -23.116291;
11511283  1.717552 -22.963946;
11516420  1.525972 -22.709054;
11521565  1.335441 -17.058711;
11526692  1.179529  2.517887;
11531848  1.137505  5.990101;
11536944  1.046123  5.990101;
11541981  1.024966  5.998772;
11547139  1.024966  17.654792;
11552215  1.064034  19.810734;
11557371  1.197158  19.755988;
11562506  1.197158  18.763690;
11567699  1.274976  17.873594;
11572834  1.336430  17.912039;
11577879  1.432475  17.941656;
11582963  1.652462  15.032408;
11588014  1.774487  15.032408;
11593171  1.766861  10.388882;
11598265  1.860760  10.389641;
11603378  2.014833  10.487428;
11608383  2.105042  8.649226;
11613385  2.372914  7.945670;
11618460  2.372914  4.817891;
11623543  2.453309  4.797560;
11628655  2.511365  4.797560;
11633716  2.720342  1.278158;
11638788  2.798043  1.286584;
11643890  2.788141  0.024738;
11648978  2.873287  0.014498;
11654112  3.051959 -0.303996;
11659232  3.182199 -9.635223;
11664279  3.159149 -12.753462;
11669391  3.158966 -17.404993;
11674441  3.186096 -17.526827;
11679517  3.170993 -17.526827;
11684574  3.074287 -26.252488;
11689610  2.997167 -27.166833;
11694690  2.886077 -29.458478;
11699697  2.774675 -28.110499;
11704724  2.627379 -27.521986;
11709843  2.452978 -26.304829;
11715007  2.125570 -26.103025;
11720165  2.125570 -25.664960;
11725325  1.973005 -22.523958;
11730356  1.794305 -14.818267;
11735394  1.578749 -7.246844;
11740513  1.470422 -7.227248;
11745590  1.433816 -7.212586;
11750593  1.378250  2.388867;
11755605  1.312303  15.302497;
11760737  1.319122  18.015241;
11765848  1.308593  17.884895;
11770994  1.353899  17.767723;
11776101  1.405408  17.767723;
11781113  1.437267  17.778489;
11786253  1.552888  17.024365;
11791411  1.552888  15.904603;
11796578  1.575892  14.973674;
11801613  1.729255  15.109466;
11806768  1.892267  15.158723;
11811771  2.003404  12.539578;
11816883  2.058179  10.298811;
11821966  2.116488  9.653307;
11827089  2.190259  9.653307;
11832112  2.321550  9.653307;
11837219  2.475240  3.984000;
11842313  2.580079  3.763904;
11847327  2.645415  3.245266;
11852392  2.767330  3.241339;
11857446  2.952849  3.152628;
11862460  2.956408 -6.895693;
11867460  2.971382 -9.469071;
11872546  2.900704 -12.517617;
11877582  2.854202 -13.538864;
11882648  2.872740 -13.852439;
11887657  2.815476 -27.827701;
11892709  2.743333 -31.330260;
11897874  2.396869 -31.330260;
11903040  2.396869 -30.546624;
11908158  2.198756 -28.229082;
11913181  2.008969 -27.502693;
11918273  1.816149 -27.027654;
11923405  1.651232 -26.728296;
11928446  1.500885 -20.274230;
11933596  1.332155 -11.228439;
11938611  1.241745  0.656948;
11943619  1.239342  0.898443;
11948640  1.202231  0.898443;
11953737  1.180699  8.719797;
11958766  1.186622  15.716774;
11963816  1.190278  17.065163;
11968851  1.231960  17.065163;
11973954  1.276669  17.065163;
11979066  1.336200  17.239430;
11984234  1.402860  17.239430;
11989339  1.488556  15.617696;
11994430  1.586729  15.031212;
11999460  1.659761  14.729294;
12004704  1.773886  14.731029;
12009720  1.901953  14.907641;
12014805  2.011586  9.769777;
12019925  2.094392  9.700111;
12025036  2.188906  7.956441;
12030132  2.362962  7.965676;
12035229  2.539970  7.971537;
12040258  2.602582  3.758449;
12045278  2.714458  3.437028;
12050443  2.821918  0.856919;
12055446  2.921797  0.806594;
12060485  3.091946  0.556779;
12065494  3.208122 -14.340176;
12070620  3.163393 -17.104904;
12075733  3.023827 -18.455831;
12080797  2.934690 -19.094315;
12085854  2.854526 -20.167788;
12090898  2.776788 -32.054037;
12095899  2.674570 -32.054037;
12100948  2.508782 -32.054037;
12105961  2.329186 -31.057315;
12110963  2.133229 -27.412969;
12116099  1.988371 -23.178882;
12121237  1.821950 -23.000862;
12126299  1.657739 -22.826258;
12131422  1.549707 -15.605733;
12136464  1.463525  1.471923;
12141464  1.372663  7.138189;
12146618  1.358368  7.138189;
12151691  1.358368  7.138189;
12156885  1.349432  17.205532;
12161930  1.409368  18.071949;
12167004  1.409368  17.099768;
12172151  1.466547  16.871075;
12177178  1.537160  15.767782;
12182286  1.605859  15.891188;
12187364  1.684087  15.891188;
12192370  1.810608  12.923418;
12197381  1.810608  11.960922;
12202469  1.845885  11.379450;
12207615  1.932585  11.454389;
12212728  2.116632  11.454389;
12217834  2.325025  8.107290;
12222895  2.443603  7.496031;
12227947  2.472239  6.689711;
12233040  2.621109  6.689407;
12238202  2.705988  6.688857;
12243298  2.737916 -3.203244;
12248462  2.836810 -11.918754;
12253519  2.890431 -13.991604;
12258656  2.876195 -14.971650;
12263682  2.745996 -15.040081;
12268751  2.745996 -27.274697;
12273890  2.638666 -30.558448;
12279023  2.502707 -30.558448;
12284133  2.162790 -30.203632;
12289221  2.162790 -27.549997;
12294354  1.978582 -26.629987;
12299423  1.823740 -26.509032;
12304535  1.656588 -25.915612;
12309632  1.519002 -18.717658;
12314738  1.443218 -2.061317;
12319843  1.379967  4.372220;
12324855  1.284735  4.372220;
12330011  1.312405  4.372220;
12335040  1.319499  17.160897;
12340835  1.338050  19.483406;
12345539  1.390481  17.107552;
12350578  1.456812  16.099150;
12355591  1.544523  16.031322;
12360683  1.608553  16.034840;
12365817  1.666168  16.099150;
12370953  1.741502  14.725505;
12376091  1.852896  12.974159;
12381162  1.954998  12.684888;
12386234  2.108995  12.751160;
12391287  2.273206  12.776579;
12396359  2.427543  7.238237;
12401476  2.477537  7.191724;
12406640  2.502467  6.005728;
12411666  2.610093  5.988569;
12416771  2.720136  5.963443;
12421836  2.815894 -9.204856;
12426895  2.846022 -15.997212;
12432058  2.809537 -20.804433;
12437154  2.778962 -21.766064;
12442289  2.738514 -21.819352;
12447433  2.615597 -31.270812;
12452511  2.472753 -31.270812;
12457512  2.130364 -31.013957;
12462611  2.130364 -27.960931;
12467777  1.989547 -24.715524;
12472803  1.845381 -19.356935;
12477943  1.739307 -18.958879;
12482962  1.616584 -18.459817;
12487991  1.575330 -5.934017;
12493133  1.486470  8.046837;
12498265  1.486470  13.019358;
12503279  1.519074  12.988918;
12508305  1.535858  12.974157;
12513341  1.535858  14.702786;
12518504  1.579076  15.336986;
12523616  1.654718  15.086474;
12528703  1.726568  15.086474;
12533748  1.810338  14.660324;
12538893  1.884789  14.682590;
12543927  1.982082  14.682590;
12548973  2.099257  11.666835;
12557879  2.392126  11.070506;
12562905  2.392126  8.701032;
12568022  2.498947  8.718533;
12573052  2.613523  8.718533;
12578222  2.720659 -2.956543;
12583336  2.683492 -6.348716;
12588414  2.704894 -11.741418;
12593615  2.644316 -12.362412;
12598695  2.590886 -12.899758;
12603754  2.531525 -27.180539;
12608773  2.401390 -28.539685;
12613798  2.246423 -28.539685;
12618955  2.095874 -27.180539;
12624025  1.925584 -25.851543;
12629112  1.805965 -21.663417;
12634122  1.682760 -21.526380;
12639239  1.538894 -21.041674;
12644280  1.427852 -12.112809;
12649283  1.335623  3.858634;
12654358  1.318942  6.635906;
12659469  1.339871  6.637604;
12664486  1.339256  6.637604;
12669619  1.369482  16.943735;
12674768  1.451071  17.823929;
12679896  1.531656  16.816281;
12684929  1.597390  14.853797;
12690022  1.673316  14.795487;
12695083  1.753530  14.821589;
12700096  1.884507  14.821589;
12705107  1.998629  13.172178;
12710113  2.072732  11.969770;
12715252  2.162773  11.370108;
12720345  2.268112  11.488561;
12725527  2.393502  11.521688;
12731433  2.510363  4.412263;
12736581  2.618981  3.557797;
12741693  2.725880  2.408647;
12746773  2.959155  2.384781;
12751934  2.959155  2.218301;
12757048  2.996591 -13.216255;
12762159  2.905680 -16.510573;
12767213  2.884816 -18.353418;
12772258  2.819278 -18.635856;
12777354  2.762097 -18.870940;
12782428  2.683254 -29.979391;
12787442  2.566872 -29.979391;
12792464  2.416767 -29.979391;
12797516  2.257413 -28.846841;
12802517  2.074085 -25.168796;
12807604  1.890393 -21.895429;
12812660  1.754296 -21.551494;
12817784  1.634235 -21.310587;
12822934  1.470589 -15.918998;
12827988  1.360679  0.319355;
12833120  1.283063  5.025822;
12838226  1.265571  5.029555;
12843364  1.265571  5.029555;
12848365  1.294879  18.039172;
12853402  1.336347  19.490087;
12858490  1.428675  18.019369;
12863592  1.521045  16.017095;
12868774  1.594352  15.412320;
12873938  1.679330  15.447055;
12879067  1.773001  15.483042;
12884108  1.869130  14.507566;
12889179  1.991470  13.917724;
12894328  2.098705  11.268998;
12899399  2.195799  11.269484;
12904513  2.311434  11.333077;
12909704  2.430159  6.144516;
12914869  2.543181  3.903298;
12919874  2.643494  1.966185;
12925028  2.764387  1.919630;
12930036  2.867122  1.788461;
12935167  2.890489 -11.504996;
12940255  2.834567 -15.612535;
12945316  2.825798 -20.628309;
12950391  2.635672 -21.573432;
12955520  2.635672 -21.777362;
12960697  2.541245 -28.404812;
12965761  2.397681 -28.404812;
12970840  2.206766 -28.397831;
12975895  2.030445 -24.346763;
12980908  1.902651 -21.495862;
12985927  1.762564 -17.323213;
12991059  1.644224 -16.306501;
12996146  1.546726 -16.269561;
13001233  1.483866 -1.396823;
13006266  1.479487  8.976300;
13011404  1.489677  15.613457;
13016616  1.509493  15.507603;
13021779  1.582612  15.476877;
13026837  1.582612  15.476877;
13031850  1.656406  15.507603;
13036918  1.726865  13.885226;
13041938  1.797130  11.944599;
13047005  1.891407  11.558462;
13052127  1.957752  11.579256;
13057145  2.057503  11.608162;
13062299  2.165303  10.701358;
13067356  2.271698  8.459950;
13072487  2.378289  8.084658;
13077618  2.463685  8.086789;
13082676  2.584040  8.086789;
13087764  2.584040  0.738958;
13092793  2.622073 -1.363349;
13097916  2.708420 -11.888950;
13103061  2.785782 -12.594202;
13108131  2.733360 -13.696374;
13113208  2.718933 -22.402764;
13118335  2.666893 -29.785202;
13123346  2.506087 -29.785202;
13128489  2.354083 -29.260011;
13133596  2.204709 -26.862369;
13138628  2.014551 -22.952720;
13143718  1.898017 -22.020408;
13148783  1.768834 -21.493650;
13153840  1.619909 -18.774739;
13158890  1.466509 -6.744370;
13164062  1.421724  2.341121;
13169171  1.375461  2.345550;
13174206  1.361079  2.437471;
13179292  1.373157  11.696481;
13184407  1.380388  16.364536;
13189537  1.386176  16.891774;
13194558  1.451857  16.416861;
13199622  1.535766  16.377519;
13204717  1.635780  16.850515;
13209766  1.703268  16.891774;
13214936  1.790536  13.341102;
13220007  1.928715  11.664770;
13225079  2.044660  10.835077;
13230182  2.155169  10.841175;
13235258  2.281780  10.898525;
13240324  2.401172  5.776519;
13245482  2.503545  4.576606;
13250533  2.602107  2.882318;
13255589  2.668242  2.807176;
13260659  2.688475  2.779589;
13265735  2.809313 -15.931085;
13270791  2.793164 -20.184487;
13275948  2.693257 -20.190186;
13281038  2.693257 -20.691416;
13286128  2.598732 -20.691416;
13291144  2.465391 -27.084010;
13296160  2.297001 -27.084010;
13301197  2.142394 -26.716198;
13306221  1.985872 -23.071404;
13311351  1.871556 -19.513471;
13316388  1.744999 -17.171801;
13321415  1.590976 -16.329137;
13326574  1.461972 -15.835448;
13331652  1.403460 -0.774607;
13336825  1.367535  7.856519;
13341882  1.374218  15.984717;
13346905  1.404530  15.927758;
13351977  1.420759  15.787973;
13357094  1.474198  16.958752;
13362203  1.569868  17.094378;
13367355  1.649164  15.918057;
13372469  1.749460  15.049404;
13377614  1.863500  13.457878;
13382659  1.960400  13.464120;
13387678  2.217713  13.464120;
13392748  2.217713  11.241758;
13397909  2.343040  10.974782;
13403028  2.467071  8.082280;
13408188  2.567194  8.098778;
13413378  2.677651  8.111294;
13418417  2.787323 -1.410564;
13423486  2.816067 -9.004269;
13428510  2.924227 -13.606429;
13433561  2.964198 -14.121878;
13438606  2.856671 -14.493995;
13443648  2.864845 -24.650044;
13448775  2.793573 -27.292378;
13453850  2.695856 -27.423438;
13458943  2.579721 -27.486210;
13464010  2.454854 -27.345176;
13469197  2.310009 -26.154348;
13474310  2.144114 -25.795701;
13479469  1.959314 -25.718572;
13484497  1.800969 -21.654165;
13489567  1.440793 -16.408647;
13494696  1.440793 -11.669214;
13499839  1.306548 -11.461945;
13504860  1.245312 -10.853035;
13509969  1.159351  0.799478;
13515036  1.123324  10.978724;
13520043  1.094479  16.558334;
13525202  1.106284  16.197998;
13530369  1.106284  16.145106;
13535513  1.171058  20.881906;
13540677  1.242927  20.960542;
13545690  1.353430  19.313844;
13550729  1.454617  18.503579;
13555847  1.560637  17.841378;
13560884  1.826791  17.841378;
13566021  1.826791  18.024937;
13571039  1.950402  15.315598;
13576103  2.102942  12.366847;
13581207  2.241187  10.298362;
13586263  2.386018  10.299301;
13591288  2.541721  10.307584;
13596391  2.681893  4.053386;
13601510  2.828681 -2.036824;
13606662  2.787270 -5.258319;
13611741  2.882925 -5.586893;
13616880  2.969432 -6.424446;
13621980  3.000393 -17.663918;
13627066  3.014495 -24.433910;
13632220  2.942408 -24.772820;
13637261  2.868333 -24.975488;
13642293  2.792612 -25.654554;
13647317  2.676232 -26.292840;
13652335  2.552558 -25.737837;
13657448  2.424666 -25.474617;
13662565  2.290254 -23.648016;
13667622  2.152963 -22.405087;
13672765  2.003463 -19.039194;
13677841  1.874740 -18.956717;
13682899  1.743083 -18.883184;
13688008  1.586989 -11.344087;
13693157  1.468711 -0.150494;
13698183  1.457125  7.262551;
13703278  1.449077  7.262134;
13708343  1.464138  7.262134;
13713493  1.511047  16.216837;
13718609  1.552571  17.362636;
13723795  1.611433  17.081150;
13728902  1.688876  16.442650;
13733931  1.743620  15.965867;
13739003  1.816991  16.016270;
13744026  2.029537  16.242601;
13749054  2.029537  13.107817;
13754209  2.131296  11.474099;
13759333  2.232595  8.948505;
13764384  2.340365  8.951866;
13769453  2.460171  8.980569;
13774582  2.602074 -1.683023;
13779622  2.577965 -6.327066;
13784717  2.611946 -9.274533;
13789871  2.638480 -9.661024;
13794923  2.523679 -10.035301;
13800025  2.523679 -25.567023;
13805151  2.402992 -25.567023;
13810221  2.289564 -25.567023;
13815381  2.180897 -24.786755;
13820390  2.058682 -21.979038;
13825425  1.929260 -18.475270;
13830569  1.726828 -18.262790;
13835635  1.726828 -18.171963;
13840719  1.609468 -11.033135;
13845826  1.562013  4.317075;
13850908  1.490797  8.965057;
13856072  1.498565  8.940723;
13861219  1.564445  8.940723;
13866253  1.608538  16.926761;
13871395  1.660808  16.980778;
13876447  1.706546  17.006554;
13881494  1.805590  14.364243;
13886652  2.039986  13.410690;
13891705  2.039986  13.426004;
13896823  2.152743  13.443963;
13901992  2.255229  8.662559;
13907008  2.352424  7.372116;
13912171  2.462402  6.300967;
13917291  2.548882  6.295770;
13922335  2.489249  6.290545;
13927356  2.594489 -10.366659;
13932417  2.639457 -20.388657;
13937449  2.609679 -23.197788;
13942569  2.542006 -23.197788;
13947651  2.421871 -23.584335;
13952719  2.288778 -23.295094;
13957785  2.178761 -22.905930;
13962956  2.059120 -22.850849;
13968033  1.953420 -18.308443;
13973039  1.829953 -15.744877;
13978126  1.775278 -8.318864;
13983272  1.725350 -8.244400;
13988388  1.674488 -7.858036;
13993408  1.649855  5.718740;
13998469  1.685349  15.684535;
14003590  1.722330  15.155352;
14008652  1.781446  15.145037;
14013808  1.836944  12.946666;
14018954  1.929485  15.042853;
14023994  2.011713  15.145037;
14029045  2.087514  13.807005;
14034141  2.214608  9.537990;
14039290  2.407039  7.168154;
14044399  2.407039  7.168154;
14049494  2.360950  7.169901;
14060109  2.689775  3.724353;
14065171  2.689775 -13.469547;
14070318  2.620771 -15.218897;
14075322  2.565499 -16.429755;
14080404  2.498240 -16.602870;
14085546  2.385398 -21.748746;
14090695  2.253325 -21.748746;
14095703  2.119421 -21.748746;
14100732  1.993389 -19.868574;
14105897  1.887136 -16.161233;
14110955  1.756877 -13.028495;
14116087  1.641556 -12.860057;
14121243  1.581117 -12.498663;
14126347  1.508655 -0.984973;
14131362  1.508655  9.458172;
14136497  1.578836  16.138314;
14141647  1.660448  16.121990;
14146749  1.660448  16.076892;
14151783  1.710387  16.081937;
14156862  1.778835  16.081937;
14161889  1.842739  12.177791;
14166937  1.911092  11.693717;
14171956  1.998536  10.840171;
14177101  2.100457  10.868283;
14182112  2.215149  10.981322;
14187238  2.307957  7.493805;
14192315  2.385874  5.185664;
14197383  2.454054  4.647130;
14202398  2.518069  4.634521;
14207520  2.518069  4.576924;
14212602  2.559406 -12.957347;
14217639  2.463090 -14.903063;
14222723  2.447526 -20.580378;
14227753  2.386760 -21.052833;
14232795  2.268200 -21.103188;
14237894  2.052275 -23.096186;
14242968  2.052275 -22.960661;
14248113  1.933762 -22.735138;
14253201  1.646725 -20.374691;
14258276  1.646725 -15.003997;
14263388  1.547985 -14.739617;
14268434  1.486064 -13.993227;
14273503  1.444165 -13.511482;
14278561  1.332462  2.542954;
14283689  1.318649  14.462913;
14288662  1.389354  16.665922;
14293667  1.434727  16.497123;
14298754  1.497853  16.403127;
14303919  1.592224  16.493392;
14309076  1.671955  16.497123;
14314203  1.769554  14.665267;
14319272  1.859305  13.386421;
14324283  1.966460  12.459369;
14329396  2.082334  12.459369;
14334426  2.213252  12.521421;
14339529  2.311787  8.880231;
14344564  2.415453  6.581711;
14349604  2.547526  3.719005;
14354658  2.634023  3.696037;
14359804  2.665668  3.650950;
14365068  2.758540 -10.123401;
14370196  2.681639 -17.256640;
14375342  2.666543 -18.854992;
14380422  2.666543 -19.244038;
14385540  2.569334 -19.244038;
14390643  2.489917 -26.690557;
14395774  2.253777 -26.154617;
14400843  2.253777 -26.154617;
14405843  2.121567 -24.101175;
14410939  1.980621 -21.031110;
14415970  1.845217 -16.014171;
14421089  1.750904 -15.780329;
14426199  1.612075 -15.191898;
14431359  1.522757 -8.016529;
14436419  1.505514  4.499289;
14441503  1.511351  10.860246;
14446631  1.511351  10.860246;
14451677  1.544555  10.827377;
14456828  1.588322  17.677206;
14461869  1.650773  17.689110;
14466927  1.749062  15.524177;
14471945  1.837065  14.871694;
14477107  1.933335  14.758427;
14482154  2.020586  14.809174;
14487199  2.119840  14.896302;
14492238  2.218631  10.342903;
14497384  2.348615  8.034320;
14502471  2.452291  6.076658;
14507618  2.540389  6.071014;
14512738  2.540389  6.043044;
14517833  2.595702 -9.353763;
14522979  2.609985 -14.047629;
14528075  2.584500 -19.831890;
14533195  2.503518 -20.123701;
14538337  2.310499 -20.793396;
14543487  2.310499 -24.348075;
14548532  2.205268 -24.157601;
14553675  2.082579 -23.600036;
14558736  1.946005 -20.728583;
14563896  1.817171 -16.443856;
14568912  1.713901 -13.288715;
14574040  1.601605 -13.190400;
14579146  1.505044 -12.651502;
14584204  1.501584 -1.421726;
14589232  1.482017  11.002615;
14594350  1.551190  17.052498;
14599365  1.615467  17.023338;
14604764  1.675618  16.820545;
14609771  1.740416  16.829311;
14614892  1.829595  16.829311;
14619998  1.928272  14.448481;
14625013  2.035273  13.298496;
14630069  2.153690  9.480122;
14635170  2.252542  9.500316;
14640313  2.429050  9.500316;
14645324  2.429050  6.009038;
14650365  2.635925  0.800400;
14655442  2.759958 -7.501745;
14660526  2.700742 -8.046229;
14665644  2.700742 -8.469402;
14670750  2.606674 -18.478948;
14675840  2.559482 -21.966508;
14680912  2.542978 -25.989893;
14686026  2.448090 -23.860411;
14691077  2.331492 -22.085865;
14696251  2.184059 -21.979481;
14701254  2.037893 -21.700751;
14706330  1.907289 -21.066130;
14711412  1.643252 -17.888851;
14716423  1.643252 -13.355593;
14721560  1.537992 -10.533122;
14726660  1.468004 -10.515914;
14731670  1.380223 -9.751681;
14736759  1.326843 -0.198671;
14741830  1.332718  11.602902;
14746992  1.364973  19.077983;
14752064  1.444540  19.077983;
14757156  1.535729  18.960902;
14762247  1.706565  18.960902;
14767380  1.706565  19.008132;
14772458  1.802730  16.387947;
14777534  1.924029  13.737453;
14782539  2.050706  13.119001;
14787690  2.151121  13.135078;
14792843  2.269485  13.138233;
14797877  2.369014  8.272132;
14802946  2.487918  6.838851;
14807980  2.732083 -0.334083;
14812988  2.732083 -0.490169;
14818117  2.773341 -0.869964;
14823193  2.705225 -13.055337;
14828197  2.680629 -17.444166;
14833233  2.719983 -23.063104;
14838245  2.656638 -23.279915;
14843277  2.582615 -23.520408;
14848386  2.472074 -22.203211;
14853398  2.328836 -21.986225;
14858469  2.095104 -21.815049;
14863519  2.095104 -20.422089;
14868553  1.969287 -18.937333;
14873701  1.747814 -15.319599;
14878808  1.747814 -15.120999;
14883841  1.584282 -14.720604;
14888977  1.471874 -5.403480;
14894014  1.480235  4.420283;
14899078  1.474915  13.508848;
14904143  1.474915  13.508848;
14909223  1.523564  13.508848;
14914354  1.585541  18.698937;
14919496  1.655034  18.698937;
14924556  1.750268  18.606527;
14929561  1.855070  15.092318;
14934651  1.971913  14.627293;
14939702  2.101154  14.774079;
14944814  2.193700  14.829971;
14949917  2.286545  10.658765;
14954928  2.379655  6.445886;
14960008  2.438074  0.415588;
14965161  2.536930  0.335939;
14970278  2.640550 -0.357011;
14975391  2.654231 -16.661264;
14980491  2.661070 -17.867019;
14985608  2.615452 -23.851528;
14990678  2.494294 -22.727520;
14995717  2.399714 -22.242281;
15000912  2.193454 -20.586807;
