386246 0.000000 0.000000 0.000000;
399342 -0.104616 -0.003905 -1.019475;
422167 -0.099245 -0.000487 -1.019475;
445572 -0.107545 0.002199 -1.017522;
468986 -0.100710 0.004152 -1.017034;
492400 -0.102418 -0.002928 -1.016057;
515891 -0.103151 -0.000731 -1.001653;
539311 -0.103395 0.006838 -1.011663;
562718 -0.098756 0.004884 -1.021429;
586145 -0.100954 0.002443 -1.017278;
609570 -0.110963 0.000246 -1.020940;
630357 -0.098268 -0.001219 -1.009222;
654440 -0.089967 -0.001219 -1.015081;
678467 -0.107790 -0.001463 -1.020452;
702227 -0.079713 0.002443 -1.024358;
725980 -0.101930 -0.001707 -1.018255;
750597 -0.103151 0.002687 -1.021429;
774709 -0.097780 -0.000975 -1.019475;
799145 -0.095827 -0.000731 -1.013616;
823112 -0.100954 0.002931 -1.023626;
845686 -0.122682 0.006593 -1.024847;
870824 -0.119020 0.005129 -1.022893;
893502 -0.104127 -0.000487 -1.018011;
915275 -0.096559 -0.018065 -0.998479;
938702 -0.154176 0.001711 -0.954046;
961342 -0.140016 0.002199 -1.058782;
984946 -0.118776 0.001222 -1.021673;
1014378 -0.087038 0.006349 -1.035100;
1050470 -0.087038 0.006349 -1.035100;
1073556 -0.189821 -0.003416 -1.025579;
1098172 -0.232790 0.000978 -0.936712;
1120755 0.338988 0.043703 -1.060979;
1141866 0.169798 -0.044188 -1.163274;
1165286 -0.234743 0.066164 -1.083196;
1186679 -0.120485 0.017824 -0.927923;
1210229 0.052855 -0.022459 -0.921331;
1232444 -0.047731 -0.031492 -1.101751;
1255897 -0.129762 -0.003660 -0.980169;
1278575 -0.012575 0.004152 -0.955511;
1302830 0.089232 -0.003660 -0.932073;
1325422 -0.075563 0.013185 -0.955266;
1345996 0.011351 -0.020018 -1.038030;
1369720 -0.451479 0.112550 -1.107122;
1390808 0.351439 0.062258 -1.184514;
1414250 -0.146364 -0.047850 -1.002874;
1435835 -0.149782 -0.040037 -1.016790;
1459376 -0.361940 0.032472 -1.191350;
1481894 -0.040895 0.176515 -0.830266;
1506119 -0.049196 0.011720 -0.986272;
1528805 -0.167360 -0.001219 -0.997015;
1554437 -0.147585 -0.015379 -0.985784;
1576641 -0.165895 0.001955 -1.015813;
1599197 -0.372926 -0.046385 -0.841741;
1623438 -0.017458 -0.003416 -1.064153;
1645974 -0.106569 -0.017088 -0.964056;
1671569 -0.197145 0.038576 -1.068792;
1693819 -0.012575 -0.034910 -1.061712;
1716381 0.020873 0.022463 -1.067571;
1741075 -0.018678 0.000246 -1.029729;
1763985 -0.018678 0.000246 -1.029729;
1787455 -0.211793 0.004396 -1.470647;
1832437 -0.211793 0.004396 -1.470647;
1861315 -0.057985 0.032228 -1.160589;
1883331 -0.449342 0.016115 -0.802434;
1906996 0.158568 -0.010741 -0.923528;
1930545 0.158568 -0.010741 -0.923528;
1952141 -0.036745 0.031008 -1.007268;
1974239 0.156859 0.001711 -0.896673;
1996403 0.133177 -0.031248 -0.983587;
2017611 0.002318 0.010988 -0.970647;
2038566 -0.134645 0.067629 -1.000188;
2059405 -0.151979 0.003175 -1.023626;
2081969 -0.048219 -0.045653 -1.132757;
2104642 -0.046266 -0.049559 -1.064886;
2128686 -0.230348 0.005861 -1.105413;
2151272 -0.136598 -0.009276 -0.997015;
2176387 -0.092653 0.087648 -0.981878;
2198986 -0.355592 0.001222 -0.970647;
2220416 0.121458 -0.069334 -0.945989;
2243813 -0.115358 0.025392 -0.791448;
2265876 -0.005251 0.023195 -0.975774;
2290966 0.010619 -0.034910 -1.057561;
2312266 0.033568 0.009523 -1.113225;
2334835 -0.170534 -0.027830 -0.977972;
2355834 -0.325075 0.030275 -0.921575;
2385348 -0.059450 0.007570 -1.030462;
2433558 0.321410 0.050783 -0.892522;
2487142 -0.164918 -0.000242 -1.051214;
2510304 -0.164918 -0.000242 -1.051214;
2533742 -0.063600 0.010011 -1.139837;
2556449 -0.063600 0.010011 -1.139837;
2578617 0.039915 0.012697 -1.074651;
2599827 -0.239870 -0.016112 -0.923772;
2625722 -0.232545 -0.010008 -0.975530;
2650221 -0.345338 -0.013670 -0.860540;
2674425 -0.154176 0.016847 -1.042181;
2698505 -0.244264 -0.006834 -1.049261;
2719050 0.113158 -0.024168 -0.908880;
2741301 0.142943 -0.005614 -0.900091;
2765758 0.025023 -0.019530 -1.008733;
2788085 0.159789 0.008791 -1.110052;
2809761 0.159544 -0.021239 -1.167425;
2833876 0.179076 -0.003905 -1.023870;
2855763 -0.185426 -0.042723 -0.985296;
2879174 -0.176149 0.030763 -0.995794;
2901693 -0.411745 0.027834 -0.851018;
2926080 -0.149293 -0.007323 -1.058294;
2948599 -0.199586 0.021486 -1.006780;
2969378 0.111937 -0.034666 -1.042913;
2992809 -0.049196 0.013429 -0.903753;
3014424 0.018919 0.008547 -0.978704;
3037846 -0.006715 0.020998 -0.830999;
3060517 -0.248170 0.016359 -1.061223;
3084337 -0.397584 -0.034178 -1.211370;
3106876 -0.082887 0.036867 -0.904974;
3132009 -0.250124 0.056642 -1.120794;
3154543 0.101927 0.032961 -0.729192;
3176072 0.310912 -0.005369 -1.080266;
3199487 -0.219362 -0.027830 -0.737493;
3222060 -0.197145 0.077883 -0.668157;
3246263 -0.081911 -0.096922 -1.160100;
3268802 -0.266969 0.068117 -0.612737;
3290142 0.369749 0.101564 -0.661321;
3313532 0.178831 -0.020750 -0.702093;
3335650 -0.396608 0.012453 -0.744329;
3359087 0.260374 -0.000487 -0.766790;
3381592 0.068968 0.083742 -0.716741;
3405808 -0.645387 -0.029051 -1.371526;
3428369 0.329222 -0.071043 -1.170598;
3448995 0.286497 -0.030272 -0.945013;
3472398 -0.299440 -0.051512 -0.848577;
3493681 0.108519 -0.042723 -0.887151;
3517102 0.218626 -0.007811 -0.886907;
3538988 0.047484 -0.030028 -0.960149;
3562396 -0.237184 -0.014403 -1.227239;
3584936 0.143919 0.022218 -1.048528;
3609593 -0.059694 0.047853 -0.826849;
3632195 -0.005006 -0.049559 -1.298101;
3653171 -0.290407 0.068361 -0.810491;
3676706 -0.041872 0.064699 -0.737005;
3699255 -0.351198 0.098879 -0.697942;
3720470 -0.419069 -0.112059 -1.270696;
3745021 0.178831 0.069338 -0.893255;
3770133 -0.023317 0.128175 -0.758489;
3795424 0.164915 -0.046141 -1.433782;
3818183 0.014281 -0.031248 -1.362737;
3841909 0.240843 0.084963 -1.226507;
3864430 -0.621706 -0.016600 -0.958929;
3889103 -0.535524 -0.034178 -1.359563;
3911625 0.045042 -0.039549 -0.770452;
3932628 0.172728 -0.092772 -1.079534;
3956046 -0.490358 -0.030272 -1.263616;
3977634 -0.298219 -0.065916 -1.355901;
4001056 -0.408327 0.048830 -1.078557;
4023599 -0.411256 0.005129 -0.847600;
4047794 -0.060426 -0.121824 -1.198431;
4070314 -0.301393 0.029543 -0.717962;
4090852 0.322142 -0.048094 -0.745061;
4114278 0.233031 -0.078123 -0.798284;
4135375 0.585081 -0.004637 -0.603948;
4158788 -0.193971 -0.067869 -1.201604;
4180406 0.327269 -0.049071 -0.858587;
4203783 -0.446657 -0.052489 -1.267522;
4226370 0.078734 -0.056639 -1.029729;
4250537 0.149535 -0.050780 -0.795354;
4273068 -0.515016 0.072023 -0.873479;
4298667 0.310912 0.026369 -0.632024;
4320853 0.208617 -0.074217 -1.368352;
4343375 0.037962 0.077638 -0.585149;
4367569 -0.698610 0.026369 -1.422796;
4390086 0.393431 -0.025877 -1.274358;
4415716 -0.468385 -0.060301 -1.267278;
4437882 -0.196413 0.091799 -0.912054;
4460406 0.075316 -0.130858 -1.329534;
4484663 0.069456 0.029299 -0.807806;
4507190 -0.434206 0.089357 -0.698919;
4527893 0.278197 0.072756 -0.773626;
4551309 0.194701 -0.044432 -0.760686;
4572459 0.146605 0.008302 -0.600774;
4595903 0.401976 -0.011961 -0.707952;
4617991 0.419310 -0.108641 -0.968938;
4641402 -0.551881 -0.029783 -1.258245;
4663937 0.358031 -0.012694 -1.246282;
4688614 0.197874 -0.024901 -0.916692;
4711131 -0.439821 0.086672 -0.818059;
4733252 -0.508668 -0.021971 -1.422552;
4756676 -0.532594 0.126955 -1.297552;
4778233 -0.517458 0.107179 -1.233343;
4801639 0.519163 0.124758 -0.907659;
4824209 -0.617555 0.087404 -0.819280;
4848749 -0.485963 -0.001463 -1.204351;
4871331 -0.325319 0.040773 -0.941839;
4893231 0.209105 -0.039793 -1.035833;
4917400 -0.109010 -0.009276 -1.213567;
4937945 -0.338502 0.063722 -1.191350;
4961721 0.062621 -0.016356 -0.921087;
4982565 -0.153688 0.012453 -1.048528;
5005997 0.010619 -0.010008 -0.912786;
