462964 0.000000 0.000000 0.000000;
474583 -0.016542 -0.020323 -0.110601;
496101 -0.016542 -0.020323 -0.110601;
516773 -0.016542 -0.020323 -0.110601;
542240 -0.016542 -0.020323 -0.110601;
563033 -0.016542 -0.020323 -0.110601;
583586 -0.016542 -0.020323 -0.110601;
608101 -0.016542 -0.020323 -0.110601;
628517 -0.016542 -0.020323 -0.110601;
653746 -0.016542 -0.020323 -0.110601;
679206 -0.016542 -0.020323 -0.110601;
699638 -0.016542 -0.020323 -0.110601;
724847 -0.016542 -0.020323 -0.110601;
746435 -0.016542 -0.020323 -0.110601;
771675 -0.016542 -0.020323 -0.110601;
792549 -0.016542 -0.020323 -0.110601;
818179 -0.016542 -0.020323 -0.110601;
840389 -0.016542 -0.020323 -0.110601;
860738 -0.016542 -0.020323 -0.110601;
881528 -0.016542 -0.020323 -0.110601;
907342 -0.016542 -0.020323 -0.110601;
928539 -0.016542 -0.020323 -0.110601;
954104 -0.016542 -0.020323 -0.110601;
979365 -0.016542 -0.020323 -0.110601;
999508 -0.016542 -0.020323 -0.110601;
1020472 -0.016542 -0.020323 -0.122747;
1042284 -0.016542 -0.020323 -1.028997;
1064241 -0.102907 -0.000487 -1.024114;
1086390 -0.099977 -0.000242 -1.023138;
1108554 -0.100954 0.003908 -1.027044;
1130730 -0.105348 0.002687 -1.024847;
1154973 -0.098024 0.002443 -1.024847;
1177764 -0.101930 0.000734 -1.028509;
1199018 -0.102418 0.001711 -1.027532;
1219629 -0.100954 0.000002 -1.022405;
1243000 -0.101686 0.003420 -1.030462;
1263925 -0.104127 -0.001463 -1.030950;
1285178 -0.099245 0.000490 -1.025823;
1309493 -0.101930 -0.001219 -1.024602;
1334424 -0.100221 0.003175 -1.028509;
1356558 -0.099733 -0.000731 -1.031927;
1377826 -0.099977 0.006593 -1.027044;
1403230 -0.099733 0.001467 -1.033636;
1427181 -0.102174 -0.001951 -1.024114;
1450299 -0.099001 0.003664 -1.019964;
1471621 -0.107057 -0.000242 -1.028020;
1492568 -0.101930 0.002443 -1.025091;
1515861 -0.101442 0.003420 -1.026800;
1536786 -0.101442 -0.000487 -1.030462;
1558041 -0.103883 0.001955 -1.028997;
1582398 -0.098756 0.000490 -1.029241;
1607358 -0.096559 0.002687 -1.024847;
1629490 -0.099977 0.001955 -1.029973;
1650742 -0.102418 0.002443 -1.030706;
1676150 -0.101198 -0.000731 -1.029485;
1699691 -0.099001 -0.001463 -1.029729;
1723162 -0.099489 0.000002 -1.022405;
1744964 -0.099977 0.001955 -1.041448;
1766216 -0.099977 0.001222 -1.025091;
1790532 -0.102174 0.001955 -1.028509;
1815483 -0.101686 -0.001951 -1.032171;
1837620 -0.102174 0.002687 -1.033636;
1858896 -0.102907 0.001955 -1.031438;
1884332 -0.100221 0.003420 -1.032659;
1907868 -0.103151 -0.000487 -1.026556;
1931341 -0.105104 -0.001707 -1.019475;
1952232 -0.099733 0.003175 -1.022893;
1973469 -0.099977 -0.002684 -1.036077;
1997819 -0.098268 0.001955 -1.023870;
2022750 -0.100221 -0.002440 -1.025579;
2044904 -0.096803 0.000002 -1.023138;
2066159 -0.097536 0.000246 -1.032171;
2086537 -0.105348 0.004396 -1.030462;
2109447 -0.102663 0.003175 -1.033880;
2130738 -0.103639 -0.000975 -1.028020;
2151714 -0.100954 0.002443 -1.025091;
2175070 -0.104372 0.000978 -1.028997;
2196018 -0.101442 0.001955 -1.026556;
2217262 -0.101686 0.000246 -1.031682;
2241589 -0.099001 0.005373 -1.025579;
2266517 -0.101198 0.000734 -1.027288;
2288667 -0.099001 -0.001219 -1.024358;
2309907 -0.099245 -0.001219 -1.026067;
2335495 -0.102663 0.003420 -1.020696;
2357635 -0.101198 -0.002684 -1.028020;
2378903 -0.101930 -0.001219 -1.030950;
2403507 -0.099489 0.001711 -1.017522;
2428094 -0.106325 0.003908 -1.027288;
2450548 -0.103395 0.000734 -1.024114;
2471816 -0.099489 0.003175 -1.026800;
2497226 -0.100710 0.000246 -1.030218;
2520761 -0.099489 -0.000487 -1.027776;
2544326 -0.097047 0.000002 -1.027044;
2565228 -0.101686 -0.000242 -1.026067;
2586478 -0.100954 -0.000975 -1.028509;
2610801 -0.099977 0.002443 -1.025579;
2635743 -0.100221 0.002199 -1.031438;
2657886 -0.102418 -0.001951 -1.027776;
2679142 -0.100954 -0.001463 -1.025579;
2699497 -0.101442 0.000978 -1.031194;
2722429 -0.101198 0.001222 -1.025579;
2745656 -0.096803 -0.000242 -1.041448;
2766509 -0.101930 -0.003172 -1.032415;
2789930 -0.101442 -0.000487 -1.031682;
2810836 -0.097536 -0.000975 -1.026556;
2832085 -0.100465 -0.001219 -1.028509;
2856402 -0.099489 -0.000242 -1.025335;
2881357 -0.104127 -0.001463 -1.026311;
2903530 -0.103395 0.002199 -1.025335;
2924827 -0.104127 -0.002196 -1.030218;
2950192 -0.104127 -0.001463 -1.029729;
2973732 -0.099245 0.000002 -1.026556;
2997204 -0.104860 0.000246 -1.030218;
3018150 -0.099733 0.003175 -1.046819;
3039405 -0.097536 -0.002684 -1.028509;
3063758 -0.099001 0.006349 -1.018255;
3088699 -0.105592 -0.001951 -1.028753;
3110860 -0.099245 0.000734 -1.024114;
3132156 -0.100465 -0.000242 -1.029485;
3152459 -0.102174 0.002931 -1.023382;
3175375 -0.100221 0.000002 -1.023138;
3196663 -0.101930 0.000490 -1.027532;
3217525 -0.100954 0.000246 -1.029729;
3240950 -0.100710 0.000734 -1.029241;
3261844 -0.102174 -0.001707 -1.026800;
3283100 -0.102174 0.001955 -1.028509;
3308001 -0.099489 0.003420 -1.026556;
3328579 -0.100954 0.000490 -1.023382;
3350573 -0.099245 0.001222 -1.026067;
3375244 -0.099489 -0.002196 -1.033147;
3399853 -0.101686 0.005617 -1.032171;
3422266 -0.101686 -0.002196 -1.032415;
3443514 -0.101198 0.001955 -1.027044;
3468915 -0.099977 0.001711 -1.034368;
3492500 -0.097536 0.001467 -1.025579;
3515953 -0.104860 -0.001951 -1.028509;
3536860 -0.101686 -0.000731 -1.027776;
3558097 -0.104372 0.001467 -1.030950;
3582438 -0.098512 0.001711 -1.031194;
3607370 -0.099977 0.002931 -1.030950;
3629511 -0.102418 -0.001951 -1.029241;
3650771 -0.097536 -0.002440 -1.030950;
3672154 -0.101442 0.006105 -1.028265;
3694738 -0.101198 0.000246 -1.033391;
3716017 -0.102174 0.002931 -1.024602;
3736649 -0.101198 0.005861 -1.029973;
3760015 -0.102907 0.003420 -1.028997;
3780925 -0.099977 0.003175 -1.026067;
3802425 -0.101442 0.002931 -1.025091;
3826818 -0.101442 0.000002 -1.024602;
3850125 -0.102663 0.002199 -1.028265;
3870986 -0.102418 0.003664 -1.029729;
3894384 -0.100221 0.005373 -1.030218;
3915890 -0.099245 0.000490 -1.025579;
3937210 -0.104127 0.002931 -1.031438;
3961580 -0.099489 0.000002 -1.025091;
3986520 -0.103639 0.000978 -1.029729;
4008669 -0.100954 -0.000242 -1.027044;
4029950 -0.099245 0.002687 -1.026311;
4055342 -0.100221 0.001222 -1.028020;
4078919 -0.102907 0.003420 -1.028020;
4103057 -0.104616 0.001711 -1.031194;
4124483 -0.106813 -0.000487 -1.027044;
4150314 -0.104372 0.000978 -1.027532;
4173171 -0.100465 -0.003172 -1.026556;
4197366 -0.099977 0.001467 -1.028020;
4217593 -0.104616 -0.000242 -1.027288;
4238886 -0.101930 0.000734 -1.028997;
4263489 -0.101686 0.000978 -1.018011;
4288105 -0.101198 -0.000731 -1.021673;
4310660 -0.100465 0.005617 -1.028020;
4331913 -0.102663 0.000002 -1.026067;
4352519 -0.101930 0.001955 -1.027532;
4375881 -0.101686 0.000246 -1.026800;
4396786 -0.102907 -0.000975 -1.027532;
4418010 -0.099733 0.000490 -1.030218;
4442347 -0.104616 0.002443 -1.027288;
4467277 -0.097292 -0.001951 -1.028265;
4489448 -0.101686 0.001467 -1.029485;
4510721 -0.099489 0.002199 -1.026800;
4536131 -0.097292 -0.000731 -1.020208;
4559688 -0.103151 0.000246 -1.027532;
4583147 -0.101930 0.001955 -1.030462;
4604042 -0.100465 -0.001219 -1.026800;
4625332 -0.100465 -0.001463 -1.044134;
4649662 -0.098756 -0.000731 -1.028509;
4674603 -0.104860 -0.000487 -1.028509;
4696757 -0.101686 0.002199 -1.029485;
4718007 -0.101198 0.002199 -1.028753;
4743461 -0.098268 0.001467 -1.028753;
4767031 -0.101442 0.002443 -1.029485;
4790524 -0.097536 0.001711 -1.028265;
4811436 -0.104860 -0.001951 -1.028509;
4832675 -0.102418 -0.000487 -1.029729;
4857005 -0.103151 0.000490 -1.028997;
4881949 -0.100465 0.002687 -1.030462;
4904086 -0.104616 0.004884 -1.028509;
4925352 -0.104372 0.002931 -1.024358;
4945689 -0.100954 0.001955 -1.023382;
4968606 -0.099245 0.002443 -1.028020;
4989889 -0.102418 0.004396 -1.027532;
5010743 -0.102418 0.000978 -1.031194;
