382104 0.000000 0.000000;
402768 -1.909412 -1.909412;
425244 -1.868418 -1.909412;
448656 -1.898591 -1.909412;
472082 -1.973653 -1.909412;
495500 -1.751210 -1.909412;
518937 -1.941759 -1.909412;
542369 -1.836428 -1.909412;
565781 -1.892011 -1.909412;
589195 -1.898591 -1.909412;
612660 -1.687193 -1.909412;
634141 -1.817926 -1.909412;
657557 -2.104735 -1.909412;
682533 -2.024343 -1.909412;
705955 -1.853436 -1.909412;
729375 -1.702559 -1.909412;
753005 -1.790630 -1.909412;
776414 -2.043789 -1.909412;
799832 -1.969387 -1.909412;
823273 -1.915424 -1.909412;
847394 -1.849708 -1.909412;
870808 -1.921208 -1.909412;
894264 -2.045251 -1.909412;
917835 -0.809996 -1.909412;
941286 -1.798514 -1.909412;
965132 -1.883407 -1.909412;
988574 -1.964880 -1.909412;
1012018 -1.816069 -1.816069;
1035448 -2.446276 -1.816069;
1059228 -1.962348 -1.816069;
1082663 -1.889235 -1.816069;
1106108 -2.021359 -1.816069;
1129550 -1.792343 -1.816069;
1152989 -1.682656 -1.682656;
1176388 -1.707658 -1.682656;
1198626 -1.807988 -1.682656;
1222346 -1.960892 -1.682656;
1244861 -2.107025 -1.682656;
1269517 -1.815924 -1.682656;
1292031 -1.891327 -1.682656;
1313029 -1.729734 -1.682656;
1336649 -1.946560 -1.682656;
1358093 -1.697493 -1.682656;
1381648 -1.899689 -1.682656;
1403570 -1.812437 -1.682656;
1426966 -1.912885 -1.682656;
1449508 -1.930370 -1.682656;
1473712 -2.014875 -1.682656;
1496266 -1.984209 -1.682656;
1516839 -1.856329 -1.682656;
1540272 -2.019590 -1.682656;
1561336 -1.890988 -1.682656;
1584779 -1.855730 -1.682656;
1606348 -2.053589 -1.682656;
1629776 -1.938258 -1.682656;
1652247 -1.774551 -1.682656;
1675972 -2.054466 -1.682656;
1698540 -1.891327 -1.682656;
1723239 -1.584066 -1.584066;
1745760 -1.673893 -1.584066;
1766750 -1.899689 -1.584066;
1790154 -1.834704 -1.584066;
1811734 -0.975286 -1.584066;
1835189 -1.878486 -1.584066;
1857679 -2.110088 -1.584066;
1881406 -1.886811 -1.584066;
1903978 -1.939144 -1.584066;
1928673 -1.765031 -1.584066;
1951196 -2.050707 -1.584066;
1972216 -1.847323 -1.584066;
1995680 -1.931265 -1.584066;
2017242 -1.896201 -1.584066;
2040674 -2.001870 -1.584066;
2063153 -1.765465 -1.584066;
2086901 -1.667651 -1.667651;
2109436 -1.692486 -1.667651;
2134142 -1.957078 -1.667651;
2156694 -1.837894 -1.837894;
2177679 -2.494158 -1.837894;
2201097 -1.804541 -1.837894;
2222666 -1.814483 -1.837894;
2246102 -2.010756 -1.837894;
2268598 -1.783930 -1.837894;
2292306 -2.007803 -1.837894;
2314840 -1.812365 -1.837894;
2339506 -1.861798 -1.837894;
2362016 -1.843592 -1.837894;
2383015 -1.780644 -1.837894;
2406426 -1.694112 -1.837894;
2429519 -1.968387 -1.837894;
2452075 -1.806112 -1.806112;
2476740 -1.832981 -1.806112;
2499301 -1.995794 -1.806112;
2520368 -1.941678 -1.941678;
2543792 -1.773918 -1.941678;
2565672 -1.867296 -1.941678;
2589093 -2.018452 -1.941678;
2611671 -1.775249 -1.941678;
2635882 -1.939564 -1.941678;
2658501 -1.960591 -1.941678;
2679934 -1.711017 -1.711017;
2703391 -1.953569 -1.711017;
2724499 -1.899689 -1.711017;
2747918 -2.504352 -1.711017;
2769525 -1.990180 -1.711017;
2792968 -1.687109 -1.711017;
2815493 -1.705960 -1.711017;
2839213 -1.873928 -1.711017;
2861881 -1.793893 -1.711017;
2886541 -1.886441 -1.711017;
2909080 -1.704256 -1.711017;
2930073 -1.827588 -1.711017;
2953486 -1.922542 -1.711017;
2975150 -1.902433 -1.711017;
2998582 -1.770372 -1.711017;
3021083 -1.925452 -1.711017;
3044820 -2.037954 -1.711017;
3067366 -1.888544 -1.711017;
3092020 -1.845061 -1.711017;
3114573 -1.929042 -1.711017;
3135589 -2.032851 -2.032851;
3159006 -1.819012 -2.032851;
3180580 -1.749994 -2.032851;
3204020 -1.653256 -2.032851;
3226538 -1.974163 -2.032851;
3250741 -1.814280 -2.032851;
3273273 -1.884357 -2.032851;
3293803 -1.719528 -2.032851;
3317226 -1.929944 -2.032851;
3338393 -1.912493 -2.032851;
3361814 -1.770372 -2.032851;
3383837 -1.700908 -2.032851;
3407226 -1.926447 -2.032851;
3429764 -1.886099 -2.032851;
3453963 -1.951349 -2.032851;
3476494 -1.868112 -2.032851;
3502087 -1.800920 -2.032851;
3524274 -1.900694 -2.032851;
3546774 -1.829537 -2.032851;
3570978 -1.999539 -2.032851;
3593504 -1.892363 -2.032851;
3619137 -1.811240 -2.032851;
3641315 -1.860359 -2.032851;
3664980 -1.821372 -2.032851;
3689239 -1.951815 -2.032851;
3711766 -1.807797 -2.032851;
3737410 -1.779065 -2.032851;
3759592 -1.851982 -2.032851;
3782101 -1.866688 -2.032851;
3806349 -1.963900 -2.032851;
3828861 -2.037320 -2.032851;
3849395 -1.804541 -2.032851;
3872838 -2.044919 -2.032851;
3893922 -1.894458 -2.032851;
3915585 -2.110368 -2.032851;
3938382 -1.894458 -2.032851;
3963106 -1.818136 -2.032851;
3985656 -1.572337 -1.572337;
4006660 -1.680941 -1.680941;
4030083 -1.775377 -1.680941;
4051858 -1.880218 -1.680941;
4075283 -1.563865 -1.680941;
4097947 -1.921617 -1.680941;
4122201 -1.829537 -1.680941;
4144756 -1.017962 -1.680941;
4170395 -1.874530 -1.874530;
4192572 -1.864661 -1.874530;
4215119 -1.796310 -1.796310;
4239368 -1.873928 -1.796310;
4262047 -1.050687 -1.796310;
4282544 -1.778661 -1.796310;
4305944 -1.904549 -1.796310;
4327127 -1.761331 -1.796310;
4350539 -1.908422 -1.796310;
4372595 -1.907655 -1.796310;
4396001 -1.802819 -1.796310;
4418541 -1.851982 -1.796310;
4442750 -1.908038 -1.796310;
4465349 -1.696000 -1.696000;
4485856 -1.763751 -1.696000;
4509288 -1.716147 -1.696000;
4530706 -1.736554 -1.696000;
4554123 -1.831494 -1.696000;
4576190 -1.961861 -1.696000;
4599646 -1.933877 -1.696000;
4622179 -2.018399 -1.696000;
4646378 -1.672072 -1.696000;
4668901 -1.609670 -1.696000;
4689546 -1.931265 -1.696000;
4712965 -1.927773 -1.696000;
4734144 -1.796276 -1.696000;
4757545 -1.856896 -1.696000;
4779594 -1.838402 -1.696000;
4803015 -1.940454 -1.696000;
4825538 -2.062443 -1.696000;
4849723 -2.002436 -1.696000;
4872274 -1.837658 -1.696000;
4892966 -1.978409 -1.696000;
4922841 -1.768894 -1.696000;
4944871 -1.768894 -1.696000;
4967064 -1.746808 -1.696000;
4994524 -1.838652 -1.696000;
5015782 -1.682150 -1.696000;
