395710 0.000000 0.000000;
415585 1.921373 0.000000;
438389 2.169348 0.000000;
461793 2.105093 0.000000;
485254 2.358375 0.000000;
508662 2.143227 0.000000;
532094 2.040999 0.000000;
556489 2.092877 0.000000;
581189 2.441188 0.000000;
604718 3.369538 0.000000;
628535 2.771781 0.000000;
651245 2.106007 0.000000;
674660 1.707668 0.000000;
698383 0.003960 0.000000;
721963 1.678248 0.000000;
745514 -0.141537 0.000000;
769074 1.712045 0.000000;
793001 2.590194 0.000000;
816584 5.163895 0.000000;
840132 2.549385 0.000000;
862210 2.009415 0.000000;
885631 2.926652 0.000000;
909052 3.901341 0.000000;
932632 2.583047 2.583047;
956215 -13.790345 2.583047;
981657 -42.195299 2.583047;
1005263 -4.728485 2.583047;
1028810 -32.109000 2.583047;
1052225 41.300441 2.583047;
1075628 -3.807288 2.583047;
1099154 2.083749 2.583047;
1122591 12.415434 2.583047;
1145991 9.104561 2.583047;
1169626 7.579202 2.583047;
1193247 25.489572 2.583047;
1216651 12.095691 2.583047;
1240178 11.583152 2.583047;
1268522 0.985773 2.583047;
1291536 -6.403008 2.583047;
1315062 27.240261 2.583047;
1338493 -6.939266 2.583047;
1361912 -2.419215 2.583047;
1385324 -10.483396 2.583047;
1408738 -6.783443 2.583047;
1432314 -3.589381 2.583047;
1455836 0.350600 2.583047;
1479445 -21.875281 2.583047;
1504772 -9.106941 2.583047;
1528743 2.154230 2.583047;
1552327 -6.589927 2.583047;
1575735 1.161420 2.583047;
1599318 0.436978 2.583047;
1622921 0.170314 2.583047;
1646450 -3.875809 2.583047;
1669974 15.095139 2.583047;
1693537 -6.319292 2.583047;
1714905 2.685568 2.583047;
1738514 7.448561 2.583047;
1761920 -1.330652 2.583047;
1786005 4.407190 2.583047;
1810292 4.960218 2.583047;
1834184 5.136846 2.583047;
1858018 -0.872041 2.583047;
1881481 5.786968 2.583047;
1905031 -4.613287 2.583047;
1929171 6.958811 2.583047;
1952577 -4.145855 2.583047;
1976124 6.259031 2.583047;
2000014 -3.704434 2.583047;
2023460 -1.597989 2.583047;
2046988 12.821230 2.583047;
2070526 -4.697499 2.583047;
2094059 -14.993315 2.583047;
2117464 -11.042136 2.583047;
2138506 -5.663526 2.583047;
2161917 -4.501704 2.583047;
2185325 5.599817 2.583047;
2208839 4.316729 2.583047;
2232586 -6.216679 2.583047;
2253198 -5.395089 2.583047;
2276615 -4.639303 2.583047;
2300008 -2.096927 2.583047;
2323428 45.590390 2.583047;
2347002 -10.362879 2.583047;
2370418 7.338050 2.583047;
2393951 -9.954836 2.583047;
2417569 -0.246753 2.583047;
2441000 -7.165772 2.583047;
2463788 24.746855 2.583047;
2487223 -5.994240 2.583047;
2510636 4.666314 2.583047;
2534046 -10.284780 2.583047;
2557467 -6.125884 2.583047;
2580872 -13.649667 2.583047;
2604287 17.742585 2.583047;
2629009 -2.401097 -2.401097;
2652736 -0.982430 -2.401097;
2673546 25.460423 -2.401097;
2697168 3.083245 -2.401097;
2720592 5.976453 -2.401097;
2744015 -10.185568 -2.401097;
2767678 -2.394696 -2.401097;
2792570 -6.116201 -2.401097;
2816003 0.318993 -2.401097;
2839421 -5.901459 -2.401097;
2863737 0.118299 -2.401097;
2888909 2.860374 -2.401097;
2912318 4.913684 -2.401097;
2935877 -21.725694 -2.401097;
2959288 8.041749 -2.401097;
2982703 -24.341074 -2.401097;
3006233 -12.976596 -2.401097;
3029766 -11.385894 -2.401097;
3053497 -2.143830 -2.143830;
3076909 8.269180 -2.143830;
3098145 26.757532 -2.143830;
3121852 50.761024 -2.143830;
3145284 -11.855260 -2.143830;
3168699 45.521630 -2.143830;
3192169 8.968988 -2.143830;
3225254 5.029649 -2.143830;
3248881 -15.016444 -2.143830;
3275526 -30.702945 -2.143830;
3300120 -13.531211 -2.143830;
3323535 -11.269955 -2.143830;
3347074 -5.693037 -2.143830;
3370621 0.713075 -2.143830;
3394149 16.214496 -2.143830;
3419270 -29.778768 -2.143830;
3443155 37.232934 -2.143830;
3466724 75.693654 -2.143830;
3490248 -30.768110 -2.143830;
3513867 8.216304 -2.143830;
3537295 -6.035263 -2.143830;
3560709 7.851395 -2.143830;
3584262 -16.431349 -2.143830;
3607710 -10.213350 -2.143830;
3629426 -16.220323 -2.143830;
3653039 -2.939351 -2.143830;
3676595 56.627585 -2.143830;
3700127 4.164398 -2.143830;
3723723 4.745301 -2.143830;
3748782 32.635516 -2.143830;
3772200 0.294775 -2.143830;
3795733 27.338183 -2.143830;
3819291 18.467317 -2.143830;
3842871 -2.760935 -2.143830;
3863122 28.832609 -2.143830;
3886542 -10.945989 -2.143830;
3909952 20.867746 -2.143830;
3933379 22.555539 -2.143830;
3954681 20.521125 -2.143830;
3978148 -13.590704 -2.143830;
4001570 -10.871596 -2.143830;
4024984 8.326415 -2.143830;
4048393 -6.516146 -2.143830;
4071859 28.587541 -2.143830;
4095442 52.564723 -2.143830;
4119226 8.386294 -2.143830;
4142743 16.081543 -2.143830;
4165533 2.402787 -2.143830;
4189134 16.776204 -2.143830;
4212572 -5.322055 -2.143830;
4235993 -1.163108 -2.143830;
4259525 -15.796955 -2.143830;
4284513 -0.315885 -2.143830;
4307977 -23.693647 -2.143830;
4331603 -23.522345 -2.143830;
4355164 31.708314 -2.143830;
4380920 -4.713668 -2.143830;
4404547 7.147703 -2.143830;
4428111 4.663032 -2.143830;
4451522 14.734400 -2.143830;
4474940 29.174431 -2.143830;
4498389 35.533131 -2.143830;
4521937 4.333106 -2.143830;
4545371 3.637437 -2.143830;
4568770 43.130559 -2.143830;
4590818 23.275099 -2.143830;
4614448 26.164302 -2.143830;
4637851 25.840324 -2.143830;
4661383 7.968315 -2.143830;
4684914 6.607736 -2.143830;
4709949 5.702182 -2.143830;
4733357 4.370875 -2.143830;
4756819 -2.450976 -2.143830;
4780478 -26.016418 -2.143830;
4803950 -7.257944 -2.143830;
4827562 -9.746494 -2.143830;
4852068 8.701931 -2.143830;
4875513 8.153540 -2.143830;
4898940 8.572901 8.572901;
4922357 -19.071150 8.572901;
4943886 -31.401032 8.572901;
4967304 -29.019928 8.572901;
4989828 18.454174 8.572901;
5014069 -5.449931 8.572901;
