387050  0.000000  0.000000  0.000000  0.000000  0.000000  0.000000  0.000000  0.000000  0.000000;
403974 -0.135866 -0.006590 -1.018743 -0.013587 -0.000659 -0.101874 -0.006793 -0.000330 -0.050937;
426780 -0.131471 -0.020018 -1.014104 -0.025375 -0.002595 -0.193097 -0.013027 -0.001314 -0.099096;
450186 -0.134889 -0.004393 -1.018499 -0.036326 -0.002775 -0.275637 -0.019120 -0.001468 -0.145066;
473756 -0.130739 -0.005125 -1.028020 -0.045768 -0.003010 -0.350876 -0.024701 -0.001651 -0.189213;
497149 -0.152467 -0.018553 -1.003850 -0.056438 -0.004564 -0.416173 -0.031090 -0.002496 -0.229945;
520559 -0.164186 -0.010252 -0.959661 -0.067212 -0.005133 -0.470522 -0.037744 -0.002884 -0.266431;
544015 -0.166383 -0.003416 -1.023626 -0.077130 -0.004961 -0.525832 -0.044176 -0.002910 -0.304291;
567450 -0.063356 -0.008543 -1.011419 -0.075752 -0.005319 -0.574391 -0.045135 -0.003192 -0.339647;
590875 -0.139284  0.003908 -0.975774 -0.082105 -0.004397 -0.614529 -0.049843 -0.002837 -0.371454;
614303 -0.199586 -0.029295 -0.917425 -0.093853 -0.006887 -0.644819 -0.057330 -0.004160 -0.398752;
635473 -0.075563 -0.015623 -0.984319 -0.092024 -0.007760 -0.678769 -0.058242 -0.004733 -0.428030;
661786 -0.081911 -0.031248 -1.025579 -0.091013 -0.010109 -0.713450 -0.059425 -0.006059 -0.457908;
695898 -0.069215 -0.018065 -1.182317 -0.088833 -0.010905 -0.760337 -0.059915 -0.006659 -0.494128;
727811 -0.151002 -0.012450 -1.012151 -0.095050 -0.011059 -0.785518 -0.064469 -0.006949 -0.520029;
754882 -0.163210 -0.003172 -0.984807 -0.101866 -0.010270 -0.805447 -0.069406 -0.006760 -0.543268;
777362 -0.124391 -0.013426 -0.989446 -0.104119 -0.010586 -0.823847 -0.072155 -0.007093 -0.565577;
799499 -0.163942 -0.004149 -1.015325 -0.110101 -0.009942 -0.842995 -0.076745 -0.006946 -0.588065;
819734 -0.154665  0.007326 -1.027044 -0.114557 -0.008215 -0.861400 -0.080641 -0.006232 -0.610014;
843172 -0.164430 -0.003172 -0.983831 -0.119545 -0.007711 -0.873643 -0.084830 -0.006079 -0.628704;
865362 -0.307741 -0.053465 -0.827825 -0.138364 -0.012287 -0.869061 -0.095976 -0.008449 -0.638661;
888830 -0.155153 -0.013182 -0.959417 -0.140043 -0.012376 -0.878097 -0.098934 -0.008685 -0.654698;
911425  0.019652 -0.001951 -1.136663 -0.124074 -0.011334 -0.903953 -0.093005 -0.008349 -0.678797;
935642 -0.080202 -0.010008 -0.944768 -0.119686 -0.011201 -0.908035 -0.092365 -0.008432 -0.692095;
958266 -0.281618  0.005373 -0.923772 -0.135880 -0.009544 -0.909609 -0.101828 -0.007741 -0.703679;
978868 -0.221315 -0.028319 -1.031682 -0.144423 -0.011421 -0.921816 -0.107802 -0.008770 -0.720079;
1002290 -0.201784 -0.005125 -1.061712 -0.150159 -0.010792 -0.935806 -0.112501 -0.008588 -0.737161;
1023394 -0.134645 -0.012694 -1.030462 -0.148608 -0.010982 -0.945271 -0.113608 -0.008793 -0.751826;
1046789 -0.086793  0.023927 -1.067327 -0.142426 -0.007491 -0.957477 -0.112268 -0.007157 -0.767601;
1068405 -0.048952 -0.010741 -0.969671 -0.133079 -0.007816 -0.958696 -0.109102 -0.007336 -0.777704;
1093272 -0.053590  0.003908 -1.069280 -0.125130 -0.006643 -0.969755 -0.106326 -0.006774 -0.792283;
1114384 -0.286745  0.006838 -1.086126 -0.141291 -0.005295 -0.981392 -0.115347 -0.006094 -0.806975;
1137769 -0.069948 -0.004393 -0.995061 -0.134157 -0.005205 -0.982759 -0.113077 -0.006009 -0.816380;
1163312 -0.001100 -0.003172 -0.961858 -0.120851 -0.005002 -0.980669 -0.107478 -0.005867 -0.823654;
1187343 -0.036501 -0.006346 -0.928167 -0.112416 -0.005136 -0.975418 -0.103929 -0.005891 -0.828879;
1209902 -0.120973 -0.009276 -1.034612 -0.113272 -0.005550 -0.981338 -0.104782 -0.006060 -0.839166;
1235030 -0.168581 -0.000975 -0.878362 -0.118803 -0.005093 -0.971040 -0.107972 -0.005806 -0.841126;
1257573 -0.405641  0.005617 -0.917669 -0.147487 -0.004022 -0.965703 -0.122855 -0.005235 -0.844953;
1279089 -0.015993 -0.025145 -1.024358 -0.134337 -0.006134 -0.971569 -0.117512 -0.006230 -0.853923;
1302527  0.082152  0.001222 -1.065374 -0.112688 -0.005398 -0.980949 -0.107529 -0.005857 -0.864496;
1325041 -0.255983  0.027590 -1.066350 -0.127018 -0.002100 -0.989489 -0.114951 -0.004185 -0.874588;
1348705 -0.267458  0.014650 -1.158880 -0.141062 -0.000425 -1.006428 -0.122577 -0.003243 -0.888803;
1371383 -0.355348  0.000490 -0.960393 -0.162490 -0.000333 -1.001825 -0.134215 -0.003057 -0.892382;
1396042 -0.287721 -0.008055 -1.144964 -0.175014 -0.001105 -1.016139 -0.141891 -0.003307 -0.905012;
1418648  0.042845 -0.000975 -0.961370 -0.153228 -0.001092 -1.010662 -0.132654 -0.003190 -0.907829;
1439620 -0.218874 -0.009276 -1.072454 -0.159792 -0.001911 -1.016841 -0.136965 -0.003494 -0.916061;
1463193 -0.032106 -0.009764 -0.999456 -0.147024 -0.002696 -1.015103 -0.131722 -0.003808 -0.920230;
1484627 -0.135866  0.012941 -0.995306 -0.145908 -0.001132 -1.013123 -0.131929 -0.002970 -0.923984;
1510483 -0.057741 -0.017332 -1.033880 -0.137091 -0.002752 -1.015199 -0.128220 -0.003688 -0.929479;
1562122  0.004271 -0.000242 -1.099309 -0.122955 -0.002501 -1.023610 -0.121595 -0.003516 -0.937971;
1596307 -0.134889 -0.035643 -1.033147 -0.124148 -0.005815 -1.024563 -0.122260 -0.005122 -0.942729;
1616568 -0.140993 -0.001219 -1.099065 -0.125833 -0.005356 -1.032014 -0.123196 -0.004927 -0.950546;
1639143 -0.218141  0.006105 -0.904729 -0.135064 -0.004210 -1.019285 -0.127944 -0.004376 -0.948255;
1660145 -0.213502 -0.009520 -1.138372 -0.142907 -0.004741 -1.031194 -0.132222 -0.004633 -0.957761;
1683586 -0.080934 -0.007323 -1.004583 -0.136710 -0.004999 -1.028533 -0.129657 -0.004767 -0.960102;
1705302 -0.058473  0.010500 -0.953069 -0.128886 -0.003449 -1.020986 -0.126098 -0.004004 -0.959751;
1728726 -0.155397 -0.012450 -1.037298 -0.131538 -0.004349 -1.022618 -0.127563 -0.004426 -0.963628;
1751147 -0.176393 -0.001463 -1.043890 -0.136023 -0.004060 -1.024745 -0.130004 -0.004278 -0.967641;
1774861 -0.249391  0.008547 -1.090765 -0.147360 -0.002800 -1.031347 -0.135974 -0.003637 -0.973797;
1797454 -0.033327 -0.032469 -1.105413 -0.135957 -0.005767 -1.038753 -0.130841 -0.005078 -0.980378;
1822296 -0.003786 -0.060301 -1.095891 -0.122739 -0.011220 -1.044467 -0.124489 -0.007840 -0.986154;
1844841 -0.118532 -0.004881 -1.001409 -0.122319 -0.010586 -1.040161 -0.124191 -0.007692 -0.986916;
1865843 -0.163454 -0.009276 -1.070501 -0.126432 -0.010455 -1.043195 -0.126154 -0.007771 -0.991096;
1889442 -0.165407 -0.018553 -1.016057 -0.130330 -0.011265 -1.040482 -0.128117 -0.008310 -0.992344;
1910849 -0.192995 -0.013426 -1.033636 -0.136596 -0.011481 -1.039797 -0.131361 -0.008566 -0.994408;
1934254 -0.159547  0.000734 -0.980657 -0.138891 -0.010260 -1.033883 -0.132770 -0.008101 -0.993721;
1956553 -0.181032 -0.019774 -0.963567 -0.143105 -0.011211 -1.026851 -0.135183 -0.008684 -0.992213;
1980270 -0.310426 -0.014891 -1.089544 -0.159837 -0.011579 -1.033121 -0.143945 -0.008995 -0.997080;
2002811  0.002318 -0.020506 -1.062932 -0.143622 -0.012472 -1.036102 -0.136632 -0.009570 -1.000372;
2027500 -0.110963 -0.027342 -1.058782 -0.140356 -0.013959 -1.038370 -0.135349 -0.010459 -1.003293;
2050102 -0.091676  0.003420 -1.164739 -0.135488 -0.012221 -1.051007 -0.133165 -0.009765 -1.011365;
2071115 -0.261354  0.019533 -1.024602 -0.148075 -0.009046 -1.048366 -0.139574 -0.008300 -1.012027;
2095371 -0.213258 -0.004149 -0.898138 -0.154593 -0.008556 -1.033343 -0.143259 -0.008093 -1.006332;
2116466 -0.285036  0.016359 -1.088811 -0.167637 -0.006064 -1.038890 -0.150347 -0.006870 -1.010456;
2139875 -0.144899 -0.033201 -0.952581 -0.165363 -0.008778 -1.030259 -0.150075 -0.008187 -1.007563;
2161504 -0.368288 -0.015623 -1.084417 -0.185656 -0.009463 -1.035675 -0.160986 -0.008558 -1.011405;
2184910 -0.078249  0.019777 -0.970403 -0.174915 -0.006539 -1.029148 -0.156849 -0.007142 -1.009355;
2207484 -0.231081  0.016603 -1.015081 -0.180532 -0.004224 -1.027741 -0.160560 -0.005954 -1.009642;
2231713 -0.186403 -0.012938 -1.097600 -0.181119 -0.005096 -1.034727 -0.161853 -0.006304 -1.014039;
2254401 -0.356081  0.009523 -0.879339 -0.198615 -0.003634 -1.019188 -0.171564 -0.005512 -1.007304;
2274937 -0.185426  0.003664 -0.882024 -0.197296 -0.002904 -1.005472 -0.172257 -0.005053 -1.001040;
2298509 -0.059206 -0.004881 -1.135442 -0.183487 -0.003102 -1.018469 -0.166604 -0.005045 -1.007761;
2319846 -0.083131 -0.058348 -1.068792 -0.173451 -0.008626 -1.023501 -0.162431 -0.007710 -1.010812;
2343416 -0.215700  0.005617 -1.063421 -0.177676 -0.007202 -1.027493 -0.165094 -0.007044 -1.013443;
2365569 -0.094850  0.058351 -1.003850 -0.169394 -0.000647 -1.025129 -0.161582 -0.003774 -1.012963;
2389034  0.178343 -0.031492 -1.001653 -0.134620 -0.003731 -1.022781 -0.144586 -0.005160 -1.012397;
2411885  0.129027 -0.081541 -1.018499 -0.108255 -0.011512 -1.022353 -0.130905 -0.008979 -1.012703;
2436243  0.146605 -0.020323 -1.092962 -0.082769 -0.012393 -1.029414 -0.117030 -0.009546 -1.016715;
2458787  0.460081 -0.072020 -1.110052 -0.028484 -0.018356 -1.037478 -0.088174 -0.012670 -1.021382;
2484443 -0.225709  0.010256 -1.385686 -0.048207 -0.015495 -1.072299 -0.095051 -0.011523 -1.039597;
2506660 -0.187868 -0.022459 -1.020208 -0.062173 -0.016191 -1.067090 -0.099692 -0.012070 -1.038628;
2529243 -0.031862  0.006105 -1.093450 -0.059142 -0.013962 -1.069726 -0.096300 -0.011162 -1.041369;
2553446  0.168333  0.036134 -0.826604 -0.036394 -0.008952 -1.045413 -0.083069 -0.008797 -1.030631;
2575997  0.039915 -0.032957 -0.976263 -0.028763 -0.011353 -1.038498 -0.076919 -0.010005 -1.027912;
2596559 -0.022829  0.010256 -0.872259 -0.028170 -0.009192 -1.021874 -0.074215 -0.008992 -1.020130;
2620096 -0.297487  0.024416 -1.118352 -0.055102 -0.005831 -1.031522 -0.085378 -0.007321 -1.025041;
2644592 -0.004762 -0.051512 -1.003118 -0.050068 -0.010399 -1.028682 -0.081348 -0.009531 -1.023945;
2668365  0.095580 -0.019285 -1.166204 -0.035503 -0.011288 -1.042434 -0.072501 -0.010019 -1.031058;
2689155 -0.041872 -0.012450 -1.014593 -0.036140 -0.011404 -1.039650 -0.070970 -0.010140 -1.030234;
2712588 -0.064088 -0.017576 -1.010442 -0.038935 -0.012021 -1.036729 -0.070626 -0.010512 -1.029245;
2733833 -0.274293 -0.027830 -0.948675 -0.062470 -0.013602 -1.027924 -0.080809 -0.011378 -1.025216;
2757382 -0.065309  0.019045 -1.053167 -0.062754 -0.010337 -1.030448 -0.080034 -0.009857 -1.026614;
2779621 -0.019655 -0.019041 -0.989690 -0.058444 -0.011208 -1.026372 -0.077015 -0.010316 -1.024768;
2803090 -0.146120  0.040041 -0.932806 -0.067212 -0.006083 -1.017016 -0.080470 -0.007798 -1.020170;
2825813 -0.244997  0.017824 -0.964300 -0.084990 -0.003692 -1.011744 -0.088697 -0.006517 -1.017376;
2850249 -0.471071  0.038820 -0.988714 -0.123598  0.000559 -1.009441 -0.107815 -0.004250 -1.015943;
2872861 -0.024293  0.027590 -0.852483 -0.113668  0.003262 -0.993745 -0.103639 -0.002658 -1.007770;
2893826  0.208128 -0.020994 -1.018987 -0.081488  0.000836 -0.996269 -0.088051 -0.003575 -1.008331;
2917296 -0.234010  0.075197 -0.914007 -0.096741  0.008272 -0.988043 -0.095349  0.000364 -1.003615;
2938457  0.364867 -0.073973 -0.866399 -0.050580  0.000048 -0.975879 -0.072338 -0.003353 -0.996754;
2961893 -0.206667  0.021730 -0.731390 -0.066188  0.002216 -0.951430 -0.079055 -0.002099 -0.983486;
2984094 -0.033571  0.001955 -1.071722 -0.062927  0.002190 -0.963459 -0.076780 -0.001896 -0.987897;
3007498 -0.231813 -0.010741 -1.025579 -0.079815  0.000897 -0.969671 -0.084532 -0.002339 -0.989782;
3030162 -0.111208 -0.003172 -1.264348 -0.082955  0.000490 -0.999139 -0.085866 -0.002380 -1.003510;
3054381 -0.213747  0.006105 -0.970403 -0.096034  0.001052 -0.996265 -0.092260 -0.001956 -1.001855;
3078458 -0.017702 -0.010496 -1.048528 -0.088201 -0.000103 -1.001491 -0.088532 -0.002383 -1.004188;
3099979 -0.090700  0.006838 -1.095891 -0.088450  0.000591 -1.010931 -0.088640 -0.001922 -1.008773;
3125330  0.138792 -0.013426 -1.135198 -0.065726 -0.000811 -1.023358 -0.077269 -0.002497 -1.015095;
3146515 -0.081667 -0.012694 -0.924993 -0.067320 -0.001999 -1.013522 -0.077489 -0.003007 -1.010590;
3171495 -0.208864  0.008302 -0.937932 -0.081475 -0.000969 -1.005963 -0.084057 -0.002442 -1.006957;
3196056 -0.210084 -0.020018 -0.912054 -0.094336 -0.002874 -0.996572 -0.090359 -0.003320 -1.002212;
3221092  0.027464  0.041750 -0.979192 -0.082156  0.001588 -0.994834 -0.084468 -0.001067 -1.001061;
3244915 -0.167360 -0.019285 -0.974798 -0.090676 -0.000499 -0.992830 -0.088612 -0.001978 -0.999747;
3270475  0.027708 -0.023924 -1.073186 -0.078838 -0.002841 -1.000866 -0.082796 -0.003075 -1.003419;
3294445  0.067259 -0.026854 -1.099065 -0.064228 -0.005243 -1.010686 -0.075293 -0.004264 -1.008202;
3315423 -0.361208  0.039064 -0.914739 -0.093926 -0.000812 -1.001091 -0.089589 -0.002098 -1.003529;
3335531 -0.123170 -0.013426 -1.086614 -0.096850 -0.002073 -1.009643 -0.091268 -0.002664 -1.007683;
3359039  0.056029 -0.012205 -0.881048 -0.081562 -0.003087 -0.996784 -0.083903 -0.003141 -1.001351;
3381653  0.035033 -0.003660 -0.974798 -0.069903 -0.003144 -0.994585 -0.077956 -0.003167 -1.000023;
3405646 -0.143678 -0.010008 -0.964300 -0.077280 -0.003830 -0.991557 -0.081243 -0.003509 -0.998237;
3429214 -0.209840  0.037599 -0.971136 -0.090536  0.000313 -0.989515 -0.087672 -0.001454 -0.996882;
3454301 -0.058229 -0.017821 -1.115911 -0.087306 -0.001501 -1.002154 -0.086200 -0.002272 -1.002834;
3477899  0.048949 -0.025877 -0.972600 -0.073680 -0.003938 -0.999199 -0.079443 -0.003452 -1.001322;
3498755  0.005980 -0.036864 -1.199163 -0.065714 -0.007231 -1.019195 -0.075172 -0.005123 -1.011214;
3522758 -0.196901 -0.029783 -0.966009 -0.078833 -0.009486 -1.013877 -0.081258 -0.006356 -1.008954;
3544515 -0.083620 -0.052489 -1.183050 -0.079312 -0.013786 -1.030794 -0.081376 -0.008663 -1.017659;
3568652  0.004271 -0.032225 -1.094671 -0.070953 -0.015630 -1.037182 -0.077094 -0.009841 -1.021509;
3590495 -0.303590 -0.016600 -1.052190 -0.094217 -0.015727 -1.038682 -0.088419 -0.010179 -1.023043;
3614854 -0.213502 -0.015623 -0.988470 -0.106146 -0.015717 -1.033661 -0.094673 -0.010451 -1.021314;
3637049 -0.101442  0.020509 -0.954534 -0.105675 -0.012094 -1.025748 -0.095011 -0.008903 -1.017975;
3661379 -0.268434  0.033449 -0.849065 -0.121951 -0.007540 -1.008080 -0.103682 -0.006785 -1.009530;
3683436 -0.119752 -0.066405 -1.033147 -0.121731 -0.013426 -1.010587 -0.104486 -0.009766 -1.010711;
3706983  0.088255 -0.050047 -0.927190 -0.100733 -0.017088 -1.002247 -0.094849 -0.011780 -1.006535;
3729093  0.065794 -0.074217 -0.766058 -0.084080 -0.022801 -0.978628 -0.086817 -0.014902 -0.994511;
3752565 -0.004274 -0.015135 -0.907415 -0.076099 -0.022035 -0.971507 -0.082690 -0.014914 -0.990156;
3775133 -0.134889  0.023683 -1.068792 -0.081978 -0.017463 -0.981235 -0.085300 -0.012984 -0.994088;
3799825 -0.176881 -0.033690 -1.025579 -0.091469 -0.019086 -0.985670 -0.089879 -0.014019 -0.995662;
3822408 -0.232301 -0.001219 -1.016546 -0.105552 -0.017299 -0.988757 -0.097000 -0.013379 -0.996707;
3843611 -0.325807  0.029543 -1.038518 -0.127577 -0.012615 -0.993733 -0.108440 -0.011233 -0.998797;
3867214 -0.073610  0.010500 -0.878362 -0.122181 -0.010303 -0.982196 -0.106699 -0.010146 -0.992775;
3888963 -0.087770 -0.010741 -1.056585 -0.118740 -0.010347 -0.989635 -0.105752 -0.010176 -0.995966;
3912371 -0.235231  0.027101 -1.092962 -0.130389 -0.006602 -0.999968 -0.112226 -0.008312 -1.000816;
3934294 -0.151002 -0.024168 -0.926946 -0.132450 -0.008359 -0.992666 -0.114165 -0.009105 -0.997122;
3957732 -0.215700  0.018556 -1.187932 -0.140775 -0.005667 -1.012192 -0.119242 -0.007722 -1.006663;
3980390 -0.186891 -0.005858 -1.150823 -0.145387 -0.005686 -1.026055 -0.122624 -0.007629 -1.013871;
4004025 -0.138795 -0.027098 -1.007757 -0.144728 -0.007827 -1.024226 -0.123433 -0.008602 -1.013565;
4026712 -0.110231 -0.003172 -1.121526 -0.141278 -0.007362 -1.033956 -0.122773 -0.008331 -1.018963;
4051641  0.021117 -0.023924 -1.074895 -0.125038 -0.009018 -1.038050 -0.115578 -0.009110 -1.021760;
4074483 -0.171510 -0.023192 -1.051458 -0.129686 -0.010436 -1.039390 -0.118375 -0.009814 -1.023245;
4096018 -0.060182  0.037355 -0.810491 -0.122735 -0.005656 -1.016500 -0.115465 -0.007456 -1.012607;
4119469  0.237425 -0.045653 -1.091253 -0.086719 -0.009656 -1.023976 -0.097821 -0.009366 -1.016539;
4142287  0.064330 -0.035643 -1.083440 -0.071614 -0.012255 -1.029922 -0.089713 -0.010680 -1.019884;
4165959  0.034544 -0.114256 -1.131292 -0.060998 -0.022455 -1.040059 -0.083500 -0.015858 -1.025455;
4188544  0.186888 -0.062254 -1.062200 -0.036210 -0.026435 -1.042273 -0.069981 -0.018178 -1.027292;
4212229  0.117796 -0.080321 -1.049993 -0.020809 -0.031823 -1.043045 -0.060592 -0.021285 -1.028427;
4234818 -0.072877 -0.041014 -1.007268 -0.026016 -0.032742 -1.039468 -0.061206 -0.022272 -1.027369;
4259558 -0.312135  0.068361 -0.945013 -0.054628 -0.022632 -1.030022 -0.073753 -0.017740 -1.023251;
4282299  0.070433  0.006838 -1.071233 -0.042122 -0.019685 -1.034143 -0.066543 -0.016511 -1.025650;
4303307 -0.085085 -0.088377 -1.126897 -0.046418 -0.026554 -1.043419 -0.067470 -0.020105 -1.030713;
4326730 -0.555299  0.140627 -0.987493 -0.097306 -0.009836 -1.037826 -0.091862 -0.012068 -1.028552;
4348352 -0.159059  0.054445 -1.118352 -0.103482 -0.003408 -1.045879 -0.095222 -0.008742 -1.033042;
4371788 -0.365846  0.073732 -0.828558 -0.129718  0.004306 -1.024147 -0.108753 -0.004619 -1.022818;
4394406 -0.264040 -0.020750 -1.044622 -0.143150  0.001800 -1.026194 -0.116517 -0.005425 -1.023908;
4418300  0.168333  0.032472 -0.925237 -0.112002  0.004867 -1.016098 -0.102275 -0.003530 -1.018974;
4441035 -0.092165 -0.073729 -0.975530 -0.110018 -0.002992 -1.012042 -0.101769 -0.007040 -1.016802;
4465672 -0.028688 -0.002196 -1.048772 -0.101885 -0.002912 -1.015715 -0.098115 -0.006798 -1.018401;
4489641 -0.248415 -0.006102 -0.802923 -0.116538 -0.003231 -0.994435 -0.105630 -0.006763 -1.007627;
4513518  0.160277 -0.018309 -1.200872 -0.088857 -0.004739 -1.015079 -0.092335 -0.007341 -1.017289;
4536696 -0.385622 -0.013914 -1.191106 -0.118533 -0.005657 -1.032682 -0.106999 -0.007669 -1.025980;
4573199 -0.110963  0.022951 -1.048528 -0.117776 -0.002796 -1.034266 -0.107197 -0.006138 -1.027107;
4594720 -0.212282 -0.018309 -1.092718 -0.127227 -0.004347 -1.040112 -0.112452 -0.006747 -1.030388;
4621147  0.117552 -0.000487 -1.129339 -0.102749 -0.003961 -1.049034 -0.100951 -0.006434 -1.035335;
4640761 -0.093385 -0.021727 -1.035345 -0.101812 -0.005738 -1.047665 -0.100573 -0.007198 -1.035336;
4665583 -0.031618  0.000246 -0.927434 -0.094793 -0.005139 -1.035642 -0.097125 -0.006826 -1.029941;
4691547 -0.150514  0.009279 -0.960882 -0.100365 -0.003698 -1.028166 -0.099795 -0.006021 -1.026488;
4714336 -0.122194 -0.018065 -1.009222 -0.102548 -0.005134 -1.026272 -0.100915 -0.006623 -1.025624;
4736596 -0.110475  0.032228 -0.996526 -0.103341 -0.001398 -1.023297 -0.101393 -0.004681 -1.024170;
4760135 -0.123903 -0.022215 -1.015569 -0.105397 -0.003480 -1.022524 -0.102518 -0.005557 -1.023739;
4783552 -0.139284  0.004152 -0.933294 -0.108786 -0.002717 -1.013601 -0.104357 -0.005072 -1.019217;
4808006 -0.071657  0.012453 -0.943059 -0.105073 -0.001200 -1.006547 -0.102722 -0.004196 -1.015409;
4830956  0.078490 -0.017088 -1.065618 -0.086716 -0.002788 -1.012454 -0.093661 -0.004840 -1.017920;
4856278 -0.142213  0.002443 -1.094671 -0.092266 -0.002265 -1.020676 -0.096089 -0.004476 -1.021757;
4879661 -0.307497 -0.028074 -0.918890 -0.113789 -0.004846 -1.010497 -0.106659 -0.005656 -1.016614;
4901580 -0.215211 -0.004149 -1.167913 -0.123931 -0.004776 -1.026239 -0.112087 -0.005581 -1.024179;
4925448 -0.303102 -0.000975 -1.153265 -0.141848 -0.004396 -1.038941 -0.121637 -0.005350 -1.030633;
4948392 -0.011842 -0.027098 -1.126897 -0.128848 -0.006666 -1.047737 -0.116148 -0.006438 -1.035446;
4971808 -0.191530  0.021974 -1.106390 -0.135116 -0.003802 -1.053602 -0.119917 -0.005017 -1.038994;
4994824  0.004027 -0.012205 -1.125677 -0.121202 -0.004643 -1.060810 -0.113720 -0.005377 -1.043328;
5019654 -0.082643  0.008302 -1.015325 -0.117346 -0.003348 -1.056261 -0.112166 -0.004693 -1.041928;
