492087 0.000000 0.000000
511699 0.037542 0.037542
532150 0.037542 0.037542
557894 -0.228720 -0.228720
583083 -0.162922 -0.228720
606556 -0.118573 -0.228720
631289 0.073534 -0.228720
656321 -0.275936 -0.275936
677149 0.066758 -0.275936
702120 -0.211034 -0.211034
726983 -0.057811 -0.211034
747337 -0.023609 -0.211034
772470 -0.055215 -0.211034
798062 -0.177859 -0.211034
822200 -0.052622 -0.052622
846305 -0.032669 -0.052622
871722 0.200999 -0.052622
892712 -0.131210 -0.131210
914232 0.032657 0.032657
938303 -0.244775 0.032657
961078 -0.064860 -0.064860
986711 -0.181070 -0.064860
1009605 -0.081795 -0.064860
1033919 -0.259656 -0.064860
1056143 -0.070828 -0.064860
1080476 -0.115518 -0.064860
1102915 -0.122602 -0.064860
1127256 -0.255529 -0.064860
1149928 -0.416096 -0.064860
1171641 -0.259739 -0.259739
1194551 -0.141375 -0.259739
1217438 -0.132524 -0.132524
1241677 -0.161594 -0.132524
1263831 -0.128187 -0.132524
1288281 -0.201280 -0.132524
1311379 -0.013237 -0.132524
1335571 -0.101927 -0.132524
1359300 -0.025558 -0.132524
1380182 -0.020390 -0.020390
1402957 -0.138732 -0.020390
1423039 -0.026835 -0.020390
1447779 -0.204381 -0.204381
1475848 -0.118253 -0.204381
1499497 -0.051462 -0.204381
1523377 -0.197921 -0.204381
1547562 -0.165890 -0.204381
1568907 -0.094413 -0.204381
1590761 0.045868 -0.204381
1614732 -0.071361 -0.204381
1637088 -0.112451 -0.204381
1663130 -0.226579 -0.204381
1685909 0.017846 -0.204381
1706985 -0.048860 -0.204381
1732099 -0.077628 -0.204381
1755946 -0.080773 -0.204381
1780611 -0.152348 -0.152348
1804392 -0.164252 -0.152348
1825707 -0.223049 -0.152348
1848293 0.077347 -0.152348
1873054 -0.251492 -0.152348
1895073 -0.247348 -0.152348
1920310 -0.032040 -0.152348
1943072 -0.158613 -0.152348
1968574 -0.013292 -0.152348
1990973 -0.296209 -0.152348
2012479 -0.137035 -0.152348
2036411 -0.254183 -0.152348
2059582 -0.277201 -0.152348
2084650 -0.194139 -0.152348
2109669 -0.169101 -0.152348
2134063 -0.037859 -0.152348
2158293 0.017846 -0.152348
2180016 0.000251 -0.152348
2202189 -0.273040 -0.152348
2227467 -0.137412 -0.152348
2248943 -0.092752 -0.152348
2271104 -0.050612 -0.050612
2294820 -0.191366 -0.191366
2317171 -0.181070 -0.191366
2341504 -0.250253 -0.250253
2363890 -0.248474 -0.250253
2388466 -0.241589 -0.250253
2410936 -0.082160 -0.250253
2435711 -0.089646 -0.250253
2457775 -0.236321 -0.250253
2482647 -0.069523 -0.250253
2505724 -0.216923 -0.216923
2531444 -0.050745 -0.216923
2556064 -0.145956 -0.216923
2581791 -0.283928 -0.216923
2604657 0.049711 -0.216923
2629402 -0.142333 -0.216923
2652065 -0.120304 -0.120304
2673175 -0.148691 -0.120304
2698181 0.002954 -0.120304
2722334 -0.344077 -0.120304
2749019 -0.273092 -0.120304
2772947 -0.022279 -0.120304
2794921 -0.006176 -0.120304
2816894 -0.088015 -0.088015
2840804 -0.094061 -0.088015
2863633 -0.063760 -0.088015
2888248 -0.275803 -0.088015
2911466 -0.086029 -0.088015
2936344 0.031730 -0.088015
2959542 0.062061 -0.088015
2980603 -0.094413 -0.088015
3001844 -0.009507 -0.009507
3023499 0.052716 -0.009507
3047697 0.081687 -0.009507
3069674 -0.151970 -0.009507
3093840 -0.225396 -0.009507
3118274 -0.126583 -0.009507
3139159 -0.301623 -0.009507
3164640 -0.054340 -0.054340
3186391 -0.105869 -0.054340
3208043 -0.111572 -0.054340
3232105 0.005531 -0.054340
3254573 0.892674 -0.054340
3275529 -0.127389 -0.054340
3299624 -0.141826 -0.054340
3323417 -0.210834 -0.054340
3349138 0.011964 -0.054340
3373093 -0.788923 -0.054340
3395298 -0.128711 -0.054340
3420377 -0.163167 -0.163167
3443052 -0.160677 -0.163167
3468580 -0.160587 -0.163167
3490481 -0.197048 -0.163167
3511220 0.057812 -0.163167
3534959 -0.682545 -0.682545
3557718 -0.112013 -0.682545
3578057 -0.201502 -0.201502
3599030 0.076459 -0.201502
3623469 -0.046852 -0.201502
3648962 -0.013858 -0.201502
3672330 -0.075269 -0.201502
3696117 -0.409359 -0.201502
3719658 -0.270440 -0.201502
3743948 -0.242314 -0.201502
3768781 -0.011944 -0.201502
3793687 -0.041583 -0.041583
3818455 -0.258224 -0.041583
3842684 -0.258978 -0.041583
3864013 -0.157921 -0.157921
3885077 -0.259489 -0.157921
3909142 -0.176809 -0.157921
3931988 -0.329030 -0.157921
3956658 0.019884 -0.157921
3980897 -0.090957 -0.157921
4002303 -0.009507 -0.009507
4023292 -0.219116 -0.009507
4047355 -0.202394 -0.009507
4070998 -0.127389 -0.009507
4092140 -0.060029 -0.009507
4115331 0.045517 -0.009507
4139494 -0.101154 -0.101154
4160445 -0.097153 -0.101154
4182004 -0.162922 -0.101154
4206785 -0.115034 -0.115034
4229453 -0.092268 -0.115034
4250569 0.056539 -0.115034
4274928 -0.311248 -0.115034
4298257 -0.270325 -0.115034
4323219 -0.184530 -0.115034
4346129 -0.188607 -0.115034
4367295 -0.275892 -0.115034
4391599 -0.207751 -0.115034
4414510 0.084598 -0.115034
4440193 -0.285336 -0.115034
4464850 -0.019713 -0.115034
4487188 -0.019713 -0.115034
4508368 -0.205498 -0.115034
4531011 -0.130034 -0.115034
4555058 -0.039614 -0.039614
4576673 -0.119049 -0.039614
4597042 -0.017785 -0.039614
4621118 -0.028782 -0.039614
4644460 -0.458654 -0.039614
4669976 -0.078149 -0.039614
4694453 -0.077878 -0.039614
4717225 -0.104555 -0.039614
4742491 -0.042965 -0.039614
4764354 -0.114657 -0.039614
4789907 -0.230784 -0.039614
4811170 -0.151628 -0.039614
4835283 -0.242093 -0.242093
4858973 -0.178692 -0.178692
4883853 -0.248584 -0.178692
4905898 0.065028 -0.178692
4927337 -0.090468 -0.178692
4951055 -0.141008 -0.178692
4974115 -0.192201 -0.192201
4998620 -0.090957 -0.192201
5021355 -0.154626 -0.192201
