389712 0.000000 0.000000;
400970 0.000000 0.000000;
425815 -2.001149 0.000000;
451025 -2.142944 0.000000;
475999 -1.848520 0.000000;
497215 -2.083468 0.000000;
521968 -1.849979 0.000000;
548050 -2.099856 0.000000;
571777 -1.989641 0.000000;
595250 -1.815302 0.000000;
620158 -1.848520 0.000000;
643279 -1.995902 0.000000;
668701 -2.602346 0.000000;
693286 -1.748216 0.000000;
717967 -1.859206 0.000000;
742862 -2.051565 0.000000;
767847 -1.827003 0.000000;
791938 -2.312714 0.000000;
816244 -1.665251 0.000000;
841175 -1.784075 0.000000;
865999 -1.585715 0.000000;
891478 -2.204671 0.000000;
915799 -1.943511 0.000000;
940572 -0.870840 0.000000;
964375 -2.016661 0.000000;
988675 -1.545681 0.000000;
1012550 -1.127350 0.000000;
1036102 -1.658610 0.000000;
1059555 -2.177642 0.000000;
1084576 -2.284224 -2.284224;
1108902 -1.702547 -2.284224;
1132948 -0.678889 -2.284224;
1156829 -1.520516 -2.284224;
1180318 -1.895959 -2.284224;
1205468 -2.903021 -2.903021;
1226943 -2.903021 -2.903021;
1252839 -1.655253 -2.291494;
1276518 0.832983 0.832983;
1299168 0.167738 0.832983;
1320906 0.167738 0.832983;
1344070 -3.164192 0.832983;
1368151 -1.495347 0.832983;
1390441 -1.388973 0.832983;
1414678 -2.469068 0.832983;
1439691 -2.088073 0.832983;
1464633 -2.094489 0.832983;
1485322 -1.789537 0.832983;
1511104 -1.897581 0.832983;
1535551 -1.905535 0.832983;
1559368 -2.032520 0.832983;
1584274 -1.953569 0.832983;
1609769 -2.464077 0.832983;
1630606 -2.000823 -2.000823;
1651369 -1.853222 -1.853222;
1677146 -3.028011 -3.028011;
1697314 -2.914893 -3.028011;
1719670 -9.077473 -3.028011;
1744403 3.081291 -3.028011;
1765684 -7.700110 -3.028011;
1787708 -5.659193 -3.028011;
1812328 -4.080552 -3.028011;
1833588 -4.133622 -3.028011;
1854297 3.795195 -3.028011;
1878890 3.343565 -3.028011;
1902807 -23.772972 -3.028011;
1923580 4.350119 -3.028011;
1947702 -4.052402 -3.028011;
1970975 21.720965 -3.028011;
1995521 -7.639813 -3.028011;
2020544 -10.323562 -10.323562;
2044993 -7.106970 -10.323562;
2070134 -0.898422 -10.323562;
2091518 0.473327 -10.323562;
2112763 3.317490 -10.323562;
2137580 1.539539 -10.323562;
2159915 1.653511 -10.323562;
2184183 -8.869934 -10.323562;
2208808 1.779615 -10.323562;
2232835 -10.061450 -10.323562;
2255732 -6.478216 -10.323562;
2281169 3.729088 -10.323562;
2302479 -11.429913 -10.323562;
2326270 14.048129 -10.323562;
2348567 14.171350 14.171350;
2373297 10.892378 14.171350;
2397814 -39.055400 -39.055400;
2420226 4.904145 -39.055400;
2443650 1.056679 -39.055400;
2465930 4.035701 -39.055400;
2487746 11.755726 -39.055400;
2511949 -1.265430 -39.055400;
2536718 3.489827 -39.055400;
2561620 5.653372 -39.055400;
2584051 -5.309408 -39.055400;
2605051 7.181052 -39.055400;
2628799 -10.850832 -39.055400;
2649600 -10.850832 -39.055400;
2673266 -12.727917 -9.325189;
2695539 -15.906435 -9.325189;
2717571 7.542270 -9.325189;
2742902 -20.903910 -9.325189;
2766480 -4.920980 -9.325189;
2791728 -19.988754 -9.325189;
2814927 0.550638 -9.325189;
2840073 -19.274699 -9.325189;
2863138 17.009662 17.009662;
2883233 17.009662 17.009662;
2905455 -23.438118 17.009662;
2929820 8.789185 17.009662;
2952628 -1.188519 17.009662;
2978058 -3.660975 17.009662;
3002428 -1.558041 17.009662;
3026664 -8.318201 17.009662;
3051399 -2.067522 17.009662;
3076637 -3.509833 17.009662;
3097416 -3.509833 17.009662;
3122000 1.038001 -7.801471;
3144101 -0.928340 -7.801471;
3168567 -13.399900 -7.801471;
3192733 2.618812 -7.801471;
3214977 1.214131 -7.801471;
3238795 4.105470 4.105470;
3261590 4.105470 4.105470;
3291374 6.613384 4.105470;
3318797 6.613384 4.105470;
3342157 0.308662 4.105470;
3362934 -6.727809 4.105470;
3386369 -5.402746 -9.634583;
3409293 -3.867695 -9.634583;
3433462 -31.489381 -9.634583;
3455128 -3.023595 -9.634583;
3477525 -5.251200 -9.634583;
3502057 -0.231485 -9.634583;
3523748 5.264680 -9.634583;
3548514 0.328966 -9.634583;
3569835 9.925038 -9.634583;
3594187 -3.921381 -9.634583;
3615274 -2.062443 -9.634583;
3639418 -0.700710 -9.634583;
3661210 1.246998 -9.634583;
3684840 -9.409684 -9.634583;
3708141 -1.167880 -9.634583;
3731832 -2.808499 -9.634583;
3754647 -0.804081 -9.634583;
3777710 1.412510 -9.634583;
3801444 0.548126 -9.634583;
3826284 -4.225127 -9.634583;
3848286 -5.904047 -9.634583;
3870192 -4.491567 -9.634583;
3894448 -3.992162 -9.634583;
3916936 -1.593483 -9.634583;
3937925 -2.625799 -9.634583;
3962313 1.775765 1.775765;
4014889 1.775765 1.775765;
4054272 -24.679992 1.775765;
4080273 -3.773094 1.775765;
4101801 -1.384300 1.775765;
4126134 -2.580361 -2.580361;
4150371 -1.589896 -1.589896;
4173317 -1.230769 -1.589896;
4194643 1.246394 -1.589896;
4218392 -4.194173 -1.589896;
4243936 -4.068089 -1.589896;
4265340 0.999679 -1.589896;
4287442 -1.646064 -1.589896;
4312652 0.213496 0.213496;
4336073 -1.618184 0.213496;
4356239 -1.829305 0.213496;
4380046 -1.207510 0.213496;
4404046 -6.097898 -6.097898;
4425002 -4.462386 -6.097898;
4447522 -12.216789 -6.097898;
4472132 -21.700593 -6.097898;
4494422 2.793759 -6.097898;
4519347 -5.407392 -6.097898;
4542597 -5.142149 -6.097898;
4566711 -0.216872 -6.097898;
4591889 7.975440 7.975440;
4614126 -6.478504 7.975440;
4636591 -6.478504 7.975440;
4661536 -8.795316 7.975440;
4686194 7.484123 7.975440;
4712033 -7.283032 7.975440;
4736338 -7.283032 7.975440;
4761914 -3.801954 7.975440;
4787382 -1.831839 7.975440;
4809886 -2.445971 7.975440;
4832561 -2.445971 7.975440;
4857099 7.888105 7.975440;
4877433 7.888105 7.975440;
4902095 3.305261 7.975440;
4925301 -10.386947 7.975440;
4949723 6.616023 7.975440;
4972087 3.789690 7.975440;
4996341 0.890705 7.975440;
5018755 7.145587 7.975440;
