390194 0.000000 0.000000;
409581 0.632960 0.000000;
432416 -0.055215 0.000000;
455825 -0.540517 0.000000;
479232 -1.695727 0.000000;
502639 -2.930004 0.000000;
526086 -3.173747 0.000000;
549527 -4.154397 0.000000;
572933 -4.693320 0.000000;
596345 -6.722357 0.000000;
619766 -1.241808 0.000000;
640553 -2.717642 0.000000;
663944 -8.100220 0.000000;
687375 -6.513250 0.000000;
710821 -11.515451 0.000000;
734212 -10.478639 0.000000;
755168 -9.558241 0.000000;
778602 -10.451638 -10.451638;
802014 -10.533027 -10.451638;
825427 -10.838427 -10.451638;
848845 -12.253913 -10.451638;
872250 -12.073673 -10.451638;
895675 -12.853131 -10.451638;
921309 -13.779321 -10.451638;
944950 -14.153938 -10.451638;
968840 -14.491195 -10.451638;
992252 -15.237794 -10.451638;
1015686 -15.914341 -10.451638;
1039141 -17.080503 -10.451638;
1062919 -17.614093 -10.451638;
1086331 -18.255458 -10.451638;
1109761 -18.672711 -10.451638;
1133174 -19.459600 -10.451638;
1156595 -20.280368 -10.451638;
1179995 -21.125839 -10.451638;
1203398 -20.945821 -10.451638;
1226827 -22.548582 -10.451638;
1250237 -22.915271 -10.451638;
1275057 -23.461908 -10.451638;
1299475 -24.484369 -10.451638;
1322896 -25.593331 -10.451638;
1346317 -26.050812 -10.451638;
1369738 -26.685118 -10.451638;
1393170 -27.243984 -10.451638;
1416609 -27.666962 -10.451638;
1440021 -27.775600 -10.451638;
1463414 -28.817325 -10.451638;
1484609 -28.470987 -10.451638;
1508025 -28.224503 -10.451638;
1531442 -28.452476 -10.451638;
1554874 -27.917609 -10.451638;
1578293 -27.950170 -10.451638;
1598862 -27.861589 -10.451638;
1622285 -27.522913 -10.451638;
1645703 -27.605426 -10.451638;
1669140 -26.383066 -10.451638;
1692544 -25.877304 -10.451638;
1715975 -25.683280 -10.451638;
1739398 -24.560269 -10.451638;
1762803 -23.571821 -10.451638;
1786198 -22.933944 -10.451638;
1808772 -21.707382 -10.451638;
1832220 -21.150360 -10.451638;
1856407 -20.179755 -10.451638;
1879831 -19.361802 -10.451638;
1903252 -19.051244 -10.451638;
1926646 -17.605289 -10.451638;
1950063 -16.711227 -10.451638;
1973461 -15.969145 -10.451638;
1996859 -15.289095 -10.451638;
2021691 -14.533679 -10.451638;
2045097 -13.541595 -10.451638;
2068494 -13.165014 -10.451638;
2091904 -12.597944 -10.451638;
2115314 -11.645959 -10.451638;
2138726 -11.179890 -10.451638;
2162145 -10.384441 -10.451638;
2185565 -9.563304 -10.451638;
2208965 -8.653974 -10.451638;
2229404 -8.073253 -10.451638;
2252815 -7.715572 -10.451638;
2276258 -6.341277 -10.451638;
2300650 -5.372347 -10.451638;
2324055 -4.741261 -10.451638;
2344664 -3.514056 -10.451638;
2368072 -2.667375 -10.451638;
2391478 -2.225598 -10.451638;
2414887 -1.891327 -10.451638;
2438699 -1.891327 -10.451638;
2462133 -0.222878 -10.451638;
2485541 0.571203 -10.451638;
2508958 1.222090 -10.451638;
2532369 1.698347 -10.451638;
2554897 2.613679 -10.451638;
2578299 3.685836 -10.451638;
2601734 4.655845 -10.451638;
2625178 5.736257 -10.451638;
2648600 6.629004 -10.451638;
2672007 17.562045 -10.451638;
2695423 6.064962 -10.451638;
2718855 20.865144 -10.451638;
2742289 3.607418 -10.451638;
2763105 12.095006 -10.451638;
2786540 8.477784 -10.451638;
2809953 10.118434 -10.451638;
2833371 11.437120 -10.451638;
2856794 11.244506 -10.451638;
2877725 12.383154 -10.451638;
2901129 13.120011 -10.451638;
2924538 13.861923 -10.451638;
2947946 15.830451 -10.451638;
2971361 15.693873 -10.451638;
2994910 16.270538 -10.451638;
3019003 17.380780 -10.451638;
3042409 17.852924 -10.451638;
3065831 18.498218 -10.451638;
3088395 19.201980 -10.451638;
3111791 20.104251 -10.451638;
3135240 20.481747 -10.451638;
3158674 21.145968 -10.451638;
3182101 21.144880 -10.451638;
3205510 21.527232 -10.451638;
3228922 21.713662 -10.451638;
3252328 22.316821 -10.451638;
3276246 22.810359 -10.451638;
3297864 23.387391 -10.451638;
3321410 23.979268 -10.451638;
3345693 23.739848 -10.451638;
3369260 23.745994 -10.451638;
3392671 24.314753 -10.451638;
3413616 24.695394 -10.451638;
3437031 24.766377 -10.451638;
3460457 24.975660 -10.451638;
3483853 25.145827 -10.451638;
3507265 24.750613 -10.451638;
3530692 24.631884 -10.451638;
3554107 24.598017 -10.451638;
3578834 24.083934 -10.451638;
3602252 23.776093 -10.451638;
3625306 24.000791 -10.451638;
3648746 22.882735 -10.451638;
3672172 22.413227 -10.451638;
3695629 21.895731 -10.451638;
3719069 21.008293 -10.451638;
3742541 20.486843 -10.451638;
3763620 19.330063 -10.451638;
3787051 18.995214 -10.451638;
3810455 18.259161 -10.451638;
3833862 17.462330 -10.451638;
3857490 16.848743 -10.451638;
3880917 16.263357 -10.451638;
3904974 15.556113 -10.451638;
3928219 15.023106 -10.451638;
3951700 14.966498 -10.451638;
3975143 13.551403 -10.451638;
3998548 12.633002 -10.451638;
4021958 12.256722 -10.451638;
4046781 10.673500 -10.451638;
4070193 10.654702 -10.451638;
4093601 10.227762 -10.451638;
4117013 9.306207 -10.451638;
4140433 8.472981 -10.451638;
4163828 8.038007 -10.451638;
4187259 7.287840 -10.451638;
4210679 6.815793 -10.451638;
4234089 6.040171 -10.451638;
4254530 5.162871 -10.451638;
4277937 4.407652 -10.451638;
4302437 3.519018 -10.451638;
4325867 2.851829 -10.451638;
4349458 2.250446 -10.451638;
4374469 0.514904 -10.451638;
4397877 0.401348 -10.451638;
4421293 0.392676 -10.451638;
4444723 -0.753910 -10.451638;
4468127 -1.074464 -10.451638;
4491534 -1.717935 -10.451638;
4514936 -2.288251 -10.451638;
4538325 -3.805184 -10.451638;
4561736 -4.674750 -10.451638;
4585445 -6.158707 -10.451638;
4608858 -6.807716 -10.451638;
4632258 -12.672453 -10.451638;
4655684 29.878268 -10.451638;
4679816 -15.900718 -10.451638;
4703208 -4.865237 -10.451638;
4726627 -14.305925 -10.451638;
4750067 -7.983776 -10.451638;
4773455 -13.335686 -10.451638;
4796858 -12.699350 -10.451638;
4820285 -14.471149 -10.451638;
4843678 -14.970298 -10.451638;
4867086 -16.374999 -10.451638;
4891936 -16.436206 -10.451638;
4915334 -17.643495 -10.451638;
4938762 -18.136629 -10.451638;
4962165 -19.909549 -10.451638;
4985567 -20.686092 -10.451638;
5008969 -21.454076 -10.451638;
