395451  0.000000  95.416000  95.416000;
416036 -0.014142 -0.120239 -0.120239;
443819 -0.014142  0.512606  0.005122;
472325 -0.029837 -0.640298 -0.124131;
500960 -0.041587 -0.049110 -0.109364;
529622 -0.055140 -0.135713 -0.114606;
558170 -0.066079 -0.115979 -0.114878;
586704 -0.078283 -4.089585 -0.905766;
615214 -0.090481  5.998552  0.442441;
643866 -0.033896 -4.184769 -0.481269;
672415  0.031282 -1.777349 -0.741127;
701000  0.052203 -0.399642 -0.672577;
729521  0.037365  2.651700 -0.012659;
760183  0.035188 -0.653702 -0.141580;
788699  0.027698 -0.763391 -0.267160;
817203  0.020732  0.954617 -0.022665;
845713  0.012029 -0.759412 -0.170445;
875286  0.025087 -0.324545 -0.201496;
903801  0.041341 -0.266189 -0.214394;
932505  0.052660 -2.534051 -0.675101;
961036  0.056604 -0.657759 -0.671645;
989698  0.059217  0.524003 -0.435103;
1018347  0.061843  1.072830 -0.130512;
1047001  0.067529 -0.634982 -0.231992;
1077257  0.074528 -0.695438 -0.325209;
1105748  0.093467 -1.330678 -0.529033;
1134389  0.114781 -2.302872 -0.883764;
1163053  0.137519  0.556854 -0.593390;
1192385  0.156774  0.423030 -0.392325;
1220955  0.178717 -4.825372 -1.306692;
1249491  0.200090 -0.418407 -1.133218;
1278305  0.221873 -1.423068 -1.191618;
1306819  0.262785  2.112354 -0.553679;
1335458  0.304576 -0.221933 -0.485766;
1364222  0.325126 -5.957625 -1.611774;
1389730  0.349279 -4.392102 -2.173255;
1418420  0.379655 -0.306872 -1.798071;
1446938  0.413821 -2.633230 -1.968043;
1475547  0.448216  1.843852 -1.227044;
1503301  0.483595 -0.844907 -1.152629;
1531969  0.514104  5.008938  0.066091;
1560617  0.571877 -2.220126 -0.374970;
1589149  0.633984 -1.044711 -0.513725;
1614969  0.672317 -10.872490 -2.759479;
1643475  0.697546  10.107928 -0.650752;
1672140  0.770661 -9.042392 -2.600267;
1700251  0.827280  3.084680 -1.402140;
1728190  0.827280  6.727274  0.288695;
1756844  0.892542  11.312073  2.205667;
1785357  0.959475 -6.919891  0.406638;
1813911  1.018242 -4.230450 -0.571538;
1842613  1.084504 -2.051972 -0.891849;
1871308  1.141470  7.124232  0.533992;
1899827  1.198422 -5.044112 -0.572971;
1928521  1.263297  2.741540  0.101550;
1957045  1.353541  6.943957  1.333477;
1985538  1.434105 -16.519285 -2.712173;
2014174  1.640299 -0.269330 -2.220223;
2039858  1.743476  4.067011 -0.738491;
2068407  1.841114 -10.089610 -2.332801;
2096910  1.923928 -11.036242 -4.270926;
2125540  1.898254 -9.002697 -5.205142;
2153303  1.923168  12.836159 -1.209951;
2181825  2.038459  4.821925 -0.015263;
2210468  2.130774 -16.320452 -3.262195;
2239006  2.206427 -5.934389 -3.737732;
2265144  2.326679 -20.796180 -7.118938;
2293671  2.449188 -0.209695 -5.835337;
2322449  2.582895 -6.544223 -5.982907;
2351136  2.766547  1.103995 -4.417967;
2380927  2.937793  5.652748 -2.532294;
2409564  3.044677  14.790440  0.486460;
2438211  3.083151  5.115081  1.377065;
2466734  3.196427 -3.957798  0.165371;
2495223  3.362775 -13.229906 -2.584658;
2523723  3.528924  13.632091  0.759357;
2552504  3.739955  20.290420  5.022176;
2580137  3.817290  13.440249  6.896496;
2608828  3.878462  46.380440  11.165950;
2637358  3.593742 -18.392344  2.084322;
2665894  3.310620  2.035959  2.074229;
2692309  2.903274  11.241548  3.984341;
2720804  2.556854  30.091509  7.417927;
2749323  2.024803  15.060015  8.936592;
2777825  1.292888 -22.453705  0.840798;
2806378  0.561409 -25.030888 -4.666158;
2834873 -0.172251  17.824242  0.341526;
2863395 -0.395425  20.111798  4.411555;
2892053  0.153242  9.583821  5.397968;
2920701  0.714589 -17.155246  0.488042;
2949253  0.425922 -1.639544  0.095422;
2977957  0.138223  8.370359  1.631308;
3005043 -0.157144  29.346125  7.991014;
3033741 -0.294848 -4.886422  5.368898;
3062260  0.099038  1.684161  4.637465;
3090772  0.258396 -48.407742 -8.690781;
3118809  0.417715 -7.176351 -8.405489;
3147460  0.086835  6.877224 -5.340102;
3176231 -0.271849  7.617239 -2.697074;
3205936 -0.603924  8.562028 -0.841576;
3234842 -0.442020  6.217015  0.544865;
3263379 -0.368321 -9.598364 -1.648674;
3291902 -0.688545 -5.205703 -2.410272;
3320576 -1.008612  1.848452 -1.589703;
3349250 -1.390349  35.164690  6.040366;
3377814 -1.246322  1.536442  5.014151;
3406506 -0.951960  3.644686  4.725197;
3437270 -0.591010 -14.564177  0.785295;
3465773 -0.114286  1.658923  0.947654;
3494301 -0.479385 -1.694443  0.459881;
3522814 -0.844805  2.428621  0.911534;
3552417 -1.151701  8.873820  2.564056;
3580958 -0.825842  1.255793  2.311925;
3609514 -0.424961 -29.911179 -4.061870;
3638178 -0.019945 -4.109530 -4.070045;
3666867 -0.104405  4.553968 -2.153714;
3695672 -0.313331  8.630480  0.151677;
3724169 -0.523102  45.311327  8.817271;
3754257 -0.359081  2.892758  7.575624;
3782886  0.028158 -6.426227  4.724863;
3811400  0.225283 -8.908641  1.589317;
3839911  0.060294  1.917201  1.654692;
3870127 -0.019798 -0.662729  1.179018;
3898659 -0.001346  1.241696  1.191482;
3927299  0.316209  3.221453  1.585020;
3955960  0.634966  1.918412  1.631481;
3984751  1.004277 -1.494574  0.918788;
4013266  0.787575  1.731325  1.085416;
4041819  0.726192  1.745062  1.220008;
4071028  0.658623  0.646589  1.100966;
4099568  0.738446 -3.390388  0.117594;
4128094  0.856528  7.119464  1.499615;
4156754  0.974552 -2.816206  0.652810;
4187222  1.188955 -2.383173  0.041076;
4215741  1.328503 -0.689966 -0.091496;
4244268  1.493956  5.863787  1.084673;
4272966  1.613291 -4.082707 -0.169293;
4301485  1.774963  8.596045  1.460109;
4329998  1.933015  4.046840  2.047216;
4358495  2.091034  2.551635  2.152195;
4388638  2.265061 -11.163144 -0.472565;
4417297  2.478594 -13.548985 -3.323471;
4445795  2.682926  14.265220 -0.406707;
4474310  2.761241  21.202505  3.618257;
4505033  2.628896  14.091047  5.610144;
4533574  2.353093  25.087933  9.286423;
4562092  1.853734 -5.828713  6.283429;
4590625  1.354778  5.177861  6.074256;
4619148  0.707014  21.991817  9.454139;
4648011 -0.108613  47.029860  18.160162;
4676695 -0.423683  1.113191  14.427339;
4706466 -0.371570  3.098603  12.031389;
4735174 -0.677916  3.517734  10.262250;
4763910 -0.973323  2.567357  8.805990;
4792428 -1.491887 -3.396502  5.871006;
4818376 -2.067472  7.351778  6.170757;
4846869 -2.165322  30.505006  10.644935;
4875531 -2.272769 -8.068143  7.312382;
4904087 -2.492000 -10.163943  3.701359;
4932674 -2.579630 -11.148531  1.063343;
4961358 -2.632439  27.148851  5.946458;
4989868 -2.745424  2.625906  5.211240;
5018503 -2.785904 -0.379979  4.172090;
5047012 -2.826561  16.113278  6.661016;
5075513 -2.798270 -6.873972  3.558489;
5104005 -2.824812 -2.778570  2.186072;
5130747 -2.900936 -4.816260  0.796579;
5159483 -2.933598  16.195992  3.830596;
5188133 -2.968695  12.835780  5.360120;
5216638 -3.053552  9.255884  6.187506;
5244254 -3.090108 -7.541552  3.002895;
5272898 -3.088421 -1.664074  1.997997;
5301421 -3.063057  31.780736  7.784613;
5329963 -3.115313  13.666458  8.966044;
5361113 -3.167604 -2.127373  6.383795;
5390007 -3.312653 -13.852232  1.670850;
5418665 -3.399115 -2.517631  0.636837;
5447201 -3.490120 -7.292027 -0.772765;
5475861 -3.523231 -4.878569 -1.725895;
5504354 -3.618618 -67.461786 -9.017945;
5533013 -3.645589  18.027764 -4.924614;
5559084 -3.674466  13.216561 -1.192476;
5587615 -3.700736 -10.941216 -3.269759;
5616291 -3.854063  44.178068  5.365272;
5644919 -3.850561 -29.070461 -4.478692;
5672546 -3.794179 -9.730175 -5.624419;
5701188 -3.913544  7.228957 -3.057439;
5729701 -3.994442 -19.958182 -7.757322;
5758373 -4.118506  5.869686 -5.817566;
5789033 -4.161842 -30.190693 -10.957079;
5817569 -4.335972 -16.600549 -12.312135;
5846235 -4.487584  21.955258 -3.566402;
5874752 -4.495899  34.627638  2.575811;
5903377 -4.504171 -34.070924 -7.382553;
5931883 -4.721809 -23.932882 -10.724627;
5960393 -4.751838  20.588070 -4.994715;
5988913 -4.814517  9.593150 -1.854646;
6017424 -4.966478 -24.491513 -10.004310;
6045922 -5.077040 -10.388717 -10.070871;
6074441 -5.187551 -9.357050 -9.940114;
6100975 -5.380000  7.189184 -7.212936;
6129512 -5.625895 -27.121496 -14.030557;
6158071 -5.885560 -7.462972 -12.755551;
6186645 -6.347736 -10.978098 -12.536498;
6212782 -6.810155  62.039976 -1.587288;
6241407 -7.239920  35.078531  4.092708;
6269924 -7.710593 -17.964734 -1.237408;
6298444 -8.290076  11.160804  1.063381;
6326964 -8.917081 -7.434959  0.197570;
6355528 -9.787049  89.579309  17.319639;
6385187 -10.736856 -19.734670  6.323056;
6410631 -11.702699  33.952848  10.615982;
6439202 -12.684721 -16.809260  4.291816;
6467761 -14.015126 -9.305873  1.748967;
6496587 -15.495399 -75.252951 -7.645889;
6524238 -16.923496 -65.977972 -22.889552;
6552770 -18.465199 -32.644277 -27.318604;
6581321 -19.701876  265.888959 -42.304373;
6609914 -20.417177 -4.741645 -33.740029;
6636398 -20.761166  10.841299 -22.876008;
6664886 -20.176497 -35.696747 -26.173011;
6694113 -19.547586 -63.727293 -36.425572;
6722636 -18.730570  59.562614 -32.485462;
6751156 -17.604021 -1.242063 -25.731103;
6779652 -16.102259 -12.741997 -22.697048;
6808162 -14.570870 -26.312834 -23.371541;
6836687 -12.985192 -5.200701 -18.550270;
6865187 -11.398680 -9.547573 -16.538712;
6893828 -9.885351  49.468421 -7.649964;
6922351 -8.366722  62.960392  8.525054;
6948954 -6.649681 -19.319894 -0.329461;
6977473 -5.114018 -8.394336 -2.148569;
7006165 -3.467753 -15.749692 -5.302131;
7034805 -1.818073 -57.823820 -18.798733;
7062759 -0.868799 -18.516326 -18.740599;
7091334 -0.935376 -5.973377 -15.986205;
7119842 -1.201059  58.730200  2.705660;
7148703 -1.466118  10.960519  4.457959;
7178275 -0.961160 -0.778968  3.337900;
7206780 -0.445118 -30.108663 -3.636213;
7235409 -0.008621 -2.209648 -3.331140;
7263962 -0.185640  2.423938 -2.117806;
7292753 -0.373523  32.016054  5.202752;
7321329 -0.012207  4.813826  5.120218;
7349960  0.346411  0.806503  4.264995;
7380256  0.779591 -17.233795 -0.282010;
7408816  0.799480  8.908917  1.571108;
7437380  0.558355  4.048453  2.109307;
7466204  0.341182  12.513064  4.313205;
7491845  0.290135 -3.557936  2.595369;
7520361  0.756370 -7.260372  0.537116;
7549038  1.207402 -25.341812 -5.092041;
7577702  1.276577 -5.152442 -5.105042;
7606201  0.993438 -3.626343 -4.823253;
7634687  0.879877 -2.935516 -4.480649;
7663190  0.766368  4.206945 -2.809663;
7691732  0.741999  5.773648 -1.112122;
7721612  0.829150 -14.706431 -3.986946;
7750132  0.979690  2.207186 -2.731337;
7778794  1.038472  4.265255 -1.380299;
7804837  1.200379 -11.556954 -3.451094;
7833524  1.390831  1.800157 -2.374173;
7862057  1.500324 -8.016091 -3.541940;
7890726  1.580042 -1.057128 -2.970328;
7918371  1.675022 -30.564749 -6.437563;
7946885  1.820211 -14.613744 -8.812737;
7975385  1.969964 -21.401627 -11.433002;
8003899  2.089620  11.961473 -7.132040;
8029273  2.234584  23.335426 -2.344144;
8057943  2.368234  5.160041 -0.938028;
8086612  2.519244  14.776135  1.005785;
8115265  2.721021 -2.290166  0.295344;
8143909  2.869754  13.687796  2.570673;
8172555  3.010132 -5.968930  0.607061;
8201208  3.145271 -9.932588 -1.819947;
8229730  3.258570 -3.224966 -2.106729;
8258285  3.371352  28.793781  4.987997;
8286944  3.520448  70.693592  18.895569;
8315605  3.820165  59.989126  28.631103;
8343234  4.173723 -39.747910  10.164971;
8371753  4.289723  1.970801  8.333723;
8400281  4.473464  26.507963  11.815374;
8428804  4.657262 -30.928903 -0.964783;
8455643  4.943799  2.791243  0.135359;
8484557  5.378550  67.243953  15.042767;
8513167  5.929902  115.049308  17.682782;
8541833  6.578541 -17.836024  8.905993;
8570601  7.228449  25.655862  13.788670;
8599344  8.191628  0.594162  10.970644;
8628123  9.127641 -59.810640 -6.437534;
8656895  10.233985  47.821273  5.211333;
8685622  11.754728 -17.862609 -2.060725;
8714290  13.497646 -12.269234 -4.589188;
8743025  15.385358  13.652177  0.413365;
8770655  17.277481 -6.650266 -0.819805;
8799371  19.459196 -1.162106 -0.902432;
8828006  21.756914  51.147043  10.910065;
8856614  23.831312 -21.643629  4.935707;
8884338  25.826883  11.517700  5.477497;
8912970  27.571167 -9.548193  0.174236;
8941565  28.984844  25.842822  5.841944;
8970351  30.040022  14.938737  7.462271;
8999486  30.852623  1.270517  6.366680;
9028282  31.230711  28.999995  11.630553;
9057085  30.882082  45.401901  16.792674;
9085802  30.533367  3.442352  13.822528;
9114546  30.038820  62.788801  22.182435;
9143200  29.301130  55.477828  23.545114;
9171915  28.345705  67.552196  35.024192;
9201401  25.849361  36.935692  35.480436;
9228275  25.849361 -18.617874  28.026051;
9256888  24.362061 -19.624632  12.379142;
9285475  22.650085  7.340582  11.182360;
9313697  20.824446  31.596636  17.800835;
9342265  18.547297  44.947955  23.255982;
9371087  16.242229  58.333523  30.045262;
9399831  13.790380  65.482886  36.996400;
9428792  11.383782 -5.158928  25.618080;
9457560  8.733520  37.779100  28.330740;
9486342  6.374983  8.121223  24.774475;
9514887  4.202930  29.983244  25.950000;
9543421  2.048764  36.104917  28.117295;
9572068  0.902176  7.018915  25.008427;
9600575  0.682622  6.768082  21.823310;
9626566  0.584262  4.967559  18.856085;
9655185  0.048569  1.813398  15.636145;
9683849 -0.541288  5.773944  13.880172;
9712509 -1.107128  21.583612  15.453951;
9740705 -1.266837 -2.356377  11.370262;
9769228 -0.965505  3.050179  9.721745;
9797736 -0.731225  13.441008  10.491211;
9826383 -0.669856 -24.270914  3.671514;
9856343 -0.608189  3.275217  3.589313;
9885072 -0.889035  22.586111  7.427579;
9913577 -1.152640  4.183261  6.812909;
9942092 -0.987703  7.442894  6.936359;
9970806 -0.658148  1.252046  5.720309;
9999442 -0.679190 -24.669631 -1.599891;
