431222  0.000000  0.000000  0.000000  0.000000;
437605  0.000000  0.000000  0.000000  0.000000;
450936  0.000000  0.000000  0.000000  0.000000;
455975  0.000000  0.000000  0.000000  0.000000;
461007  0.000000  0.000000  0.000000  0.000000;
466037  0.000000  0.000000  0.000000  0.000000;
471059  0.000000  0.000000  0.000000  0.000000;
476222  0.000000  0.000000  0.000000  0.000000;
481363  0.000000  0.000000  0.000000  0.000000;
486491  0.000000  0.000000  0.000000  0.000000;
491537  0.000000  0.000000  0.000000  0.000000;
496661  0.000000  0.000000 -0.190446 -0.047611;
501771 -0.129925 -0.032481 -0.129904 -0.068185;
506853  0.000000 -0.024361 -0.186911 -0.097866;
511993 -0.131491 -0.051144 -0.131491 -0.106272;
517159 -0.358711 -0.128035 -0.358629 -0.169362;
522281 -0.130162 -0.128567 -0.260324 -0.192102;
527451 -0.364285 -0.187497 -0.182185 -0.189623;
532559 -0.258185 -0.205169 -0.387214 -0.239021;
537585 -0.375968 -0.247869 -0.375968 -0.273258;
542683 -0.395800 -0.284851 -0.395800 -0.303893;
547768 -0.578491 -0.358261 -0.385661 -0.324335;
552806 -0.503460 -0.394561 -0.503460 -0.369116;
557922 -0.579915 -0.440900 -0.579915 -0.421816;
563030 -0.743866 -0.516641 -0.619790 -0.471310;
568051 -0.599541 -0.537366 -0.599693 -0.503405;
573145 -0.913254 -0.631338 -0.782789 -0.573251;
578229 -0.757375 -0.662847 -0.757558 -0.619328;
583380 -0.769747 -0.689572 -0.769621 -0.656901;
588466 -0.783440 -0.713039 -0.783635 -0.688585;
593620 -0.990882 -0.782500 -0.990726 -0.764120;
598825 -0.948090 -0.823897 -0.948090 -0.810113;
603892 -1.009996 -0.870422 -0.988388 -0.854682;
608966 -0.990914 -0.900545 -1.026128 -0.897543;
613991 -1.263714 -0.991337 -1.010971 -0.925900;
619057 -1.190298 -1.041077 -1.190298 -0.992000;
624108 -1.266771 -1.097501 -1.140094 -1.029023;
629281 -1.415861 -1.177091 -1.213595 -1.075166;
634434 -1.351170 -1.220611 -1.351170 -1.144167;
639450 -1.146846 -1.202169 -1.337661 -1.192541;
644708 -1.384960 -1.247867 -1.259256 -1.209219;
649839 -1.386405 -1.282501 -1.524776 -1.288109;
654960 -1.431467 -1.319743 -1.431902 -1.324057;
660203 -1.453768 -1.353249 -1.574915 -1.386771;
665293 -1.607364 -1.416778 -1.607364 -1.441920;
670400 -1.687473 -1.484452 -1.566939 -1.473174;
675525 -1.567661 -1.505254 -1.763179 -1.545676;
683312 -1.769769 -1.571383 -1.643621 -1.570162;
692001 -1.275542 -1.497422 -1.141079 -1.462891;
698565 -1.724366 -1.554158 -1.724589 -1.528316;
703643 -2.085359 -1.686958 -1.564538 -1.537371;
708846 -1.690846 -1.687930 -1.859931 -1.618011;
714029 -1.722364 -1.696539 -1.722095 -1.644032;
719144 -1.804875 -1.723623 -1.666038 -1.649534;
724413 -1.861133 -1.758000 -1.628974 -1.644394;
729441 -1.668524 -1.735631 -1.668524 -1.650426;
734586 -1.605721 -1.703154 -1.605310 -1.639147;
739718 -1.837905 -1.736842 -1.715646 -1.658272;
744859 -2.062616 -1.818285 -1.762959 -1.684444;
750132 -1.830091 -1.821237 -1.567270 -1.655150;
755331 -1.574846 -1.759639 -1.574846 -1.635074;
760398 -1.731859 -1.752694 -1.443481 -1.587176;
765561 -1.875951 -1.783508 -1.459073 -1.555150;
770642 -1.591362 -1.735472 -1.591114 -1.564141;
775679 -1.624402 -1.707704 -1.422087 -1.528627;
780851 -1.519390 -1.660626 -1.518901 -1.526196;
785938 -1.604081 -1.646489 -1.403929 -1.495629;
791007 -1.494099 -1.608392 -1.618351 -1.526310;
796192 -1.781397 -1.651643 -1.187897 -1.441707;
801370 -1.512077 -1.616752 -1.385849 -1.427742;
806467 -1.358485 -1.552185 -1.552938 -1.459041;
811492 -1.503874 -1.540107 -1.378551 -1.438918;
816603 -1.430598 -1.512730 -1.634969 -1.487931;
821655 -1.581502 -1.529923 -1.216540 -1.420083;
826733 -1.435079 -1.506212 -1.434704 -1.423739;
831773 -1.424230 -1.485716 -1.294968 -1.391546;
836883 -1.473543 -1.482673 -1.263036 -1.359419;
841969 -1.359676 -1.451924 -1.359676 -1.359483;
846981 -1.365910 -1.430420 -1.561040 -1.409872;
852131 -1.404777 -1.424009 -1.276863 -1.376620;
857173 -1.363802 -1.408957 -1.212034 -1.335473;
862177 -1.295502 -1.380594 -1.296037 -1.325614;
867304 -1.233933 -1.343928 -1.233933 -1.302694;
872449 -1.374603 -1.351597 -1.249440 -1.289380;
877624 -1.215787 -1.317644 -1.216100 -1.271060;
882710 -1.237627 -1.297640 -1.237627 -1.262702;
887766 -1.314945 -1.301966 -1.126827 -1.228733;
892935 -1.179080 -1.271245 -1.179277 -1.216369;
898090 -1.199386 -1.253280 -0.999489 -1.162149;
903202 -1.227760 -1.246900 -1.104984 -1.147858;
908310 -1.065050 -1.201438 -1.065050 -1.127156;
913371 -1.208615 -1.203232 -1.007179 -1.097162;
918408 -0.891919 -1.125404 -0.764502 -1.013997;
923416 -0.627148 -1.000840 -0.627148 -0.917284;
928576 -0.527644 -0.882541 -0.395733 -0.786897;
933608 -0.381446 -0.757267 -0.381446 -0.685534;
938746 -0.134925 -0.601682 -0.134948 -0.547888;
943898 -0.185410 -0.497614 -0.185410 -0.457268;
948930  0.000000 -0.373210  0.000000 -0.342951;
954001  0.187670 -0.232990  0.187625 -0.210307;
959258  0.128986 -0.142496  0.258015 -0.093227;
964316  0.188164 -0.059831  0.188164 -0.022879;
969474  0.254710  0.018804  0.382065  0.078357;
974542  0.380984  0.109349  0.190446  0.106379;
979691  0.386072  0.178530  0.386072  0.176302;
984846  0.367696  0.225821  0.367696  0.224151;
989875  0.505567  0.295758  0.505567  0.294505;
994991  0.394375  0.320412  0.591563  0.368769;
1000034  0.643242  0.401119  0.643242  0.437387;
1005243  0.574962  0.444580  0.574962  0.471781;
1010302  0.632468  0.491552  0.758961  0.543576;
1015311  0.774554  0.562303  0.580916  0.552911;
1020406  0.744336  0.607811  0.868392  0.631781;
1025550  0.801427  0.656215  0.801427  0.674193;
1030711  0.906478  0.718781  0.776981  0.699890;
1035862  0.755554  0.727974  1.133058  0.808182;
1040934  1.104121  0.822011  0.981441  0.851497;
1046163  1.188197  0.913557  0.990414  0.886226;
1051344  1.003223  0.935974  1.003063  0.915435;
1056386  1.141291  0.987303  1.141567  0.971968;
1061430  1.118447  1.020089  1.118270  1.008544;
1066581  1.116415  1.044170  1.116680  1.035578;
1071731  1.198268  1.082695  1.065127  1.042965;
1077120  1.359492  1.151894  1.553706  1.170650;
1082223  1.190538  1.161555  1.309592  1.205386;
1087314  1.273963  1.189657  1.273963  1.222530;
1092511  1.482933  1.262976  1.482933  1.287631;
1097397  1.498137  1.321766  1.498137  1.340257;
1102652  1.522933  1.372058  1.740013  1.440196;
1107799  1.475388  1.397890  1.598587  1.479794;
1112906  1.582666  1.444084  1.582666  1.505512;
1118028  1.608408  1.485165  1.608408  1.531236;
1123048  1.606953  1.515612  1.606953  1.550165;
1128213  1.675576  1.555603  1.675576  1.581518;
1133387  1.694233  1.590261  1.451753  1.549077;
1138573  1.651235  1.605504  1.769180  1.604102;
1143632  1.654776  1.617822  1.654776  1.616771;
1148719  1.620406  1.618468  1.745329  1.648911;
1153940  1.581471  1.609219  1.779155  1.681472;
1158989  1.617582  1.611310  1.741735  1.696538;
1164152  1.668841  1.625692  1.669284  1.689724;
1170474  1.643997  1.630269  1.643997  1.678293;
1175610  1.679637  1.642611  1.613390  1.662067;
1180614  1.519598  1.611857  1.778797  1.691249;
1185925  1.574395  1.602492  1.574395  1.662036;
1191022  1.558806  1.591570  1.798622  1.696182;
1196167  1.536231  1.577735  1.728260  1.704202;
1201277  1.469282  1.550622  1.602853  1.678865;
1206401  1.579881  1.557937  1.579483  1.654019;
1211520  1.568143  1.560488  1.447516  1.602394;
1216496  1.511253  1.548179  1.511253  1.579608;
1221522  1.919246  1.640946  1.493152  1.557994;
1226710  1.395474  1.579578  1.522089  1.549018;
1231754  1.789062  1.631949  1.391845  1.509725;
1236845  1.452241  1.587022  1.452241  1.495354;
1242014  1.363200  1.531067  1.363200  1.462315;
1247114  1.409131  1.500583  1.408901  1.448962;
1252118  1.407208  1.477239  1.759010  1.526474;
1257259  1.525314  1.489258  1.386649  1.491518;
1262307  1.446738  1.478628  1.447072  1.480406;
1267373  1.270871  1.426689  1.270871  1.428022;
1272546  1.399284  1.419838  1.599182  1.470812;
1277592  1.309870  1.392346  1.440617  1.463263;
1282634  1.328610  1.376412  1.328931  1.429680;
1287777  1.265954  1.348797  1.392550  1.420398;
1292792  1.254630  1.325255  1.254296  1.378872;
1297896  1.457139  1.358226  1.457139  1.398439;
1303126  1.254296  1.332244  1.254296  1.362403;
1308281  1.236263  1.308249  1.236458  1.330917;
1313422  1.169618  1.273591  1.169618  1.290592;
1318646  1.230646  1.262855  1.107234  1.244753;
1323900  1.179277  1.241960  1.179572  1.228457;
1328923  1.293546  1.254857  1.293546  1.244730;
1334087  1.077364  1.210483  1.077364  1.202888;
1339220  1.207191  1.209660  1.086305  1.173742;
1344410  1.145452  1.193608  1.146009  1.166809;
1349424  1.078658  1.164871  0.943826  1.111063;
1354501  0.792931  1.071886  0.792931  1.031530;
1359582  0.643031  0.964672  0.514425  0.902254;
1364611  0.405891  0.824977  0.405995  0.778189;
1369675  0.252296  0.681807  0.126108  0.615169;
1374680  0.202058  0.561869  0.202110  0.511904;
1379783  0.000000  0.421402  0.133821  0.417383;
1384933  0.000000  0.316052  0.000000  0.313038;
1390039  0.000000  0.237039  0.128145  0.266814;
1395166 -0.186290  0.131207 -0.186334  0.153527;
1400193 -0.129369  0.066063 -0.129369  0.082803;
1405237 -0.194405  0.000946 -0.388907 -0.035124;
1410256 -0.259079 -0.064061 -0.259079 -0.091113;
1415325 -0.386610 -0.144698 -0.386515 -0.164964;
1420342 -0.391135 -0.206307 -0.391070 -0.221490;
1425369 -0.570369 -0.297323 -0.570507 -0.308744;
1430514 -0.509172 -0.350285 -0.509172 -0.358851;
1435657 -0.581920 -0.408194 -0.581920 -0.414618;
1440732 -0.628118 -0.463175 -0.628017 -0.467968;
1445819 -0.632620 -0.505536 -0.790775 -0.548670;
1450951 -0.757558 -0.568542 -0.757741 -0.600938;
1456079 -0.751338 -0.614241 -0.751338 -0.638538;
1461142 -0.778007 -0.655182 -0.778007 -0.673405;
1466312 -0.903201 -0.717187 -0.903201 -0.730854;
1471403 -0.916879 -0.767110 -1.099997 -0.823140;
1476608 -1.015711 -0.829260 -1.015875 -0.871324;
1481732 -1.034780 -0.880640 -1.034780 -0.912188;
1486797 -1.197862 -0.959946 -1.197862 -0.983606;
1492023 -1.020793 -0.975157 -1.020793 -0.992903;
1497198 -1.253828 -1.044825 -1.128446 -1.026789;
1502098 -1.167300 -1.075444 -1.167011 -1.061844;
1507174 -1.172042 -1.099593 -1.302485 -1.122004;
1512331 -1.520984 -1.204941 -1.140738 -1.126688;
1517509 -1.488671 -1.275874 -1.364615 -1.186170;
1522587 -1.536607 -1.341057 -1.344531 -1.225760;
1527754 -1.460527 -1.370924 -1.338816 -1.254024;
1532894 -1.473543 -1.396579 -1.473543 -1.308904;
1537990 -1.488436 -1.419543 -1.488436 -1.353787;
1543037 -1.570796 -1.457356 -1.570404 -1.407941;
1548074 -1.532235 -1.476076 -1.532733 -1.439139;
1553182 -1.665940 -1.523542 -1.850608 -1.542006;
1558336 -1.697452 -1.567020 -1.566879 -1.548225;
1563451 -2.028404 -1.682366 -1.622723 -1.566849;
1568565 -1.791510 -1.709652 -1.671822 -1.593093;
1573787 -1.901179 -1.757534 -1.901690 -1.670242;
1578799 -1.831049 -1.775913 -1.708714 -1.679860;
1585094 -1.739191 -1.766732 -1.637099 -1.669170;
1590127 -1.619378 -1.729894 -1.942452 -1.737490;
1595277 -1.816089 -1.751443 -1.816650 -1.757280;
1600455 -1.923948 -1.794569 -1.495996 -1.691959;
1605745 -1.648265 -1.757993 -1.530532 -1.651602;
1610941 -1.658708 -1.733172 -1.451369 -1.601544;
1616013 -1.712973 -1.728122 -1.713240 -1.629468;
1621210 -1.637952 -1.705580 -1.637525 -1.631482;
1626318 -1.981140 -1.774470 -1.485855 -1.595076;
1631318 -1.651731 -1.743785 -1.571582 -1.589202;
1636407 -1.483983 -1.678835 -1.530742 -1.574587;
1641433 -1.580676 -1.654295 -1.580278 -1.576010;
1646606 -1.542012 -1.626224 -1.542264 -1.567573;
1651838 -1.408966 -1.571910 -1.408966 -1.527922;
1665318 -0.716822 -1.358138 -0.669034 -1.313200;
1670513 -1.508723 -1.395784 -1.292836 -1.308109;
1675723 -1.376818 -1.391043 -1.377086 -1.325353;
1681557 -1.474135 -1.411816 -1.368656 -1.336179;
1692429 -1.517189 -1.438159 -1.300328 -1.327216;
1699998 -1.348768 -1.415811 -1.348768 -1.332604;
1708442 -1.553398 -1.450208 -1.395519 -1.348333;
1716258 -1.267209 -1.404458 -1.205677 -1.312669;
1721569 -1.433208 -1.411646 -1.253771 -1.297945;
1730245 -1.308724 -1.385915 -1.390520 -1.321088;
1737660 -1.270699 -1.357111 -1.270871 -1.308534;
1746001 -1.318572 -1.347477 -1.130069 -1.263918;
1751979 -1.313375 -1.338951 -1.149203 -1.235239;
1759726 -1.230205 -1.311765 -1.229792 -1.233877;
1766883 -1.316126 -1.312855 -1.097231 -1.199716;
1774289 -1.170172 -1.277184 -1.063649 -1.165699;
1779983 -1.210966 -1.260630 -1.038200 -1.133824;
1787709 -1.146824 -1.232178 -1.058726 -1.115050;
1799397 -1.278931 -1.243867 -1.075335 -1.105121;
1807530 -1.155989 -1.221897 -1.062001 -1.094341;
1815226 -1.122726 -1.197104 -1.020395 -1.075855;
1820393 -1.258399 -1.212428 -1.101320 -1.082221;
1827709 -1.048596 -1.171470 -0.943736 -1.047600;
1834067 -0.988388 -1.125700 -0.864704 -1.001876;
1839696 -1.051403 -1.107125 -1.051638 -1.014316;
1844765 -1.013254 -1.083657 -0.886597 -0.982386;
1850291 -0.995075 -1.061512 -0.852921 -0.950020;
1857442 -0.989166 -1.043425 -0.879259 -0.932330;
1863920 -0.966793 -1.024267 -0.845813 -0.910701;
1869030 -0.929190 -1.000498 -0.929190 -0.915323;
1874151 -1.075520 -1.019253 -0.806640 -0.888152;
1879309 -0.771764 -0.957381 -0.772270 -0.859182;
1884479 -0.995120 -0.966816 -0.870592 -0.862034;
1889658 -0.784418 -0.921216 -0.784614 -0.842679;
1894798 -0.836643 -0.900073 -0.627398 -0.788859;
1899957 -0.594323 -0.823635 -0.594548 -0.740281;
1904992 -0.386072 -0.714244 -0.257381 -0.619556;
1909998 -0.391135 -0.633467 -0.195567 -0.513559;
1915119 -0.133412 -0.508453 -0.133435 -0.418528;
1920291  0.000000 -0.381340 -0.183034 -0.359654;
1925457  0.128648 -0.253843  0.000000 -0.269741;
1930513  0.000000 -0.190382  0.000000 -0.202306;
1935635  0.131933 -0.109803  0.131933 -0.118746;
1940757  0.182778 -0.036658  0.182778 -0.043365;
1945844  0.260627  0.037663  0.260627  0.032633;
1950853  0.555575  0.167141  0.185192  0.070773;
1955998  0.258185  0.189902  0.387277  0.149899;
1960972  0.386230  0.238984  0.386135  0.208958;
1966110  0.513836  0.307697  0.514004  0.285219;
1971124  0.560598  0.370922  0.560465  0.354031;
1976137  0.527113  0.409970  0.527113  0.397301;
1981202  0.587726  0.454409  0.587580  0.444871;
1986396  0.646951  0.502544  0.646951  0.495391;
1991417  0.773030  0.570166  0.579772  0.516486;
1996453  0.810524  0.630255  0.911958  0.615354;
2001530  0.623332  0.628525  0.311666  0.539432;
