391150  0.000000  0.000000  0.000000  0.000000;
397014  0.000000  0.000000  0.000000  0.000000;
410576  0.000000  0.000000  0.000000  0.000000;
415642  0.000000  0.000000  0.000000  0.000000;
420763  0.000000  0.000000  0.000000  0.000000;
425927  0.000000  0.000000  0.000000  0.000000;
431031  0.000000  0.000000  0.000000  0.000000;
436065  0.000000  0.000000  0.000000  0.000000;
441152  0.000000  0.000000  0.000000  0.000000;
446303  0.000000  0.000000  0.000000  0.000000;
451407  0.000000  0.000000  0.000000  0.000000;
456466  0.000000  0.000000  0.000000  0.000000;
461486  0.000000  0.000000  0.000000  0.000000;
466739 -0.186423 -0.009321 -0.186334 -0.009317;
471838  0.000000 -0.008855  0.000000 -0.008851;
476952 -0.183504 -0.017588 -0.183461 -0.017581;
482083 -0.128354 -0.023126 -0.256708 -0.029538;
487101 -0.193162 -0.031628 -0.193210 -0.037721;
492128 -0.254669 -0.042780 -0.381941 -0.054932;
497253 -0.397268 -0.060504 -0.198634 -0.062117;
502317 -0.510496 -0.083004 -0.382872 -0.078155;
507468 -0.557283 -0.106718 -0.371434 -0.092819;
512534 -0.389261 -0.120845 -0.519014 -0.114129;
517736 -0.743396 -0.151972 -0.743572 -0.145601;
522892 -0.627014 -0.175725 -0.627014 -0.169672;
527907 -0.600764 -0.196976 -0.600610 -0.191219;
533054 -0.772270 -0.225741 -0.772270 -0.220271;
538096 -0.925304 -0.260719 -0.740243 -0.246270;
543228 -0.769495 -0.286158 -0.769621 -0.272437;
548238 -0.769810 -0.310341 -0.769621 -0.297297;
553300 -0.928053 -0.341226 -0.928210 -0.328842;
558475 -0.989914 -0.373661 -0.791932 -0.351997;
563510 -0.993797 -0.404668 -0.993797 -0.384087;
568625 -0.604152 -0.414642 -0.905880 -0.410176;
573656 -1.119510 -0.449885 -1.119510 -0.445643;
578707 -1.052248 -0.480003 -1.052248 -0.475973;
583728 -1.251232 -0.518565 -1.126288 -0.508489;
588797 -1.181642 -0.551719 -1.181642 -0.542147;
593933 -1.495522 -0.598909 -1.121641 -0.571121;
598938 -1.187000 -0.628313 -1.384484 -0.611790;
604118 -1.311779 -0.662487 -1.311979 -0.646799;
609679 -1.742232 -0.716474 -1.277637 -0.678341;
616812 -0.881356 -0.724718 -0.770970 -0.682972;
629350 -1.378001 -0.757382 -1.503514 -0.723999;
634365 -1.824621 -0.810744 -1.621467 -0.768873;
639369 -1.616046 -0.851009 -1.454441 -0.803151;
644374 -1.536124 -0.885265 -1.536553 -0.839821;
649524 -1.927357 -0.937370 -1.565738 -0.876117;
654679 -1.887472 -0.984875 -1.677753 -0.916199;
659746 -1.865277 -1.028895 -1.982151 -0.969497;
664899 -1.727415 -1.063821 -1.535105 -0.997777;
669985 -2.020852 -1.111672 -1.783105 -1.037043;
675122 -1.869996 -1.149589 -1.636733 -1.067028;
680729 -1.876418 -1.185930 -2.110655 -1.119209;
686162 -1.747659 -1.214016 -1.747659 -1.150632;
692888 -1.751297 -1.240880 -1.634544 -1.174827;
697980 -1.826507 -1.270162 -1.522680 -1.192220;
703031 -1.807452 -1.297026 -1.652228 -1.215220;
708173 -1.832901 -1.323820 -1.670045 -1.237962;
713603 -1.726571 -1.343958 -1.534730 -1.252800;
718621 -1.699628 -1.361741 -1.529996 -1.266660;
723638 -1.895789 -1.388444 -1.895789 -1.298116;
728773 -1.700259 -1.404034 -1.457139 -1.306067;
734522 -1.606131 -1.414139 -1.606131 -1.321071;
739655 -1.620269 -1.424446 -1.512459 -1.330640;
744831 -1.582826 -1.432365 -1.423969 -1.335306;
749865 -1.583754 -1.439934 -1.584335 -1.347758;
754998 -1.548672 -1.445371 -1.548236 -1.357782;
760208 -1.534211 -1.449813 -1.652476 -1.372517;
765209 -1.513291 -1.452987 -1.512875 -1.379534;
770342 -1.513777 -1.456026 -1.514021 -1.386259;
775414 -1.583464 -1.462398 -1.385531 -1.386222;
780515 -1.461659 -1.462361 -1.461432 -1.389983;
785608 -1.515795 -1.465033 -1.515795 -1.396273;
790922 -1.399997 -1.461781 -1.399997 -1.396460;
795989 -1.713908 -1.474388 -1.285781 -1.390926;
801064 -1.330773 -1.467207 -1.451753 -1.393967;
806076 -1.566879 -1.472190 -1.566488 -1.402593;
811152 -1.538991 -1.475530 -1.410972 -1.403012;
816188 -1.468818 -1.475195 -1.258987 -1.395811;
822195 -1.457647 -1.474317 -1.275441 -1.389792;
827363 -1.460527 -1.473628 -1.459848 -1.393295;
832476 -1.360318 -1.467962 -1.236847 -1.385473;
837628 -1.336685 -1.461399 -1.145730 -1.373486;
842719 -1.393673 -1.458012 -1.140278 -1.361825;
847890 -1.328931 -1.451558 -1.207747 -1.354121;
852992 -1.403499 -1.449155 -1.123201 -1.342575;
858047 -1.451455 -1.449270 -1.129141 -1.331904;
863183 -1.274170 -1.440515 -1.274376 -1.329027;
868252 -1.212658 -1.429122 -1.212346 -1.323193;
873260 -1.173813 -1.416357 -0.938910 -1.303979;
878396 -1.003918 -1.395735 -1.003918 -1.288976;
883412 -1.201833 -1.386040 -1.001783 -1.274616;
888572 -1.099313 -1.371703 -0.977167 -1.259744;
893589 -1.207995 -1.363518 -1.006405 -1.247077;
898740 -0.808716 -1.335778 -0.808716 -1.225159;
903877 -0.913254 -1.314652 -0.548080 -1.191305;
909004 -0.402768 -1.269058 -0.537024 -1.158591;
914053 -0.388234 -1.225016 -0.194069 -1.110365;
919095 -0.131272 -1.170329 -0.131294 -1.061411;
924164 -0.194985 -1.121562  0.000000 -1.008341;
933636  0.000000 -1.065484  0.061677 -0.954840;
939746  0.000000 -1.012210  0.281909 -0.893002;
944846  0.099506 -0.956624  0.198986 -0.838403;
960733  0.239188 -0.896833  0.239188 -0.784523;
965763  0.212557 -0.841364  0.425114 -0.724041;
975633  0.350499 -0.781771  0.350499 -0.670314;
980676  0.376239 -0.723870  0.376329 -0.617982;
987187  0.426731 -0.666340  0.425632 -0.565802;
993639  0.391427 -0.613452  0.393289 -0.517847;
1000187  0.449570 -0.560301  0.561801 -0.463865;
1006483  0.555346 -0.504518  0.555444 -0.412899;
1011518  0.511660 -0.453709  0.511660 -0.366671;
1018160  0.591414 -0.401453  0.591414 -0.318767;
1027606  0.663904 -0.348185  0.580916 -0.273783;
1035947  0.565238 -0.302514  0.565035 -0.231842;
1058383  0.699998 -0.252389  0.735064 -0.183497;
1068247  0.717914 -0.203873  0.797763 -0.134434;
1077118  0.706770 -0.158341  0.795116 -0.087956;
1082852  0.822119 -0.109318  1.095968 -0.028760;
1089393  0.840383 -0.061833  0.840512  0.014704;
1097374  0.787169 -0.019383  0.984085  0.063173;
1102520  0.784418  0.020807  0.980277  0.109028;
1111780  0.906229  0.065078  0.906142  0.148884;
1118744  0.902368  0.106943  0.902368  0.186558;
1127505  0.896471  0.146419  0.896471  0.222053;
1132674  0.982976  0.188247  0.983592  0.260130;
1137756  0.936857  0.225677  0.936857  0.293967;
1142860  0.921288  0.260458  1.074836  0.333010;
1148018  1.086305  0.301750  1.086305  0.370675;
1153148  1.111675  0.342246  1.262118  0.415247;
1158157  1.099826  0.380125  0.995750  0.444272;
1163331  1.059917  0.414115  1.271900  0.485654;
1168339  1.155337  0.451176  1.155337  0.519138;
1173383  1.263036  0.491769  1.473148  0.566838;
1178511  1.171071  0.525734  1.301190  0.603556;
1183674  1.253295  0.562112  1.253295  0.636043;
1188734  1.297984  0.598906  1.297984  0.669140;
1193782  1.246664  0.631294  1.246994  0.698033;
1198814  1.421535  0.670806  1.416834  0.733973;
1203959  1.393786  0.706955  1.402914  0.767420;
1209138  1.444410  0.743828  1.444410  0.801269;
1214172  1.430598  0.778166  1.430598  0.832736;
1219407  1.651598  0.821838  1.524305  0.867314;
1224491  1.551787  0.858335  1.552170  0.901557;
1229639  1.572565  0.894047  1.670433  0.940001;
1234790  2.144432  0.956566  1.609422  0.973472;
1239850  1.582135  0.987844  1.713980  1.010497;
1244990  1.640090  1.020457  1.845101  1.052227;
1250211  1.552642  1.047066  1.988054  1.099019;
1255214  1.653035  1.077364  1.930252  1.140580;
1260273  1.620663  1.104529  1.620920  1.164597;
1265365  1.636246  1.131115  1.839819  1.198358;
1270475  1.599338  1.154526  1.599589  1.218420;
1275573  1.711107  1.182355  1.711573  1.243078;
1280765  1.517678  1.199121  1.644151  1.263131;
1285937  1.677604  1.223046  1.677902  1.283870;
1291090  1.494776  1.236632  1.920811  1.315717;
1296299  1.654963  1.257549  1.536751  1.326769;
1301354  1.742909  1.281817  1.525045  1.336682;
1306601  1.925881  1.314020  1.564778  1.348087;
1311842  1.689482  1.332793  1.901179  1.375742;
1316867  1.586170  1.345462  1.463929  1.380151;
1322123  1.446786  1.350528  1.447167  1.383502;
1327252  1.481417  1.357072  1.481417  1.388398;
1332257  1.492443  1.363841  1.492443  1.393600;
1337349  1.436545  1.367476  1.537233  1.400782;
1342473  1.401782  1.369191  1.444885  1.402987;
1347622  1.418540  1.371659  1.773175  1.421496;
1352691  1.510058  1.378579  1.342274  1.417535;
1357819  1.431380  1.381219  1.574231  1.425370;
1362962  1.274307  1.375873  1.274997  1.417851;
1367980  1.418617  1.378011  1.418152  1.417866;
1373032  1.289047  1.373562  1.289350  1.411440;
1378041  1.330281  1.371398  1.330056  1.407371;
1383128  1.250302  1.365344  1.667955  1.420400;
1388223  1.388968  1.366525  1.262495  1.412505;
1393331  1.342561  1.365327  1.342889  1.409024;
1398325  1.265954  1.360358  1.265547  1.401850;
1403348  1.552554  1.369968  1.164703  1.389993;
1408511  1.263714  1.364655  1.516213  1.396304;
1413678  1.214533  1.357149  1.417321  1.397355;
1418779  1.262698  1.352426  1.136428  1.384309;
1423854  1.180754  1.343843  1.377892  1.383988;
1428926  1.268818  1.340092  1.141567  1.371867;
1434077  1.034235  1.324799  1.034508  1.354999;
1439146  1.194522  1.318285  1.075070  1.341002;
1444329  1.081816  1.306461  1.081816  1.328043;
1449470  1.163170  1.299297  1.033759  1.313329;
1454815  1.070754  1.287870  1.052389  1.300282;
1459996  1.016916  1.274322  0.717586  1.271147;
1465120  0.642059  1.242709  0.642190  1.239699;
1470174  0.517731  1.206460  0.517646  1.203596;
1475255  0.313282  1.161801  0.313345  1.159084;
1480309  0.192641  1.113343  0.192641  1.110762;
1485336  0.000000  1.057676  0.133480  1.061898;
1490504  0.000000  1.004792  0.000000  1.008803;
1495628 -0.131469  0.947979  0.000000  0.958363;
1500800 -0.184409  0.891360 -0.184366  0.901226;
1505873 -0.252418  0.834171 -0.126189  0.849855;
1511056 -0.189070  0.783009 -0.189116  0.797907;
1516161 -0.383745  0.724671 -0.383683  0.738827;
1521263 -0.375429  0.669666 -0.375429  0.683115;
1526320 -0.387277  0.616819 -0.387277  0.629595;
1531325 -0.385188  0.566719 -0.385282  0.578851;
1536390 -0.533196  0.511723 -0.533196  0.523249;
1541478 -0.554921  0.458391 -0.554921  0.469340;
1546561 -0.643769  0.403283 -0.515015  0.420123;
1551701 -0.592157  0.353511 -0.789543  0.359639;
1556836 -0.745867  0.298542 -0.621458  0.310584;
1563716 -0.781491  0.244540 -0.937976  0.248156;
1568743 -0.790139  0.192806 -0.677165  0.201890;
1574400 -0.949367  0.135697 -0.811222  0.151235;
1579514 -0.876756  0.085075 -1.056353  0.090855;
1584551 -1.078473  0.026897 -0.943664  0.039129;
1589560 -1.239124 -0.036404 -1.032603 -0.014457;
1594725 -1.044239 -0.086795 -1.044239 -0.065946;
1599956 -1.063745 -0.135643 -1.241035 -0.124701;
1605046 -1.146195 -0.186171 -1.018840 -0.169408;
1610051 -1.190298 -0.236377 -1.389032 -0.230389;
1615132 -1.220510 -0.285584 -1.220320 -0.279886;
1620262 -1.298537 -0.336231 -1.082114 -0.319997;
1625361 -1.266159 -0.382728 -1.266363 -0.367315;
1630377 -1.389778 -0.433080 -1.910944 -0.444497;
1635405 -1.420507 -0.482451 -1.278225 -0.486183;
1640584 -1.451417 -0.530900 -1.451417 -0.534445;
1645657 -1.397958 -0.574253 -1.397958 -0.577620;
1650745 -1.529500 -0.622015 -1.720687 -0.634774;
1655890 -1.507241 -0.666276 -1.507482 -0.678409;
1661044 -1.846065 -0.725266 -1.640518 -0.726515;
1666057 -1.631019 -0.770553 -1.631279 -0.771753;
1671246 -1.642329 -0.814142 -1.641185 -0.815224;
1676309 -1.959821 -0.871426 -1.715646 -0.860246;
1681386 -1.665744 -0.911142 -1.873465 -0.910907;
1686429 -1.683181 -0.949744 -1.683181 -0.949520;
1691476 -1.680895 -0.986301 -1.680895 -0.986089;
1696580 -1.777781 -1.025875 -1.778068 -1.025688;
1701628 -1.852791 -1.067221 -1.667512 -1.057779;
1706788 -1.797250 -1.103723 -1.540500 -1.081915;
1711884 -1.903996 -1.143736 -1.713596 -1.113499;
1716899 -1.701129 -1.171606 -1.570273 -1.136338;
1722153 -1.818519 -1.203952 -1.616461 -1.160344;
1727159 -1.612218 -1.224365 -1.488201 -1.176737;
1732302 -1.771575 -1.251725 -1.574733 -1.196637;
1737424 -1.622208 -1.270249 -1.497185 -1.211664;
1742439 -1.826507 -1.298062 -1.623982 -1.232280;
1747751 -1.568183 -1.311568 -1.437501 -1.242541;
1752823 -1.639282 -1.327954 -1.456802 -1.253254;
1757946 -1.642828 -1.343698 -1.516457 -1.266414;
1763077 -1.669284 -1.359977 -1.411861 -1.273687;
1768578 -1.959064 -1.389931 -1.326526 -1.276329;
1773765 -1.478297 -1.394350 -1.267453 -1.275885;
1779043 -1.414768 -1.395371 -1.415132 -1.282847;
1784234 -1.465979 -1.398901 -1.343605 -1.285885;
1789273 -1.575347 -1.407723 -1.575347 -1.300358;
1794448 -1.383474 -1.406511 -1.383474 -1.304514;
1799527 -1.519145 -1.412143 -1.329252 -1.305751;
1804538 -1.398863 -1.411479 -1.271694 -1.304048;
1809706 -1.612727 -1.421541 -1.209545 -1.299323;
1814857 -1.463020 -1.423615 -1.340894 -1.301401;
1819963 -1.273963 -1.416132 -1.273963 -1.300029;
1825018 -1.429730 -1.416812 -1.310586 -1.300557;
1830087 -1.299611 -1.410952 -1.292482 -1.300154;
1835236 -1.314034 -1.406106 -1.186800 -1.294486;
1840285 -1.338312 -1.402717 -1.338312 -1.296677;
1845435 -1.255231 -1.395342 -1.255031 -1.294595;
1850438 -1.302176 -1.390684 -1.116415 -1.285686;
1855620 -1.306601 -1.386480 -1.306384 -1.286721;
1860706 -1.170780 -1.375695 -0.975892 -1.271179;
1865923 -1.407753 -1.377298 -1.151798 -1.265210;
1871100 -1.131698 -1.365018 -1.272472 -1.265573;
1876253 -1.308997 -1.362217 -1.146089 -1.259599;
1881305 -1.124139 -1.350313 -1.123870 -1.252813;
1886489 -1.151235 -1.340359 -1.023487 -1.241346;
1891596 -1.208615 -1.333772 -1.007179 -1.229638;
1896781 -1.008213 -1.317494 -0.882187 -1.212265;
1901832 -0.616160 -1.282427 -0.615999 -1.182452;
1907016 -0.785529 -1.257582 -0.392830 -1.142971;
1912124 -0.372668 -1.213337 -0.559002 -1.113773;
1917176 -0.261669 -1.165753 -0.261669 -1.071167;
1922268  0.000000 -1.107465  0.000000 -1.017609;
1927411 -0.129071 -1.058546  0.000000 -0.966729;
1932421  0.000000 -1.005618  0.000000 -0.918392;
1937499  0.000000 -0.955338  0.133299 -0.865808;
1942563  0.145579 -0.900292  0.436656 -0.800684;
1947706  0.195519 -0.845501  0.195519 -0.750874;
1952840  0.257973 -0.790327  0.386959 -0.693983;
1957894  0.188209 -0.741401  0.376419 -0.640463;
1963020  0.395933 -0.684534  0.395999 -0.588639;
1968034  0.372668 -0.631674  0.558870 -0.531264;
1973185  0.516370 -0.574272  0.516285 -0.478887;
1978232  0.575383 -0.516789  0.383683 -0.435758;
1983294  0.511410 -0.465379  0.639263 -0.382007;
1988337  0.762153 -0.404002  0.761968 -0.324808;
1993483  0.645462 -0.351529  0.645568 -0.276289;
1998497  0.752297 -0.296338  0.940146 -0.215468;
2003668  0.923687 -0.235337  0.791865 -0.165101;
