390143  0.000000  0.000000  0.000000  0.000000;
396180 -1.596462 -9.940615  0.000000  0.000000;
409522 -1.592874 -9.931045  0.000000  0.000000;
414569 -1.594070 -9.928054  0.000000  0.000000;
419633 -1.595864 -9.929849  0.000000  0.000000;
424673 -1.595864 -9.929849  0.000000  0.000000;
429730 -1.595266 -9.928054  0.000000  0.000000;
434789 -1.594070 -9.922671  0.000000  0.000000;
439877 -1.594070 -9.922073  0.000000  0.000000;
444939 -1.594668 -9.922073  0.000000  0.000000;
450023 -1.595266 -9.922073  0.000000  0.000000;
455063 -1.594668 -9.917288  0.000000  0.000000;
460161 -1.594668 -9.913101 -2.014163  0.000000;
465297 -1.595266 -9.912503  0.322416  0.000000;
470341 -1.628164 -9.912503 -2.977818  0.000000;
475471 -1.801028 -9.912503 -1.609089  0.000000;
480517 -1.801028 -9.868838 -0.493384  0.000000;
485630 -1.801028 -9.779714 -1.323486  0.000000;
490757 -2.552895 -9.650515  1.826295  0.000000;
495853 -2.552895 -9.868838  5.087702  0.000000;
500979 -2.552895 -9.911904  2.437534  0.000000;
506078 -2.243655 -9.911904  6.241883  0.000000;
511165 -2.100698 -9.868838  2.644087  0.000000;
516227 -1.500161 -9.764761  3.774216  0.000000;
521245 -1.500161 -9.911904  2.273343  0.000000;
526408 -1.500161 -10.051870 -1.836887  0.000000;
531476 -0.454605 -10.051870 -3.154806  0.000000;
536662  1.086216 -9.990859 -5.735831  0.000000;
541736  0.817051 -9.911904 -3.615286  0.000000;
546825 -0.454605 -9.911904 -6.563147  0.000000;
551837 -0.696255 -9.951382 -1.818464  0.000000;
556997 -0.696255 -9.911904 -3.628200  0.000000;
562017 -0.696255 -9.842520 -1.310265  0.000000;
567172 -2.338162 -9.764761  1.458193  0.000000;
572231 -3.196499 -9.764761 -1.282085  0.000000;
577272 -4.164895 -9.764761 -2.751057  0.000000;
582358 -4.164895 -9.611038  0.102717  0.000000;
587523 -4.164895 -9.470474 -0.503590  0.000000;
592595 -4.803115 -9.320339 -2.957981  0.000000;
597623 -4.803115 -9.416043  2.269143  0.000000;
602760 -4.803115 -9.611038  2.571638  0.000000;
607811 -4.585988 -9.611038  3.753908  0.000000;
612820 -3.989040 -9.611038  5.115871  0.000000;
617889 -3.555984 -9.679824  5.376390  0.000000;
622896 -3.555984 -9.726480  4.412089  0.000000;
627924 -3.555984 -9.782705  1.619046  0.000000;
633043 -2.141372 -9.782705  0.588602  0.000000;
638066  0.162681 -9.782705 -0.869533  0.000000;
643091  1.054514 -10.608145  1.679783  0.000000;
648218  1.054514 -10.608145  3.433246  0.000000;
653376  1.054514 -10.608145  0.138962  0.000000;
658432  2.346506 -10.498684  1.708445  0.000000;
663593  2.346506 -10.498684  3.061499  0.000000;
668701  1.986423 -10.649417 -1.328498  0.000000;
673748  1.461252 -10.649417 -6.185281  0.000000;
678856  0.825425 -10.649417 -3.957150  0.000000;
683941  0.825425 -10.149966 -7.072660  0.000000;
689022  0.825425 -10.139199 -2.110990  0.000000;
694172  0.361863 -10.094338 -3.967684  0.000000;
699305 -0.852371 -10.094338 -1.481379  0.000000;
704480 -2.178457 -10.094338 -1.193420  0.000000;
709519 -2.178457 -9.541055 -1.079202  0.000000;
714665 -2.178457 -9.509353  1.588440  0.000000;
719726 -5.063906 -9.422622 -0.203677  0.000000;
724734 -6.047255 -9.422622  1.271427  0.000000;
729884 -6.047255 -9.422622 -2.537804  0.000000;
734912 -5.407241 -9.299404 -2.797712  0.000000;
739972 -5.198488 -9.299404  1.303936  0.000000;
745105 -5.063906 -9.532083  5.821991  0.000000;
750136 -5.063906 -9.541055  2.951847  0.000000;
755173 -5.063906 -9.667861  7.266278  0.000000;
760256 -4.278542 -9.667861  2.121298  0.000000;
765396 -2.882473 -9.667861  1.913788  0.000000;
770523 -1.722671 -9.828762  0.653555  0.000000;
775634 -1.722671 -10.209182 -0.704028  0.000000;
780754 -1.722671 -10.663772  0.640921  0.000000;
785807  0.520371 -10.209182  3.423014  0.000000;
790892  2.165866 -10.133218  1.442833  0.000000;
795921  2.207736 -10.209182  0.978736  0.000000;
800982  2.207736 -10.405972  1.316874  0.000000;
806064  2.207736 -10.818691  2.902455  0.000000;
811079  2.207736 -10.489712 -0.335541  0.000000;
816152  2.207736 -10.405972 -2.774409  0.000000;
821189  1.534226 -10.209182 -4.406580  0.000000;
826202  1.042551 -10.408364 -7.389382  0.000000;
831307  0.520371 -10.469375 -2.454570  0.000000;
836379  0.520371 -10.408364 -4.345631  0.000000;
841451  0.520371 -10.209182 -0.758861  0.000000;
846535 -2.764040 -9.849099 -1.608648  0.000000;
851607 -3.557180 -9.849099 -1.656268  0.000000;
856609 -4.100893 -9.849099  1.040702  0.000000;
861676 -4.100893 -9.344863 -1.564242  0.000000;
866846 -4.100893 -9.344863 -1.117968  0.000000;
871912 -5.907290 -9.316751 -1.228310  0.000000;
876940 -5.907290 -9.316751 -0.823966  0.000000;
881970 -5.907290 -9.316751 -3.213260  0.000000;
886972 -5.777492 -9.316751 -2.768209  0.000000;
892109 -5.296584 -9.316751  0.470691  0.000000;
899538 -4.996316 -9.498587  2.102192  0.000000;
904742 -4.996316 -9.620010  2.815387  0.000000;
909878 -4.996316 -9.620010  13.833532  0.000000;
914889 -4.328188 -9.620010  3.259897  0.000000;
919995 -2.274160 -9.620010  2.314173  0.000000;
925157 -1.094021 -10.120657  2.095673  0.000000;
930277 -1.094021 -10.717007 -0.169482  0.000000;
935390 -1.094021 -10.717007  1.935862  0.000000;
940430  1.408615 -10.489114  1.855575  0.000000;
945580  2.489462 -10.120657  1.603800  0.000000;
950666  2.573801 -10.489114  1.525775  0.000000;
955813  2.158090 -10.556704 -1.097457  0.000000;
960890  1.760324 -10.717007  1.477336  0.000000;
965897  1.760324 -10.556704 -5.457053  0.000000;
970967  1.760324 -10.489114 -3.740493  0.000000;
976016  1.107749 -10.193630 -4.952357  0.000000;
981022  0.913352 -10.193630 -1.954218  0.000000;
986195  0.120810 -10.193630 -3.968666  0.000000;
991250  0.120810 -10.035122 -0.316933  0.000000;
996345  0.120810 -9.669656 -1.227176  0.000000;
1001422 -3.866421 -9.426211 -0.220325  0.000000;
1006567 -4.482509 -9.426211 -0.523504  0.000000;
1011634 -5.261294 -9.559597 -0.868565  0.000000;
1016758 -5.261294 -9.427407 -0.854350  0.000000;
1021858 -5.001699 -9.426211 -1.324142  0.000000;
1026868 -4.716384 -9.313162 -0.955299  0.000000;
1031908 -4.716384 -9.427407  1.926916  0.000000;
1036944 -4.716384 -9.602664  2.244871  0.000000;
1042050 -4.130801 -9.602664  5.780904  0.000000;
1047133 -3.680398 -9.602664  3.755353  0.000000;
1052212 -3.347829 -9.760574  2.518266  0.000000;
1057246 -3.347829 -9.785098  3.060239  0.000000;
1062364 -3.347829 -9.797061  1.907551  0.000000;
1067381 -1.598257 -9.797061  0.595437  0.000000;
1072490  0.515586 -9.797061 -0.801596  0.000000;
1077659  1.702903 -10.298904  0.621525  0.000000;
1082726  1.702903 -10.298904  5.318695  0.000000;
1087767  1.702903 -10.385037  1.311032  0.000000;
1092804  1.702903 -10.385037  3.002900  0.000000;
1097946  1.702903 -10.385037  0.930588  0.000000;
1103021  1.622751 -10.337185 -1.951215  0.000000;
1108067  1.253696 -10.337185 -4.381337  0.000000;
1113113  0.689048 -10.337185 -8.229074  0.000000;
1118170  0.689048 -10.082376 -5.598046  0.000000;
1123334  0.689048 -10.076992 -1.854406  0.000000;
1128447 -1.047366 -10.064431  0.458913  0.000000;
1133621 -2.479324 -10.064431 -1.646978  0.000000;
1138745 -3.535049 -10.064431 -1.595465  0.000000;
1143764 -3.535049 -9.932839 -1.226212  0.000000;
1148894 -3.535049 -9.413650 -0.342429  0.000000;
1153990 -5.718276 -9.532681  1.151122  0.000000;
1159008 -5.718276 -9.532681 -2.508311  0.000000;
1164060 -5.718276 -9.532681 -3.239578  0.000000;
1169146 -5.241555 -9.380752 -2.057170  0.000000;
1174164 -4.862929 -9.380752 -2.421415  0.000000;
1179258 -4.699038 -9.521914  1.638314  0.000000;
1184353 -4.699038 -9.530288  5.910790  0.000000;
1189514 -4.699038 -9.615823  3.338504  0.000000;
1194563 -4.554287 -9.557803  5.194116  0.000000;
1199596 -3.199490 -9.557803  4.540876  0.000000;
1204718 -2.228701 -9.712722  4.711116  0.000000;
1209743 -2.228701 -9.756985  0.592624  0.000000;
1214834 -2.228701 -10.923367 -0.801301  0.000000;
1219870 -0.172280 -10.365896  1.593294  0.000000;
1224880  2.231662 -9.959756  3.790212  0.000000;
1229984  2.354880 -10.164919  0.298485  0.000000;
1235081 -0.172280 -10.365896  1.860965  0.000000;
1240216 -0.172280 -10.728970  4.072679  0.000000;
1245380  2.076743 -10.629678  0.845226  0.000000;
1250420  2.076743 -10.365896  2.153499  0.000000;
1255572  2.046836 -10.269595  0.580123  0.000000;
1260602  1.930197 -10.269595 -2.377854  0.000000;
1265759  0.974363 -10.569863 -3.865761  0.000000;
1270879  0.974363 -10.569863 -7.774682  0.000000;
1276027  0.974363 -10.269595 -4.930011  0.000000;
1281127  0.108249 -10.152358 -4.537763  0.000000;
1286227 -0.934316 -10.152358 -2.002013  0.000000;
1291265 -1.661660 -10.152358 -3.839710  0.000000;
1296369 -1.661660 -9.933438 -0.431039  0.000000;
1301442 -1.661660 -9.811416 -1.131491  0.000000;
1306540 -5.375539 -9.521316 -0.302697  0.000000;
1311584 -6.376235 -9.521316 -3.100888  0.000000;
1316725 -6.611306 -9.521316 -2.199871  0.000000;
1321853 -6.376235 -9.223440 -2.650503  0.000000;
1326861 -6.336159 -9.223440 -3.458296  0.000000;
1331984 -6.230288 -9.350247 -2.421993  0.000000;
1337019 -6.230288 -9.539859 -1.346474  0.000000;
1342105 -6.230288 -9.539859 -3.516530  0.000000;
1347267 -6.195595 -9.350247 -0.904708  0.000000;
1352379 -5.849270 -9.232412 -3.170705  0.000000;
1357519 -5.410830 -9.350247 -2.726157  0.000000;
1362682 -5.410830 -9.499783 -4.539709  0.000000;
1367724 -5.410830 -9.530288 -1.949643  0.000000;
1372876 -5.045962 -9.499783 -2.061918  0.000000;
1377994 -4.624270 -9.362808 -2.829507  0.000000;
1383069 -4.302468 -9.368789 -3.235689  0.000000;
1388169 -4.302468 -9.499783 -2.368624  0.000000;
1393197 -4.302468 -9.546438 -4.981357  0.000000;
1398319 -4.247439 -9.546438 -0.895023  0.000000;
1403333 -4.099697 -9.546438 -2.235595  0.000000;
1408461 -4.050649 -9.499783 -3.349682  0.000000;
1413556 -4.058425 -9.547634 -1.450933  0.000000;
1418580 -4.058425 -9.579336 -2.095686  0.000000;
1423719 -4.050649 -9.579336 -1.464955  0.000000;
1428877 -3.988442 -9.579336 -1.637250  0.000000;
1434013 -3.901113 -9.659487 -4.327782  0.000000;
1439115 -3.901113 -9.659487 -0.284413  0.000000;
1444182 -3.901113 -9.659487 -2.362417  0.000000;
1449199 -3.654678 -9.659487 -2.070760  0.000000;
1454358 -3.654678 -9.598477 -2.651830  0.000000;
1459361 -3.786867 -9.659487 -2.867001  0.000000;
1464494 -3.786867 -9.659487 -0.910394  0.000000;
1469624 -3.786867 -9.681021 -2.107904  0.000000;
1474782 -3.724062 -9.659487 -3.575134  0.000000;
1479879 -3.697146 -9.659487 -5.013222  0.000000;
1485048 -3.600246 -9.666067 -2.555488  0.000000;
1490118 -3.640322 -9.682815 -3.625778  0.000000;
1495131 -3.640322 -9.682815 -2.433361  0.000000;
1500148 -3.600246 -9.667263 -2.993439  0.000000;
1505264 -3.470449 -9.666067 -1.164544  0.000000;
1510326 -3.574526 -9.667263 -4.519691  0.000000;
1515327 -3.574526 -9.728872 -1.649059  0.000000;
1520471 -3.574526 -9.762368 -2.474126  0.000000;
1525604 -3.509328 -9.728872 -1.283730  0.000000;
1530648 -3.389700 -9.692984 -2.129147  0.000000;
1535737 -3.385512 -9.728872 -3.588502  0.000000;
1540831 -3.385512 -9.867642 -2.002797  0.000000;
1545995 -3.385512 -9.867642 -1.177866  0.000000;
1551038 -3.300576 -9.728872 -2.430845  0.000000;
1556183 -3.300576 -9.728872 -0.888344  0.000000;
1561352 -3.128310 -9.731863 -0.026105  0.000000;
1566390 -3.128310 -9.731863 -1.511157  0.000000;
1571432 -3.128310 -9.731863  1.518833  0.000000;
1576508 -3.122927 -9.652310 -0.909306  0.000000;
1581539 -2.899221 -9.217459 -1.977212  0.000000;
1586609 -2.827444 -9.652310 -1.822582  0.000000;
1591648 -2.827444 -9.834744 -2.444120  0.000000;
1596820 -2.827444 -10.424514 -0.289844  0.000000;
1601823 -2.213149 -9.834744 -1.387515  0.000000;
1606973 -2.032510 -9.797659  0.600859  0.000000;
1612008 -1.838113 -9.652310  0.545443  0.000000;
1617158 -1.838113 -9.736648 -0.319019  0.000000;
1622247 -1.838113 -9.834744 -1.019150  0.000000;
1627258 -1.838113 -9.834744 -0.290092  0.000000;
1632410 -1.514517 -9.834744 -1.274088  0.000000;
1637548 -1.363784 -9.736648 -1.129087  0.000000;
1642699 -1.363784 -9.736648  0.073721  0.000000;
1647831 -1.543826 -9.736648 -2.837888  0.000000;
1652890 -1.543826 -9.736648  0.052779  0.000000;
1658018 -1.543826 -9.736648  1.461099  0.000000;
1663084 -1.535452 -10.313857  0.448151  0.000000;
1668310 -1.535452 -10.313857 -1.830036  0.000000;
1673281 -1.535452 -10.313857  0.494601  0.000000;
1678345 -1.423599 -9.701956  0.581100  0.000000;
1683459 -1.353018 -9.701956  1.547083  0.000000;
1688530 -1.330886 -10.072207 -0.051924  0.000000;
1693575 -1.330886 -10.285147 -0.185662  0.000000;
1702630 -1.330886 -10.285147 -0.747355  0.000000;
1708560 -1.195107 -10.072207  3.597667  0.000000;
1713719 -1.030020 -10.072207  0.391914  0.000000;
1718751 -0.908596 -10.372476 -1.114851  0.000000;
1724680 -0.908596 -10.372476  0.869688  0.000000;
1731743 -1.195107 -10.372476  0.096450  0.000000;
1738264 -0.908596 -10.027944  1.975991  0.000000;
1745880 -0.908596 -10.027944 -0.052835  0.000000;
1751900 -1.045571 -10.079385 -0.882764  0.000000;
1757039 -1.114358 -10.079385  2.604135  0.000000;
1763524 -1.207070 -10.079385  0.126696  0.000000;
1769282 -1.168191 -10.079385  1.472052  0.000000;
1774572 -1.168191 -10.079385  0.468958  0.000000;
1779661 -1.338662 -9.984280  2.095662  0.000000;
1784739 -1.366177 -9.984280  0.442065  0.000000;
1790446 -1.366177 -9.984280  0.636902  0.000000;
1796024 -1.366177 -9.929849  0.562672  0.000000;
1803273 -1.366177 -9.929849 -0.317574  0.000000;
1808346 -1.400869 -10.114077 -4.473870  0.000000;
1815198 -1.442739 -10.114077 -0.046398  0.000000;
1821049 -1.462478 -10.114077  0.605269  0.000000;
1826207 -1.442739 -9.887979  0.434462  0.000000;
1833076 -1.400869 -9.887979  0.150355  0.000000;
1838825 -1.393691 -10.121853  0.783845  0.000000;
1844832 -1.393691 -10.121853  0.911022  0.000000;
1853377 -1.393691 -10.121853  0.292817  0.000000;
1861294 -1.321914 -10.078189  0.316368  0.000000;
1867033 -1.108376 -10.078189  11.245399  0.000000;
1871427 -0.892446 -10.123648 -1.448013  0.000000;
1876528 -0.892446 -10.123648  3.590632  0.000000;
1881590 -1.134097 -10.123648  0.376446  0.000000;
1886757 -1.134097 -10.092544  0.070723  0.000000;
1891879 -1.134097 -10.007009  0.221970  0.000000;
1896947 -1.347634 -10.082974  3.161060  0.000000;
1902104 -1.419412 -10.092544 -0.185859  0.000000;
1907129 -1.455300 -10.092544 -1.592708  0.000000;
1912185 -1.455300 -10.082974  0.079287  0.000000;
1917230 -1.419412 -9.951382  0.178629  0.000000;
1922284 -1.347634 -10.006411 -0.223784  0.000000;
1927443 -1.455300 -10.006411  0.734377  0.000000;
1932444 -1.476833 -10.082974  0.007553  0.000000;
1937509 -1.455300 -10.082974 -0.039426  0.000000;
1942542 -1.406851 -10.006411 -0.115489  0.000000;
1947609 -1.455300 -10.001028  0.682869  0.000000;
1952702 -1.459487 -10.001028 -0.150636  0.000000;
1957725 -1.532461 -10.001028 -1.733771  0.000000;
1962766 -1.532461 -9.948989  2.190369  0.000000;
1967862 -1.532461 -9.892166  0.555677  0.000000;
1972999 -1.738821 -9.878408  0.999760  0.000000;
1978108 -1.738821 -9.878408 -3.319001  0.000000;
1983205 -1.908694 -9.878408 -0.282905  0.000000;
1988259 -1.738821 -9.878408  0.754947  0.000000;
1993338 -1.688577 -9.878408  0.790018  0.000000;
1998461 -1.659268 -9.948989  0.707521  0.000000;
2003482 -1.659268 -10.031533 -0.153843  0.000000;
2008630 -1.659268 -10.053066  0.652628  0.000000;
2013672 -1.485806 -10.031533  0.763574  0.000000;
2018727 -1.438552 -9.968130  2.449446  0.000000;
2023811 -1.433767 -9.955569  1.122294  0.000000;
2028958 -1.433767 -10.007607 -0.213627  0.000000;
2033984 -1.433767 -10.014785  0.634365  0.000000;
2039088 -1.368569 -10.007607  1.569906  0.000000;
2044207 -1.284829 -9.995645  1.432849  0.000000;
2049299 -1.174172 -9.955569  2.086399  0.000000;
2054449 -1.253127 -10.007607  4.430038  0.000000;
2059503 -1.253127 -10.007607  6.973686  0.000000;
2064580 -1.174172 -10.007607  21.963121  0.000000;
2069599 -1.105984 -10.007607  8.058359  0.000000;
2074672 -0.765640 -10.199014  6.249528  0.000000;
2079833 -0.765640 -10.605752  7.729501  0.000000;
2084981 -0.765640 -10.605752  6.037053  0.000000;
2090443  2.099472 -10.531582  6.430598  0.000000;
2095538  3.286191 -10.493301  6.901340  0.000000;
2100563  4.117612 -10.531582  4.286277  0.000000;
2105612  4.117612 -10.755288  4.192415  0.000000;
2110612  4.117612 -11.340273  4.730705  0.000000;
2115719  5.042343 -11.274477  3.063625  0.000000;
2120796  6.069955 -11.165615  2.974154  0.000000;
2125909  5.768490 -11.129727  6.294744  0.000000;
2130947  5.042343 -11.129727  2.183222  0.000000;
2136055  4.737289 -11.129727  5.931042  0.000000;
2141139  4.737289 -11.121951  3.829047  0.000000;
2146196  4.737289 -11.093838  4.728922  0.000000;
2151310  3.960898 -11.050771  3.015780  0.000000;
2156380  3.522458 -11.050771  3.865881  0.000000;
2161478  3.073251 -11.050771 -1.869883  0.000000;
2166516  3.073251 -10.669155 -0.875850  0.000000;
2171521  3.073251 -10.651211 -4.867458  0.000000;
2176642  1.719651 -10.553713 -2.400847  0.000000;
2181647  1.122104 -10.553713 -2.127227  0.000000;
2186699  0.135166 -10.553713 -1.847377  0.000000;
2191738  0.135166 -10.240286  2.654421  0.000000;
2196759  0.135166 -9.421426  6.534047  0.000000;
2201828 -3.002700 -9.886184  4.387928  0.000000;
2206973 -3.002700 -10.072207  7.735654  0.000000;
2212106 -3.002700 -10.072207  3.162083  0.000000;
2217248 -2.790359 -9.925662  8.447406  0.000000;
2222306 -2.688076 -9.925662  2.243850  0.000000;
2227503 -1.879385 -10.047683  3.040923  0.000000;
2232515 -1.879385 -10.240286 -0.406267  0.000000;
2237558 -1.879385 -10.513040  2.892999  0.000000;
2242674  0.524558 -10.360513  2.603782  0.000000;
2247703  2.231064 -10.360513  4.918807  0.000000;
2252770  2.586960 -10.491506  4.098183  0.000000;
2257898  2.586960 -10.642837 -0.702894  0.000000;
2262951  2.586960 -10.750503  2.658421  0.000000;
2268194  2.701206 -10.750503  2.816078  0.000000;
2273317  3.033774 -10.651809  8.100507  0.000000;
2278350  2.769992 -10.642837  2.532911  0.000000;
2283504  2.701206 -10.750503  6.831197  0.000000;
2288594  2.701206 -10.943704  2.903648  0.000000;
2293645  2.769992 -10.943704  5.356760  0.000000;
2298706  2.769992 -10.750503  2.276332  0.000000;
2303764  2.795712 -10.665566  5.666595  0.000000;
2308901  2.746066 -10.759475  5.885968  0.000000;
2313996  2.371030 -10.943704  9.189455  0.000000;
2319135  2.377011 -10.943704  3.980685  0.000000;
2324167  2.746066 -10.780410  7.219070  0.000000;
2329308  2.377011 -10.759475  3.228502  0.000000;
2334511  2.367441 -10.759475  10.080743  0.000000;
2339653  2.367441 -10.943704  3.827578  0.000000;
2344752  2.367441 -10.943704  7.569656  0.000000;
2349793  2.367441 -10.929348  2.171232  0.000000;
2354805  2.162876 -10.759475  8.820101  0.000000;
2359863  1.315903 -10.935928  1.659846  0.000000;
2364984  1.213620 -10.935928  4.107684  0.000000;
2370039  1.315903 -10.759475  1.889656  0.000000;
2375217  1.384690 -10.669753  0.858794  0.000000;
2380292  1.315903 -10.568667  2.946665  0.000000;
2385439  1.022812 -10.759475  0.668997  0.000000;
2390695  0.086118 -10.759475  3.623272  0.000000;
2397343  0.086118 -10.568667  4.540145  0.000000;
2404471  0.086118 -10.568667 -0.384478  0.000000;
2409642 -0.297293 -10.468179  1.795056  0.000000;
2414798 -0.493484 -10.468179  2.124169  0.000000;
2419927 -0.550308 -10.468179  2.580593  0.000000;
2424937 -0.550308 -10.399392  4.976856  0.000000;
2430053 -0.550308 -10.268997  0.788060  0.000000;
2435078 -0.607131 -10.223538  2.846652  0.000000;
2440164 -0.646011 -10.223538  0.017596  0.000000;
2445221 -0.760855 -10.223538  1.186910  0.000000;
2450297 -0.760855 -10.142190  0.589673  0.000000;
2455407 -0.760855 -10.108694 -0.084971  0.000000;
2460511 -1.261501 -9.943008  0.806309  0.000000;
2465678 -1.327896 -9.943008 -1.779031  0.000000;
2470764 -1.821963 -9.943008  1.343174  0.000000;
2475780 -1.821963 -9.856277 -0.493689  0.000000;
2480868 -1.821963 -9.846707  0.404624  0.000000;
2485896 -2.308852 -9.844314  3.359892  0.000000;
2490962 -2.383621 -9.856277  1.578601  0.000000;
2496053 -2.383621 -9.856277  0.864877  0.000000;
2501204 -2.383621 -9.844314 -0.486400  0.000000;
2506322 -2.308852 -9.766555 -1.238724  0.000000;
2511401 -2.383621 -9.742629 -0.436359  0.000000;
2516464 -2.438650 -9.844314 -3.327959  0.000000;
2521506 -2.438650 -9.883193 -0.688695  0.000000;
2526639 -2.438650 -9.844314 -2.125748  0.000000;
2531679 -2.438650 -9.827566  0.284333  0.000000;
2536768 -2.564260 -9.844314 -0.357048  0.000000;
2541777 -2.564260 -9.844314 -1.031957  0.000000;
2546801 -2.564260 -9.844314  0.000774  0.000000;
2551819 -2.564260 -9.602664 -2.156963  0.000000;
2556888 -2.564260 -9.602664 -0.373358  0.000000;
2561999 -2.633645 -9.861660  0.300661  0.000000;
2567086 -2.633645 -9.861660 -1.252180  0.000000;
2572222 -2.707815 -9.861660 -2.132610  0.000000;
2577291 -2.707815 -9.858670 -0.689672  0.000000;
2582390 -2.633645 -9.218655 -5.773550  0.000000;
2587555 -2.707815 -9.858670 -0.899467  0.000000;
2592713 -2.741909 -9.907717 -1.693122  0.000000;
2597769 -2.837612 -9.964541 -1.726814  0.000000;
2602781 -2.837612 -9.934634 -1.218737  0.000000;
2607923 -2.741909 -9.907717 -2.623173  0.000000;
2613108 -2.707815 -9.858670 -1.840130  0.000000;
2618152 -2.707815 -9.858670 -0.658749  0.000000;
2623326 -2.707815 -9.899941 -1.094153  0.000000;
2628439 -2.548110 -9.899941 -1.117484  0.000000;
2633566 -2.493679 -9.899941 -4.214415  0.000000;
2638672 -2.402761 -9.858670 -0.595082  0.000000;
2643748 -2.488296 -9.858670 -2.023545  0.000000;
2648766 -2.488296 -9.858670  0.412879  0.000000;
2653950 -2.402761 -9.858670 -2.774033  0.000000;
2659087 -2.374648 -9.858670  0.564866  0.000000;
2664235 -2.402761 -10.078787 -1.383814  0.000000;
2669257 -2.463772 -10.078787 -1.363258  0.000000;
2674487 -2.463772 -10.078787 -0.437768  0.000000;
2679554 -2.402761 -9.684011 -0.332377  0.000000;
2684640 -2.402761 -9.684011 -0.705904  0.000000;
2689689 -2.461379 -9.547634  0.663711  0.000000;
2694714 -2.527175 -9.547634 -2.881493  0.000000;
2699829 -2.760452 -9.907119 -0.711298  0.000000;
2705003 -2.527175 -9.895754 -0.131033  0.000000;
2710062 -2.461379 -9.642141  0.075298  0.000000;
2715187 -2.527175 -9.743228 -2.760071  0.000000;
2720226 -2.573232 -9.895754  0.382058  0.000000;
2725359 -2.633047 -9.895754  1.759313  0.000000;
2730465 -2.596560 -9.852090 -0.484937  0.000000;
2735672 -2.573232 -9.805435  0.983319  0.000000;
2740687 -2.527175 -9.852090 -0.625591  0.000000;
2745859 -2.527175 -9.944802  1.556308  0.000000;
2750867 -2.527175 -9.944802  0.754267  0.000000;
2755973 -2.413528 -9.870034 -1.600968  0.000000;
2761062 -2.310049 -9.862857 -0.683160  0.000000;
2766221 -2.061221 -9.852090 -0.828743  0.000000;
2771168 -2.061221 -9.870034 -2.480890  0.000000;
2776280 -2.061221 -9.971719 -0.455883  0.000000;
2781356 -1.144863 -9.971719 -0.275382  0.000000;
2786386 -1.144863 -9.971719 -0.112162  0.000000;
2791483 -1.099404 -9.931643 -2.335146  0.000000;
2796564 -1.099404 -9.931643  0.824409  0.000000;
2801664 -1.219033 -9.931643 -1.799646  0.000000;
2806668 -1.219033 -9.931643 -0.147744  0.000000;
2811774 -1.099404 -9.931643  0.657284  0.000000;
2816846 -1.027029 -10.098525  0.821686  0.000000;
2821975 -1.027029 -10.098525  1.893148  0.000000;
2827128 -1.219033 -10.098525  0.752664  0.000000;
2832208 -1.027029 -10.081777  1.715616  0.000000;
2837257 -0.969009 -10.019570 -0.495911  0.000000;
2842276 -0.953457 -10.081777  1.941758  0.000000;
2847298 -1.027029 -10.081777  0.391257  0.000000;
2852302 -1.042581 -10.081777  2.859395  0.000000;
2857402 -1.042581 -9.746218 -0.522613  0.000000;
2862494 -1.027029 -9.746218  0.966253  0.000000;
2867485 -0.953457 -9.715115  1.230116  0.000000;
2872512 -1.042581 -9.784500  1.907161  0.000000;
2877562 -1.347036 -10.074002  1.907270  0.000000;
2882588 -1.116751 -9.971121 -3.352102  0.000000;
2887706 -1.064712 -9.971121  1.201709  0.000000;
2892847 -1.116751 -10.120657 -0.266940  0.000000;
2897964 -1.116751 -10.120657 -0.246790  0.000000;
2903028 -1.360793 -10.120657  0.700509  0.000000;
2908103 -1.360793 -10.101516  0.458075  0.000000;
2913178 -1.360793 -9.743228 -0.108800  0.000000;
2918219 -1.582705 -10.096133  1.122866  0.000000;
2923275 -1.582705 -10.096133  4.436591  0.000000;
2928358 -1.679006 -10.096133 -0.294437  0.000000;
2933457 -1.679006 -10.094937  0.428172  0.000000;
2938571 -1.582705 -9.854483 -0.674642  0.000000;
2943635 -1.679006 -9.852688  1.373265  0.000000;
2948651 -1.936208 -9.852688  0.873812  0.000000;
2953698 -2.438650 -10.029141 -4.238616  0.000000;
2958812 -1.948769 -9.878408  1.139135  0.000000;
2964004 -1.948769 -9.852688  0.745460  0.000000;
2969072 -2.250234 -9.679226 -1.736729  0.000000;
2974137 -2.250234 -9.878408  0.087639  0.000000;
2979244 -2.358498 -9.878408 -1.694462  0.000000;
2984313 -2.358498 -9.785696 -1.537363  0.000000;
2989363 -2.358498 -9.697769 -0.844122  0.000000;
2994392 -2.455398 -9.747415 -0.188939  0.000000;
2999526 -2.455398 -9.776126 -3.384257  0.000000;
3004664 -2.469155 -9.785696 -9.770050  0.000000;
3009793 -2.469155 -9.785696 -10.783933  0.000000;
3014884 -2.469155 -9.785696 -10.155066  0.000000;
3020005 -2.682095 -9.776126 -12.725109  0.000000;
3025025 -3.812588 -9.776126 -8.267637  0.000000;
3030109 -4.774404 -9.776126 -22.248948  0.000000;
3035168 -4.774404 -9.325723 -7.524847  0.000000;
3040291 -4.774404 -9.325723 -12.074029  0.000000;
3045374 -6.613698 -9.355630 -6.617386  0.000000;
3050427 -7.666432 -9.511746 -10.078914  0.000000;
3055440 -8.275942 -9.511746 -6.535876  0.000000;
3060582 -8.275942 -9.355630 -8.388117  0.000000;
3065583 -8.275942 -9.262918 -7.770059  0.000000;
3070740 -8.969191 -9.087063 -7.010438  0.000000;
3075912 -9.570924 -9.177383 -4.852770  0.000000;
3080932 -9.587074 -9.274881 -6.790175  0.000000;
3086062 -9.587074 -9.274881 -6.282527  0.000000;
3091199 -9.587074 -9.274881 -5.231332  0.000000;
3096350 -10.265968 -9.325723 -4.188640  0.000000;
3101399 -10.349110 -9.325723 -6.031557  0.000000;
3106567 -10.349110 -9.380752 -5.479259  0.000000;
3111692 -10.265968 -9.325723 -5.153980  0.000000;
3116825 -9.889137 -9.153457 -5.343222  0.000000;
3121962 -9.730629 -9.274881 -6.159803  0.000000;
3127080 -9.730629 -9.325723 -5.613912  0.000000;
3132133 -9.730629 -9.327517 -6.068558  0.000000;
3137288 -9.192897 -9.327517 -5.133375  0.000000;
3142456 -9.051735 -9.325723 -7.447820  0.000000;
3147678 -8.829823 -9.327517 -4.426056  0.000000;
3152683 -8.829823 -9.327517 -6.859855  0.000000;
3157802 -8.829823 -9.327517 -4.806836  0.000000;
3163037 -8.560658 -9.327517 -6.993302  0.000000;
3168179 -8.007973 -9.274881 -4.914515  0.000000;
3173422 -7.300368 -9.253347 -5.855365  0.000000;
3178486 -7.300368 -9.327517 -7.187565  0.000000;
3183715 -7.300368 -9.466287 -4.023347  0.000000;
3188775 -6.936696 -9.466287 -7.086110  0.000000;
3193826 -6.466555 -9.368191 -2.976628  0.000000;
3198923 -6.280532 -9.447146 -9.611586  0.000000;
3203948 -6.280532 -9.447146 -2.660098  0.000000;
3208990 -6.280532 -9.447146 -6.228299  0.000000;
3214264 -5.861232 -9.447146 -4.104800  0.000000;
3219371 -5.726650 -9.447146 -5.088442  0.000000;
3224468 -5.250527 -9.484231 -2.837296  0.000000;
3229589 -5.250527 -9.539859 -5.957182  0.000000;
3234680 -5.250527 -9.679824 -1.735488  0.000000;
3239762 -5.215236 -9.539859 -3.955771  0.000000;
3244878 -4.702028 -9.539859 -2.305133  0.000000;
3250009 -4.632046 -9.544046 -3.455611  0.000000;
3255248 -4.632046 -9.595486 -2.399168  0.000000;
3260337 -4.632046 -9.698367 -3.151081  0.000000;
3265479 -3.948965 -9.625991 -1.702582  0.000000;
3270557 -3.510525 -9.595486 -2.844754  0.000000;
3275726 -3.427981 -9.544046 -1.178046  0.000000;
3280744 -3.427981 -9.625991 -2.504708  0.000000;
3285867 -3.427981 -9.700759 -0.897934  0.000000;
3290940 -3.066103 -9.700759 -4.176569  0.000000;
3296005 -2.667739 -9.700759  0.084117  0.000000;
3301158 -2.622878 -9.625991 -3.196243  0.000000;
3306170 -2.622878 -9.737844  0.046441  0.000000;
3311185 -2.622878 -9.868838  0.728537  0.000000;
3316290 -2.251431 -9.868838 -2.344012  0.000000;
3321291 -1.968508 -9.868838  1.826620  0.000000;
3326445 -1.923049 -9.789285 -0.656930  0.000000;
3331542 -1.923049 -9.789285 -0.040176  0.000000;
3336574 -1.923049 -9.866445  1.798724  0.000000;
3341613 -1.573135 -9.866445 -0.126715  0.000000;
3346669 -1.358401 -9.866445 -2.710869  0.000000;
3351888 -1.379934 -9.925662  0.638946  0.000000;
3356939 -1.379934 -10.054263  0.715465  0.000000;
3362030 -1.379934 -10.065029 -0.134258  0.000000;
3371363 -1.341653 -10.054263  1.878094  0.000000;
3377485 -1.289016 -9.925662 -0.858170  0.000000;
3383325 -1.251333 -10.054263 -0.239008  0.000000;
3388780 -1.251333 -10.102712 -3.280527  0.000000;
3394557 -1.251333 -10.116470  0.806088  0.000000;
3402424 -1.010879 -10.102712  0.260179  0.000000;
3410683 -1.010879 -10.102712  1.367368  0.000000;
3415995 -0.905007 -10.054263  3.033110  0.000000;
3422118 -0.939700 -10.054263  0.926486  0.000000;
3427853 -1.159817 -10.054263  2.539059  0.000000;
3433817 -1.094021 -9.896951 -0.331072  0.000000;
3439730 -1.094021 -9.759378  3.351968  0.000000;
3444859 -0.939700 -9.896951  6.766235  0.000000;
3450487 -0.939700 -10.132022  9.076341  0.000000;
3455629 -0.939700 -10.923965  15.234878  0.000000;
3460848 -0.778799 -10.923965  10.183448  0.000000;
3466403  1.806382 -10.132022  13.792429  0.000000;
3474672  2.841171 -9.896951  18.079622  0.000000;
3480250  2.841171 -9.896951  10.158842  0.000000;
3485907  2.841171 -10.923965  2.937230  0.000000;
3491965  2.957211 -10.923965  3.587748  0.000000;
3497406  4.501620 -10.923965  1.285367  0.000000;
3504339  5.221188 -10.711025 -0.092312  0.000000;
3512297  4.085910 -10.711025 -0.674318  0.000000;
3518518  2.957211 -11.020864 -5.085928  0.000000;
3523518  2.957211 -11.020864 -2.399595  0.000000;
3528647  2.957211 -10.926956 -5.851708  0.000000;
3533773  2.040256 -10.711025  0.178029  0.000000;
3538829  0.762021 -10.711025 -4.286517  0.000000;
3543858 -0.545523 -10.711025 -1.602468  0.000000;
3548958 -0.545523 -10.408962  0.220884  0.000000;
3553997 -0.545523 -9.579336 -0.970221  0.000000;
3559133 -3.793447 -9.534475 -1.128762  0.000000;
3564360 -4.471145 -9.534475 -0.752046  0.000000;
3569447 -4.979568 -9.534475 -6.092713  0.000000;
3574584 -4.979568 -9.429800 -2.869375  0.000000;
3579615 -4.979568 -9.429800  1.397399  0.000000;
3584710 -5.534646 -9.358621 -3.319004  0.000000;
3589720 -6.111855 -9.358621 -5.343648  0.000000;
3594735 -6.111855 -9.430996 -2.745838  0.000000;
3599792 -5.626162 -9.430996 -3.457673  0.000000;
3604863 -5.534646 -9.430996 -4.990700  0.000000;
3610037 -5.566347 -9.471072 -2.000018  0.000000;
3615152 -5.626162 -9.471072 -4.380796  0.000000;
3620252 -5.626162 -9.512942 -5.507612  0.000000;
3625360 -5.566347 -9.471072 -1.928582  0.000000;
3630558 -4.846779 -9.471072 -3.169252  0.000000;
3635642 -4.735525 -9.609841 -1.037381  0.000000;
3640665 -4.735525 -9.609841 -2.291896  0.000000;
3645832 -4.735525 -9.609841 -2.279430  0.000000;
3650932 -4.308449 -9.591299 -3.313758  0.000000;
3656108 -4.187026 -9.508157 -5.261521  0.000000;
3661260 -3.844289 -9.472268 -1.007558  0.000000;
3666324 -3.844289 -9.591299 -0.226232  0.000000;
3671339 -3.844289 -9.658291 -2.808836  0.000000;
3676488 -3.699538 -9.658291 -3.108591  0.000000;
3681730 -3.005691 -9.591299 -1.432635  0.000000;
3686731 -2.970998 -9.658291 -1.526061  0.000000;
3691809 -2.970998 -9.658291 -2.285089  0.000000;
3696924 -2.970998 -9.730667  0.076204  0.000000;
3702161 -2.758657 -9.730667  0.396682  0.000000;
3707310 -2.329788 -9.730667 -0.114663  0.000000;
3712317 -2.114455 -9.869436  0.321486  0.000000;
3717431 -2.114455 -9.869436  0.403321  0.000000;
3722566 -2.114455 -9.924465  0.992954  0.000000;
3727611 -1.842898 -9.924465 -2.938707  0.000000;
3732671 -1.830935 -9.924465 -0.107518  0.000000;
3737785 -1.788467 -9.869436  1.019395  0.000000;
3742924 -1.788467 -9.904128  2.834496  0.000000;
3748003 -1.788467 -9.959756  0.858560  0.000000;
3753050 -1.788467 -9.934036  0.883635  0.000000;
3758179 -1.737624 -9.934036  7.093998  0.000000;
3763200 -1.687380 -10.050076  8.683940  0.000000;
3768303 -1.687380 -10.057852  14.970479  0.000000;
3773394 -1.687380 -10.353335  10.124322  0.000000;
3778515 -0.674124 -10.353335  16.053773  0.000000;
3783578  1.494150 -10.337185  13.038901  0.000000;
3788673  2.094089 -10.353335  13.023851  0.000000;
3793774  2.094089 -10.625491  9.072457  0.000000;
3798863  2.094089 -10.670950  9.400824  0.000000;
3803996  3.256882 -10.670950  9.160834  0.000000;
3809132  4.586557 -10.670950  7.558859  0.000000;
3814248  4.952023 -11.377956  9.204023  0.000000;
3819411  4.952023 -11.377956  7.063744  0.000000;
3824558  4.952023 -11.500576  7.479444  0.000000;
3829658  5.136850 -11.500576  4.901882  0.000000;
3834661  5.708078 -11.500576  5.726379  0.000000;
3839748  5.845651 -11.813406  4.287818  0.000000;
3844822  5.845651 -11.873220  2.367739  0.000000;
3849961  5.845651 -11.873220  3.572943  0.000000;
3855112  6.220688 -11.813406  3.706602  0.000000;
3860265  6.220688 -11.766152  1.876174  0.000000;
3865433  6.070553 -11.641738  5.070779  0.000000;
3870608  5.525644 -11.641738  2.519770  0.000000;
3875622  5.136850 -11.641738  4.298562  0.000000;
3880663  5.136850 -11.504165  1.967300  0.000000;
3885696  5.136850 -11.288235  3.809916  0.000000;
3890748  4.310812 -11.042996  3.619978  0.000000;
3897711  3.793417 -11.042996  0.717516  0.000000;
3904001  3.045139 -11.042996 -1.187155  0.000000;
3909030  3.045139 -10.913198 -10.903871  0.000000;
3914092  3.045139 -10.447842 -5.613085  0.000000;
3919173  0.735105 -10.405972 -2.387802  0.000000;
3924273 -0.483316 -10.405972 -1.963419  0.000000;
3929346 -1.157424 -10.405972 -2.804978  0.000000;
3934461 -1.157424 -9.841921  0.933117  0.000000;
3939465 -1.157424 -9.598477 -1.607482  0.000000;
3944528 -4.378432 -9.623599 -3.511260  0.000000;
3949682 -5.633938 -9.623599 -0.130257  0.000000;
3954759 -5.989235 -9.623599  1.401001  0.000000;
3959920 -5.633938 -9.335891  2.910720  0.000000;
3965058 -5.160207 -9.335891  5.118311  0.000000;
3970170 -4.536342 -9.362808  4.744261  0.000000;
3975306 -4.536342 -9.787490  1.914448  0.000000;
3980334 -4.536342 -9.841921  4.920368  0.000000;
3985369 -3.992031 -9.841921  3.234567  0.000000;
3990522 -1.213052 -9.841921  0.012647  0.000000;
3995652 -0.546121 -10.313857  2.857631  0.000000;
4000693 -0.546121 -10.313857  4.012566  0.000000;
4005724 -0.546121 -10.449636  4.243797  0.000000;
4010769  1.304538 -10.449636  1.348173  0.000000;
4015823  2.736496 -10.449636  5.939830  0.000000;
4020990  3.412998 -11.163223  1.803601  0.000000;
4026162  3.412998 -11.163223  3.170092  0.000000;
4031254  3.412998 -11.163223  8.140552  0.000000;
4036329  3.907663 -11.152456  4.565302  0.000000;
4041485  3.945346 -11.152456  2.860070  0.000000;
4046540  4.033872 -11.016677  6.846119  0.000000;
4051738  3.907663 -11.108193  4.194818  0.000000;
4056756  3.907663 -11.312161  4.141833  0.000000;
4061774  3.907663 -11.111184  5.901648  0.000000;
4066796  3.907663 -11.108193  4.986538  0.000000;
4071970  3.743173 -11.016677  4.814619  0.000000;
4076979  3.485971 -11.111184  5.265860  0.000000;
4081999  3.485971 -11.269692  6.215004  0.000000;
4087142  3.485971 -11.227224  4.391037  0.000000;
4092277  3.485971 -11.111184  4.725468  0.000000;
4097452  3.024204 -11.016677  5.433158  0.000000;
4102538  2.951828 -11.052566  5.720763  0.000000;
4107605  2.937473 -11.052566  4.478207  0.000000;
4112688  2.937473 -11.016677  5.037002  0.000000;
4117699  2.937473 -11.016677  4.972208  0.000000;
4122903  2.744272 -11.062136  5.364096  0.000000;
4128045  2.440415 -11.062136  3.780596  0.000000;
4133188  2.165866 -11.062136  5.144278  0.000000;
4138252  2.165866 -11.047781  9.588188  0.000000;
4143357  2.165866 -10.900039  5.115250  0.000000;
4148592  1.604209 -10.888076  3.576290  0.000000;
4153728  1.537815 -10.888076  4.588340  0.000000;
4158795  1.201059 -10.888076  3.900442  0.000000;
4163799  1.201059 -10.725979  3.095212  0.000000;
4168918  1.201059 -10.393411  2.484562  0.000000;
4174054  0.790134 -10.602761  7.396832  0.000000;
4179165  0.790134 -10.602761  1.171870  0.000000;
4184268  0.790134 -10.602761  2.078214  0.000000;
4189318  0.790134 -10.540554  3.313988  0.000000;
4194445  0.790134 -10.516628  4.803923  0.000000;
4199593  0.146531 -10.411953  4.597948  0.000000;
4204614 -0.307461 -10.411953  4.342879  0.000000;
4209790 -0.333181 -10.527395  0.584921  0.000000;
4214943 -0.333181 -10.411953  4.366726  0.000000;
4219944 -0.333181 -10.196621  1.123425  0.000000;
4225058 -0.626272 -9.967532  1.481533  0.000000;
4230209 -0.909793 -9.967532  0.437411  0.000000;
4235241 -0.979775 -10.179873  0.424562  0.000000;
4240403 -0.979775 -9.967532  3.194164  0.000000;
4245544 -0.979775 -9.834744  0.015829  0.000000;
4250552 -1.592874 -9.967532 -0.933570  0.000000;
4255763 -1.931423 -10.138601  1.100437  0.000000;
4260787 -1.976882 -10.411953  2.778849  0.000000;
4265805 -1.976882 -10.138601  0.130783  0.000000;
4270972 -1.976882 -9.967532 -2.751170  0.000000;
4276026 -2.265188 -9.763565 -1.488093  0.000000;
4281087 -2.363284 -9.763565 -1.834243  0.000000;
4286329 -2.396780 -10.138601  0.215298  0.000000;
4291468 -2.396780 -10.138601 -2.939707  0.000000;
4296675 -2.396780 -9.812612 -1.023527  0.000000;
4301837 -2.461379 -9.763565 -2.224653  0.000000;
4306980 -2.478725 -9.763565 -0.187238  0.000000;
4312192 -2.492483 -9.763565 -1.273990  0.000000;
4317200 -2.492483 -9.763565 -1.795442  0.000000;
4322255 -2.492483 -9.763565 -2.091278  0.000000;
4327354 -2.601943 -9.900540 -1.146435  0.000000;
4332416 -2.601943 -9.900540 -1.147106  0.000000;
4337501 -2.601943 -9.900540 -0.922266  0.000000;
4342528 -2.544521 -9.771340  1.098059  0.000000;
4347573 -2.524783 -9.771340 -0.370349  0.000000;
4352669 -2.544521 -9.910110 -1.994094  0.000000;
4357763 -2.544521 -9.910110  0.828255  0.000000;
4362924 -2.544521 -9.910110 -1.037826  0.000000;
4368007 -2.505642 -9.864651 -1.323310  0.000000;
4373137 -2.505642 -9.765359 -0.812199  0.000000;
4378334 -2.466164 -9.864651 -2.334811  0.000000;
4383416 -2.597158 -9.884988 -0.234160  0.000000;
4388671 -2.606728 -9.884988 -2.080316  0.000000;
4393757 -2.606728 -9.864651  1.085978  0.000000;
4398839 -2.606728 -9.744424  0.307336  0.000000;
4403981 -3.151638 -9.640945 -5.530214  0.000000;
4409029 -3.151638 -9.708535 -0.364938  0.000000;
4414032 -3.151638 -9.864651 -1.486699  0.000000;
4419081 -3.045168 -9.844912  0.575291  0.000000;
4424225 -2.956643 -9.844912  0.053582  0.000000;
4429362 -2.872903 -9.724685 -3.275097  0.000000;
4434407 -2.872903 -9.774331 -0.991877  0.000000;
4439560 -2.872903 -9.774331 -4.850525  0.000000;
4444681 -2.872903 -9.760574 -0.169211  0.000000;
4449862 -2.872903 -9.724685  2.691286  0.000000;
4455016 -3.045168 -9.756985 -2.392513  0.000000;
4460203 -3.045168 -9.760574 -0.160922  0.000000;
4465351 -3.056533 -9.760574 -2.322449  0.000000;
4470400 -3.056533 -9.758779 -0.884340  0.000000;
4475552 -3.045168 -9.758779 -2.023794  0.000000;
4480590 -2.945876 -9.802444  0.922500  0.000000;
4485819 -2.945876 -9.802444 -1.726901  0.000000;
4490954 -3.042178 -9.802444 -4.319308  0.000000;
4496079 -2.945876 -9.802444 -0.589936  0.000000;
4501110 -2.752676 -9.802444 -3.151262  0.000000;
4506244 -2.916567 -9.664871 -0.861951  0.000000;
4511303 -2.916567 -9.664871 -2.774707  0.000000;
4516348 -2.916567 -9.816201 -0.851612  0.000000;
4521403 -2.817873 -9.816201  0.032169  0.000000;
4526493 -2.817873 -9.664871 -0.821659  0.000000;
4531666 -2.943484 -9.658889  0.098931  0.000000;
4536743 -2.945876 -9.658889 -2.054812  0.000000;
4541846 -2.945876 -9.776724  0.949922  0.000000;
4546984 -2.943484 -9.719900 -1.028427  0.000000;
4552163 -2.766433 -9.719900  0.814677  0.000000;
4557230 -2.446426 -9.672048 -0.763320  0.000000;
4562385 -2.446426 -9.816201 -1.960830  0.000000;
4567512 -2.446426 -9.853884 -0.549553  0.000000;
4572607 -2.040286 -9.816201 -1.147260  0.000000;
4577700 -1.529470 -9.816201 -0.079104  0.000000;
4582847 -1.510928 -9.814407 -1.456063  0.000000;
4588017 -1.510928 -9.853286  0.559357  0.000000;
4593141 -1.510928 -9.868838 -1.469854  0.000000;
4598171 -1.076077 -9.868838 -0.215034  0.000000;
4603342 -0.991140 -9.853286  0.443437  0.000000;
4608486 -0.640628 -9.868838  1.005911  0.000000;
4613520 -0.640628 -10.057253  0.540642  0.000000;
4618560 -0.649600 -10.057253  0.781327  0.000000;
4623685 -0.649600 -9.954373  1.086482  0.000000;
4628764 -0.640628 -9.948391  4.761743  0.000000;
4633781 -0.437258 -9.868838  1.793752  0.000000;
4638820 -0.437258 -9.916690 -0.345569  0.000000;
4643853 -0.649600 -9.954373  1.428528  0.000000;
4648945 -0.548513 -9.954373  0.301739  0.000000;
4654104 -0.437258 -9.954373  2.736279  0.000000;
4659230 -0.424099 -9.916690 -0.453994  0.000000;
4664267 -0.424099 -9.992056  1.784238  0.000000;
4669302 -0.424099 -10.093142  1.651568  0.000000;
4674373 -0.424099 -10.093142  0.332831  0.000000;
4679396 -0.364285 -10.093142  1.775761  0.000000;
4684432 -0.287722 -9.992056  1.510268  0.000000;
4689462 -0.424099 -9.992056  1.169960  0.000000;
4694638 -0.799734 -9.992056  2.218315  0.000000;
4699820 -0.424099 -9.992056  2.223013  0.000000;
4704842 -0.424099 -9.992056  1.513625  0.000000;
4709861 -0.808706 -10.364700  1.819601  0.000000;
4714955 -0.808706 -10.364700  0.660132  0.000000;
4720019 -0.808706 -10.364700  2.015751  0.000000;
4725095 -0.805117 -10.091348  0.759836  0.000000;
4730114 -0.517410 -9.960952  1.009843  0.000000;
4735322 -0.805117 -10.091348  1.763401  0.000000;
4740266 -1.073684 -10.149368  1.935255  0.000000;
4745332 -1.073684 -10.233706  1.950141  0.000000;
4750391 -0.900222 -10.149368  3.767171  0.000000;
4755478 -0.900222 -10.091348  0.331451  0.000000;
4760589 -1.090432 -10.124844  3.790042  0.000000;
4765720 -1.195107 -10.149368 -0.474143  0.000000;
4770887 -1.284231 -10.249258 -3.006636  0.000000;
4775890 -1.284231 -10.149368  0.953170  0.000000;
4781030 -1.284231 -10.124844  3.372267  0.000000;
4786281 -1.608425 -10.108096  0.674333  0.000000;
4791285 -1.754971 -10.108096 -0.312531  0.000000;
4796397 -1.783682 -10.108096 -0.807853  0.000000;
4801406 -1.754971 -10.108096 -0.013343  0.000000;
4806457 -1.754971 -10.034524  0.127779  0.000000;
4811572 -1.851870 -10.005813 -3.883725  0.000000;
4816577 -1.980471 -10.005813  0.815255  0.000000;
4821634 -2.042080 -10.005813 -2.034695  0.000000;
4826694 -2.042080 -9.846707  0.675098  0.000000;
4831825 -2.042080 -9.846707 -1.161590  0.000000;
4836992 -2.292104 -9.969924  2.441292  0.000000;
4842017 -2.393789 -9.969924 -0.284382  0.000000;
4847076 -2.417715 -9.969924 -3.624519  0.000000;
4852162 -2.417715 -9.854483  0.126337  0.000000;
4857296 -2.417715 -9.725881 -0.815255  0.000000;
4862471 -2.505642 -9.710928 -2.152779  0.000000;
4867544 -2.687478 -9.710928  0.628791  0.000000;
4872603 -3.034402 -9.820986  0.469261  0.000000;
4877693 -2.785574 -9.762368 -2.740654  0.000000;
4882700 -2.785574 -9.710928 -5.039253  0.000000;
4887810 -2.999709 -9.762368 -14.162942  0.000000;
4892852 -3.137881 -9.854483 -10.406255  0.000000;
4897867 -3.608022 -9.854483 -18.267973  0.000000;
4902961 -3.608022 -9.762368 -12.712243  0.000000;
4908055 -3.608022 -9.709732 -17.795681  0.000000;
4913177 -6.209353 -9.130130 -11.001848  0.000000;
4918258 -6.760842 -9.162429 -13.493998  0.000000;
4923360 -7.312929 -9.213870 -8.943116  0.000000;
4928437 -7.312929 -9.213870 -12.277998  0.000000;
4933681 -7.312929 -9.213870 -7.196190  0.000000;
4938734 -9.363966 -9.195327 -10.199525  0.000000;
4943760 -9.450099 -9.195327 -8.625484  0.000000;
4948869 -9.455483 -9.195327 -8.851647  0.000000;
4954029 -9.455483 -9.130130 -7.429814  0.000000;
4959164 -9.455483 -9.130130 -8.979417  0.000000;
4964256 -9.747975 -9.173196 -9.827349  0.000000;
4969273 -9.852052 -9.343667 -9.726889  0.000000;
4974428 -9.852052 -9.343667 -6.697035  0.000000;
4979557 -9.747975 -9.173196 -8.875427  0.000000;
4984584 -9.737807 -9.173196 -5.065932  0.000000;
4989684 -9.682179 -9.323330 -12.721346  0.000000;
4994785 -9.747975 -9.323330 -6.662048  0.000000;
4999897 -9.747975 -9.364602 -9.262195  0.000000;
5004992 -9.747975 -9.364602 -6.850886  0.000000;
5010131 -9.682179 -9.364602 -7.433015  0.000000;
5015144 -9.729433 -9.437576 -7.159395  0.000000;
5020233 -9.729433 -9.524307 -7.799400  0.000000;
5029321 -9.729433 -9.524307 -2.018480  0.000000;
5035476 -9.685170 -9.524307 -16.797246  0.000000;
5040717 -9.654665 -9.524307 -3.568921  0.000000;
5046753 -9.685170 -9.437576 -9.647738  0.000000;
5053210 -9.685170 -9.572756 -3.869320  0.000000;
5059175 -9.685170 -9.582925 -4.769999  0.000000;
5071235 -9.104372 -9.582925 -3.121527  0.000000;
5076261 -8.694045 -9.572756 -8.566863  0.000000;
5082171 -8.585182 -9.582925 -5.145447  0.000000;
5089430 -8.585182 -9.949587 -4.262326  0.000000;
5094873 -8.585182 -9.949587 -8.305705  0.000000;
5101302 -7.965505 -9.785696 -4.170215  0.000000;
5106464 -7.320705 -9.756387 -8.955296  0.000000;
5113508 -6.998305 -9.785696 -2.697372  0.000000;
5119036 -6.998305 -9.886184 -5.054363  0.000000;
5124146 -6.998305 -9.886184 -5.347308  0.000000;
5131359 -6.793142 -9.785696 -3.726389  0.000000;
5136541 -6.026918 -9.771939 -5.359929  0.000000;
5143415 -5.921645 -9.621804 -5.674099  0.000000;
5151612 -5.921645 -9.621804 -3.224804  0.000000;
5158402 -5.921645 -9.662478 -4.187288  0.000000;
5163736 -5.690761 -9.662478 -6.385019  0.000000;
5175400 -5.387502 -9.662478 -2.126408  0.000000;
5182869 -4.831228 -9.621804 -3.061892  0.000000;
5189430 -4.831228 -9.621804 -3.390813  0.000000;
5194952 -4.831228 -9.872427 -2.866399  0.000000;
5201889 -4.145156 -9.872427 -1.892677  0.000000;
5207416 -3.471645 -9.872427 -0.225031  0.000000;
5214348 -3.225808 -9.621804 -0.983378  0.000000;
5220795 -3.225808 -9.621804 -1.027257  0.000000;
5225936 -3.225808 -9.621804 -0.235010  0.000000;
5233688 -2.345937 -9.621804  0.461270  0.000000;
5239683 -2.235879 -9.621804 -0.575562  0.000000;
5244813 -2.004397 -10.092544 -15.290416  0.000000;
5249863 -2.004397 -10.092544 -1.315512  0.000000;
5254968 -2.004397 -10.092544 -1.705907  0.000000;
5260072 -1.692165 -10.071609  4.872281  0.000000;
5265151 -0.938503 -10.071609  20.543887  0.000000;
5270227 -0.927737 -10.201406  10.502926  0.000000;
5275339 -0.927737 -10.417935  24.859735  0.000000;
5280429 -0.927737 -11.457510  15.207546  0.000000;
5285540  1.193882 -11.457510  23.823957  0.000000;
5290614  2.157492 -10.840823  16.431864  0.000000;
5295718  3.143234 -10.678127  23.241694  0.000000;
5300848  3.143234 -11.144680  15.230403  0.000000;
5305969  3.143234 -11.457510  16.594281  0.000000;
5311077  3.202451 -11.457510  11.512965  0.000000;
5316233  4.459750 -11.457510  13.130080  0.000000;
5321288  5.374313 -12.518020  9.418440  0.000000;
5326459  5.374313 -12.518020  17.042481  0.000000;
5331464  5.374313 -12.518020  9.908362  0.000000;
5336626  5.948532 -12.209377  11.351073  0.000000;
5341685  6.193173 -12.209377  5.848369  0.000000;
5346845  6.555649 -12.349343  12.461511  0.000000;
5352002  6.555649 -12.716604  5.628555  0.000000;
5357114  6.555649 -12.750100  5.216342  0.000000;
5362274  6.930685 -12.750100  3.427223  0.000000;
5367430  7.154391 -12.716604  6.222689  0.000000;
5372534  6.930685 -12.707632  3.712794  0.000000;
5377593  6.728512 -12.707632  7.208428  0.000000;
5382638  6.728512 -12.707632  3.786994  0.000000;
5387718  6.728512 -12.340969  2.541672  0.000000;
5392859  6.728512 -12.340969  3.567457  0.000000;
5399163  6.525143 -12.229714  1.043280  0.000000;
5405139  6.113620 -12.229714  5.005226  0.000000;
5410151  5.829501 -12.229714  3.325130  0.000000;
5415257  5.829501 -12.052065 -2.264254  0.000000;
5420387  5.829501 -11.321731 -3.058381  0.000000;
5425532  3.853830 -11.214065 -8.106314  0.000000;
5430592  2.668308 -11.214065 -6.334303  0.000000;
5435741  2.068967 -11.214065 -6.587381  0.000000;
5440747  2.068967 -11.088455 -6.132212  0.000000;
5445895  2.068967 -10.271389 -10.273971  0.000000;
5451006 -0.953457 -9.775527 -5.294183  0.000000;
5456080 -2.098306 -9.898745 -7.741552  0.000000;
5461118 -3.893337 -9.898745 -5.158825  0.000000;
5466263 -3.893337 -9.865847 -6.299199  0.000000;
5471355 -3.893337 -9.775527 -6.003985  0.000000;
5476544 -6.835012 -9.641543 -7.892854  0.000000;
5481641 -7.024025 -9.641543 -7.184519  0.000000;
5486674 -7.452895 -9.641543 -8.427005  0.000000;
5491761 -7.452895 -9.434585 -5.243466  0.000000;
5496922 -7.452895 -9.434585 -7.260475  0.000000;
5502039 -8.601930 -9.254544 -8.804700  0.000000;
5507040 -9.097194 -9.254544 -4.220042  0.000000;
5512058 -9.442323 -9.254544 -9.188337  0.000000;
5517108 -9.309535 -9.238992 -5.311994  0.000000;
5522213 -9.097194 -9.238992 -9.912886  0.000000;
5527287 -9.309535 -9.251553 -4.604134  0.000000;
5532288 -9.499147 -9.355630 -9.345697  0.000000;
5537383 -9.499147 -9.355630 -5.495474  0.000000;
5542551 -9.424379 -9.355032 -6.360046  0.000000;
5547711 -9.424379 -9.355032 -4.844634  0.000000;
5552778 -9.309535 -9.251553 -6.423629  0.000000;
5557856 -9.309535 -9.365798 -4.312148  0.000000;
5562941 -9.309535 -9.365798 -7.944028  0.000000;
5568093 -8.540322 -9.365798 -4.994876  0.000000;
5573201 -8.273549 -9.365798 -9.141454  0.000000;
5578302 -7.839296 -9.423220 -3.987857  0.000000;
5583336 -7.839296 -9.423220 -6.891930  0.000000;
5588453 -7.839296 -9.523709 -4.089556  0.000000;
5593618 -6.840993 -9.477053 -2.853817  0.000000;
5598633 -6.707607 -9.423220 -3.016580  0.000000;
5603755 -6.297280 -9.469277 -6.708271  0.000000;
5608841 -6.297280 -9.469277 -2.775126  0.000000;
5613876 -6.297280 -9.477053 -4.992529  0.000000;
5618879 -5.468850 -9.469277 -4.529885  0.000000;
5623915 -4.922146 -9.469277 -1.210406  0.000000;
5629012 -4.574026 -9.502175 -2.072353  0.000000;
5634173 -4.574026 -9.561392 -2.365108  0.000000;
5639282 -4.574026 -9.718106 -0.220548  0.000000;
5644541 -3.521291 -9.718106 -1.166695  0.000000;
5649658 -3.101992 -9.718106 -0.286381  0.000000;
5654777 -3.070290 -9.561392  0.149107  0.000000;
5659941 -3.070290 -9.795266 -0.614996  0.000000;
5665022 -3.070290 -9.828762  1.693723  0.000000;
5670029 -2.503848 -9.828762 -0.324256  0.000000;
5675206 -2.261001 -9.828762 -2.227229  0.000000;
5680358 -1.786074 -9.873623 -0.245848  0.000000;
5685428 -1.786074 -9.873623  7.216193  0.000000;
5690597 -1.786074 -10.081777  5.697458  0.000000;
5695628 -1.079666 -10.081777  19.160989  0.000000;
5700671  0.346909 -10.081777  18.356415  0.000000;
5705823  1.207041 -11.146475  15.088462  0.000000;
5710921  1.207041 -11.146475  22.217971  0.000000;
5716069  1.207041 -11.146475  13.153906  0.000000;
5721075  2.265756 -10.591396  16.967248  0.000000;
5726239  2.945249 -10.591396  11.398909  0.000000;
5731354  3.246713 -11.157839  14.738018  0.000000;
5736412  3.246713 -11.433584  7.976147  0.000000;
5741560  3.246713 -11.814602  12.628159  0.000000;
5746611  4.662521 -11.814602  7.203556  0.000000;
5751705  5.439511 -11.814602  10.737674  0.000000;
5756842  5.457455 -11.665664  6.693101  0.000000;
5762007  5.457455 -11.750002  10.559051  0.000000;
5767053  5.457455 -11.970119  5.457659  0.000000;
5772114  5.834286 -11.970119  8.788727  0.000000;
5777202  6.121994 -11.970119  3.277591  0.000000;
5782214  6.302035 -12.289529  7.241180  0.000000;
5787297  6.302035 -12.289529  3.530218  0.000000;
5792397  6.302035 -12.289529  4.046318  0.000000;
5797525  6.302035 -12.083169  1.664187  0.000000;
5802605  6.302035 -11.915688  1.281632  0.000000;
5807624  5.834286 -11.905520  2.479613  0.000000;
5812651  5.577084 -11.905520 -1.466504  0.000000;
5817697  5.316293 -11.905520 -2.066285  0.000000;
5822814  5.316293 -11.714712 -5.304983  0.000000;
5827886  5.316293 -11.357620 -3.717600  0.000000;
5833052  2.414694 -10.886282 -7.045699  0.000000;
5838064  1.647873 -10.886282 -3.548737  0.000000;
5843135  0.456369 -10.886282 -6.239580  0.000000;
5848242  0.456369 -10.669753 -3.046128  0.000000;
5853281  0.456369 -9.849697 -2.211972  0.000000;
5858415 -3.675613 -9.510549 -4.662002  0.000000;
5863534 -4.654775 -9.510549 -1.493503  0.000000;
5868688 -5.925832 -9.510549 -4.813882  0.000000;
5873792 -5.925832 -9.462698 -5.126143  0.000000;
5878885 -5.925832 -9.392715 -3.998167  0.000000;
5884045 -7.782472 -9.142691 -6.992094  0.000000;
5889096 -7.925429 -9.142691 -3.471264  0.000000;
5894234 -8.116835 -9.142691 -2.759151  0.000000;
5899295 -8.116835 -9.026052 -3.927686  0.000000;
5904462 -7.939186 -9.026052 -8.838231  0.000000;
5909494 -7.925429 -9.070913 -5.294386  0.000000;
5914569 -7.925429 -9.118167 -4.396100  0.000000;
5919708 -7.925429 -9.118167 -4.619560  0.000000;
5924800 -7.576711 -9.104409 -5.010705  0.000000;
5929856 -7.463661 -9.104409 -3.285436  0.000000;
5934936 -7.308742 -9.142092 -4.674425  0.000000;
5940003 -7.308742 -9.170803 -6.156085  0.000000;
5945153 -7.308742 -9.170803 -4.391200  0.000000;
5950269 -6.497658 -9.170803 -4.402352  0.000000;
5955342 -6.147744 -9.170803 -2.958628  0.000000;
5960373 -5.758950 -9.142092 -5.437495  0.000000;
5965409 -5.758950 -9.142092 -2.331542  0.000000;
5970517 -5.758950 -9.142092 -2.012565  0.000000;
5975580 -5.428774 -9.113382 -2.299200  0.000000;
5980615 -4.587783 -9.113382 -5.187172  0.000000;
5985756 -4.306655 -9.368191 -2.632921  0.000000;
5990855 -4.306655 -10.081777 -2.002999  0.000000;
5995916 -4.306655 -10.081777 -0.674894  0.000000;
6001006 -3.538039 -9.737246 -3.835643  0.000000;
6006054 -2.646206 -9.368191 -3.325067  0.000000;
6011168 -2.558877 -9.243777 -1.039641  0.000000;
6016271 -2.558877 -9.737246  0.052129  0.000000;
6021349 -2.558877 -10.368887 -0.260143  0.000000;
6026502 -2.223318 -10.368887  0.577571  0.000000;
6031647 -2.150942 -9.737246 -6.712415  0.000000;
6036678 -2.104287 -9.653506  0.500893  0.000000;
6041802 -2.104287 -9.653506  3.623254  0.000000;
6046891 -2.104287 -10.347354  7.739299  0.000000;
6051989 -1.774709 -10.347354  9.333124  0.000000;
6057103 -0.200991 -10.347354  9.738946  0.000000;
6062159  0.457566 -10.733755  13.545489  0.000000;
6067278  0.457566 -11.388723  8.809843  0.000000;
6072309  0.457566 -11.388723  15.233127  0.000000;
6077326  2.864499 -10.733755  11.179340  0.000000;
6082355  3.369333 -10.733755  10.417763  0.000000;
6087469  3.758127 -10.785195  6.180521  0.000000;
6092610  3.758127 -11.501174  6.025370  0.000000;
6097648  3.758127 -11.546035  4.947852  0.000000;
6102745  4.905368 -11.546035  4.877467  0.000000;
6107806  5.815146 -11.546035  4.151520  0.000000;
6112903  5.843857 -11.501174  3.729848  0.000000;
6118020  5.843857 -11.590896  2.364256  0.000000;
6123146  5.825314 -11.623794  2.496271  0.000000;
6128293  5.825314 -11.623794  4.793721  0.000000;
6133341  5.825314 -11.590896  1.559453  0.000000;
6138455  4.905368 -11.501174 -0.218068  0.000000;
6143522  3.920822 -11.501174 -0.680601  0.000000;
6148674  3.058896 -11.501174 -2.647841  0.000000;
6153747  3.058896 -10.803140 -3.492089  0.000000;
6158786  3.058896 -10.670352 -4.037495  0.000000;
6163918  0.575400 -10.636257  0.101139  0.000000;
6169081 -0.940298 -10.636257 -3.346297  0.000000;
6174176 -1.780691 -10.636257  1.444504  0.000000;
6179202 -1.780691 -10.177481  1.210132  0.000000;
6184259 -1.780691 -9.981289  3.508692  0.000000;
6189408 -3.458486 -10.177481  7.285726  0.000000;
6194439 -3.458486 -10.177481  5.585567  0.000000;
6199510 -3.458486 -10.177481  10.125318  0.000000;
6204520 -3.277248 -10.170901  3.454469  0.000000;
6209524 -2.906997 -10.170901  2.270233  0.000000;
6214654 -1.158621 -10.221743  1.883463  0.000000;
6219743 -1.158621 -10.532778  1.490776  0.000000;
6224849 -1.158621 -10.532778  3.670390  0.000000;
6230024  0.813462 -10.520815  5.154778  0.000000;
6235054  2.139548 -10.520815  1.904488  0.000000;
6240084  2.330954 -10.787588  2.455407  0.000000;
6245189  2.330954 -11.019668  3.660974  0.000000;
6250408  2.330954 -11.043594  3.741353  0.000000;
6255575  2.982334 -11.038210  4.103461  0.000000;
6260786  3.095383 -11.020864  2.583157  0.000000;
6265932  3.046933 -11.038210  4.500093  0.000000;
6271034  3.046933 -11.191335  5.887467  0.000000;
6276180  3.046933 -11.278066  3.715640  0.000000;
6281275  3.227573 -11.191335  7.136444  0.000000;
6286300  3.474606 -11.133914  2.611959  0.000000;
6291310  3.509299 -11.191335  5.403168  0.000000;
6296533  3.509299 -11.239187  6.317604  0.000000;
6301701  3.241928 -11.239187  5.325687  0.000000;
6306847  3.241928 -11.239187  5.027485  0.000000;
6311912  3.438718 -11.239187  8.193889  0.000000;
6317094  3.270041 -11.290029  8.080045  0.000000;
6322270  3.241928 -11.290029  4.340112  0.000000;
6327349  3.184506 -11.290029  9.415712  0.000000;
6332415  3.184506 -11.234402  4.948233  0.000000;
6337457  3.184506 -10.948489  4.675727  0.000000;
6342633  3.045737 -11.234402  5.044743  0.000000;
6347760  2.994296 -11.336685  6.803351  0.000000;
6352772  2.498435 -11.489211  5.358462  0.000000;
6357896  2.498435 -11.489211  8.224573  0.000000;
6363013  2.498435 -11.336685  3.335711  0.000000;
6368029  1.924216 -11.234402  6.347690  0.000000;
6373032  1.808176 -11.234402  4.239181  0.000000;
6378128  1.213022 -11.234402  6.142723  0.000000;
6383141  1.213022 -11.099221  3.436981  0.000000;
6388304  1.213022 -10.971218  4.472571  0.000000;
6393404  1.262070 -10.894058  2.301245  0.000000;
6398461  1.128684 -10.894058  4.801281  0.000000;
6403613  0.880454 -10.894058  2.787532  0.000000;
6408772  0.880454 -10.410757  2.167549  0.000000;
6413967  0.880454 -10.410757  5.291421  0.000000;
6419001  0.389377 -10.457412  0.777074  0.000000;
6424148  0.002976 -10.541152  2.844713  0.000000;
6429180 -0.136990 -10.541152  1.333154  0.000000;
6434192 -0.136990 -10.457412  1.648362  0.000000;
6439260 -0.136990 -10.019570  5.089711  0.000000;
6444315 -0.616702 -10.251650  0.364283  0.000000;
6449459 -0.938503 -10.257632  4.010893  0.000000;
6454569 -0.954653 -10.257632  0.010108  0.000000;
6459724 -0.954653 -10.251650  1.174886  0.000000;
6464861 -0.954653 -10.045889  0.149911  0.000000;
6470017 -1.030618 -10.056057  1.101848  0.000000;
6475122 -1.367971 -10.056057  0.022881  0.000000;
6480237 -1.507339 -10.056057  0.163027  0.000000;
6485280 -1.507339 -10.033328 -0.456541  0.000000;
6490306 -1.507339 -10.016580  1.229735  0.000000;
6495551 -1.918264 -9.945400  0.268450  0.000000;
6500674 -2.134792 -10.014785 -0.688808  0.000000;
6505783 -2.402163 -10.033328  0.216139  0.000000;
6510920 -2.402163 -10.014785  0.077126  0.000000;
6516048 -2.402163 -9.945400  4.022598  0.000000;
6521104 -2.678506 -9.762368 -1.189097  0.000000;
6526176 -2.732937 -9.762368 -1.868367  0.000000;
6531279 -2.767629 -9.836538 -1.111048  0.000000;
6536355 -2.767629 -9.836538 -1.217358  0.000000;
6541467 -2.767629 -9.836538 -1.566997  0.000000;
6546545 -2.902810 -9.762368 -3.218235  0.000000;
6551692 -2.916567 -9.762368 -0.809436  0.000000;
6556741 -2.920156 -9.762368  0.405445  0.000000;
6561878 -2.920156 -9.653506 -2.387033  0.000000;
6567081 -2.920156 -9.653506  1.332352  0.000000;
6572252 -2.939297 -9.575747  1.121515  0.000000;
6577309 -3.502151 -9.575747 -1.127215  0.000000;
6582515 -3.538637 -9.740835 -1.348819  0.000000;
6587639 -3.502151 -9.740835 -1.662550  0.000000;
6592734 -3.219826 -9.740835  0.628823  0.000000;
6597777 -3.259902 -9.582925 -0.155543  0.000000;
6602796 -3.259902 -9.740835 -1.701351  0.000000;
6607869 -3.259902 -9.789285 -4.125933  0.000000;
6613036 -3.051748 -9.740835 -1.453796  0.000000;
6618237 -3.029018 -9.701956 -0.933715  0.000000;
6623389 -2.932717 -9.689395  7.218360  0.000000;
6628514 -2.942287 -9.689395 -2.223226  0.000000;
6633609 -2.942287 -9.740835 -2.068308  0.000000;
6638686 -2.932717 -9.740835 -2.830358  0.000000;
6643789 -2.922549 -9.689395 -1.793059  0.000000;
6649037 -2.878286 -9.646328 -3.616406  0.000000;
6654173 -2.878286 -9.646328 -2.049387  0.000000;
6659314 -2.878286 -9.652310 -3.041135  0.000000;
6664450 -2.786172 -9.652310 -0.585931  0.000000;
6669601 -2.786172 -9.652310 -4.731383  0.000000;
6674622 -2.783181 -9.646328 -1.569683  0.000000;
6679689 -2.783181 -9.646328  0.218699  0.000000;
6684824 -2.783181 -9.646328 -1.719535  0.000000;
6689900 -2.610317 -9.376565 -1.916527  0.000000;
6695070 -2.610317 -9.376565 -1.863688  0.000000;
6700104 -2.853164 -9.899941 -1.769840  0.000000;
6705207 -2.863931 -10.631472  1.372099  0.000000;
6710225 -2.863931 -10.631472 -1.656798  0.000000;
6715238 -2.853164 -9.899941 -2.069077  0.000000;
6720280 -2.756863 -9.535073 -1.231057  0.000000;
6725351 -2.744302 -9.489614  0.633422  0.000000;
6730434 -2.751479 -9.899941  0.019014  0.000000;
6735511 -2.853164 -9.960952  0.880522  0.000000;
6746153 -2.853164 -9.899941  0.950785  0.000000;
6751325 -2.751479 -9.489614 -2.982959  0.000000;
6757210 -2.744302 -9.815005 -1.598919  0.000000;
6763335 -2.744302 -9.899941  1.600954  0.000000;
6768705 -2.744302 -9.998037 -2.094241  0.000000;
6773842 -2.278347 -9.899941 -0.765606  0.000000;
6779634 -2.110268 -9.815005  1.819026  0.000000;
6785073 -1.828542 -9.620010  0.696722  0.000000;
6791493 -1.828542 -9.899941  0.376464  0.000000;
6796665 -1.828542 -9.945999 -1.015917  0.000000;
6803086 -1.745400 -9.945999 -0.113036  0.000000;
6809883 -0.970803 -9.945999  0.648162  0.000000;
6815098 -1.041982 -9.899941  1.128462  0.000000;
6821213 -1.239968 -10.023159  0.256601  0.000000;
6831287 -1.239968 -10.185256  0.049453  0.000000;
6838067 -1.041982 -10.185256  2.232770  0.000000;
6843169 -1.003701 -10.185256  7.293637  0.000000;
6849721 -0.813491 -10.023159  0.685941  0.000000;
6855906 -0.813491 -10.224136 -0.164595  0.000000;
6862026 -0.813491 -10.227127  1.105715  0.000000;
6869034 -0.813491 -10.227127  3.177724  0.000000;
6874207 -0.652590 -10.227127 -1.319773  0.000000;
6881213 -0.436660 -10.224136  1.275280  0.000000;
6886275 -0.694461 -10.224136  0.274675  0.000000;
6892898 -0.813491 -10.224136  1.401893  0.000000;
6903831 -0.813491 -10.203201 -0.516217  0.000000;
6913608 -0.813491 -10.203201  1.116496  0.000000;
6919704 -0.694461 -10.251052  2.708635  0.000000;
6924715 -0.865530 -10.251052  8.128789  0.000000;
6929798 -0.865530 -10.290530  1.913612  0.000000;
6934927 -0.694461 -10.290530  6.487796  0.000000;
6939975 -0.632253 -10.251052  0.380332  0.000000;
6945167 -0.694461 -10.196023  1.365443  0.000000;
6950284 -0.718386 -10.207986  0.441029  0.000000;
6955493 -0.848782 -10.207986  4.141274  0.000000;
6960693 -0.848782 -10.199014  0.217239  0.000000;
6965811 -0.848782 -10.196023  0.314989  0.000000;
6970926 -1.062918 -10.170901  1.423222  0.000000;
6975937 -1.107180 -10.170901  0.807229  0.000000;
6980965 -1.190322 -10.170901  3.591019  0.000000;
6986075 -1.190322 -10.127236 -1.073455  0.000000;
6991076 -1.190322 -10.065628  2.504766  0.000000;
6996219 -1.325503 -10.027944 -0.477954  0.000000;
7001269 -1.507937 -10.027944  0.268084  0.000000;
7006331 -1.524685 -10.032131  3.276097  0.000000;
7011377 -1.524685 -10.032131  1.329946  0.000000;
7016457 -1.524685 -10.032131 -0.888846  0.000000;
7021547 -1.714297 -10.075198  0.965161  0.000000;
7026563 -1.741811 -10.075198  0.379414  0.000000;
7031633 -1.954153 -10.075198  0.255096  0.000000;
7036713 -1.741811 -10.012991  5.964285  0.000000;
7041787 -1.741811 -9.765359  0.313750  0.000000;
7046945 -1.854861 -9.758779 -2.041978  0.000000;
7051972 -1.938601 -10.012991  1.794011  0.000000;
7057022 -1.938601 -10.012991 -1.520676  0.000000;
7062182 -1.854861 -9.758779 -1.814931  0.000000;
7067234 -1.854861 -9.758779  1.026273  0.000000;
7072249 -1.905703 -10.127236  3.329232  0.000000;
7077409 -2.018154 -10.379055 -2.660758  0.000000;
7082487 -2.018154 -10.379055 -1.854808  0.000000;
7087575 -1.905703 -10.127236 -0.411559  0.000000;
7092735 -1.888357 -9.753396 -2.022971  0.000000;
7097758 -1.905703 -9.342471  0.609705  0.000000;
7102933 -1.982266 -10.127236  0.665376  0.000000;
7108012 -2.036099 -10.179275 -1.781737  0.000000;
7113173 -2.036099 -10.127236  1.062999  0.000000;
7118245 -2.036099 -9.591897 -1.475850  0.000000;
7123273 -2.079165 -9.342471 -3.581264  0.000000;
7128280 -2.079165 -9.590701 -0.214620  0.000000;
7133435 -2.198196 -10.013589 -1.135141  0.000000;
7138586 -2.198196 -10.013589 -0.120848  0.000000;
7143701 -2.198196 -9.788687 -2.649734  0.000000;
7148808 -2.394387 -9.590701  0.443715  0.000000;
7153932 -2.734731 -9.590701 -1.338607  0.000000;
7159049 -2.734731 -9.590701 -3.837052  0.000000;
7164190 -2.734731 -9.503970 -11.852286  0.000000;
7169345 -2.734731 -9.503970 -9.686005  0.000000;
7174429 -3.734829 -9.538064 -19.338909  0.000000;
7179497 -5.484401 -9.538064 -13.915514  0.000000;
7184582 -5.888747 -9.538064 -19.013034  0.000000;
7189730 -5.888747 -9.450735 -11.535109  0.000000;
7194753 -5.888747 -9.088259 -19.207193  0.000000;
7199926 -7.288405 -9.205496 -9.071091  0.000000;
7205034 -7.494167 -9.308975 -14.461589  0.000000;
7210166 -8.106667 -9.419033 -8.759519  0.000000;
7215191 -8.106667 -9.308975 -14.069960  0.000000;
7220192 -8.106667 -9.239590 -8.506418  0.000000;
7225364 -9.037978 -9.205496 -11.911873  0.000000;
7230480 -9.295778 -9.205496 -8.728535  0.000000;
7235550 -9.303554 -9.205496 -10.905385  0.000000;
7240645 -9.303554 -9.205496 -6.725748  0.000000;
7245756 -9.303554 -9.205496 -12.926338  0.000000;
7250810 -10.039272 -9.308975 -7.554889  0.000000;
7255821 -10.166676 -9.328714 -12.308462  0.000000;
7260827 -10.294081 -9.328714 -6.599713  0.000000;
7265931 -10.166676 -9.308975 -13.349913  0.000000;
7271096 -10.157704 -9.267105 -6.056907  0.000000;
7276211 -10.166676 -9.201309 -7.647485  0.000000;
7281268 -10.166676 -9.308975 -8.061587  0.000000;
7286287 -10.166676 -9.336489 -5.454927  0.000000;
7291304 -10.166676 -9.336489 -9.860277  0.000000;
7296335 -10.166676 -9.336489 -4.919309  0.000000;
7301488 -10.178041 -9.558999 -12.353227  0.000000;
7306637 -10.178041 -9.558999 -4.141358  0.000000;
7311665 -10.178041 -9.634963 -4.106139  0.000000;
7316724 -9.942970 -9.558999 -5.666892  0.000000;
7321809 -9.942970 -9.480044 -2.413046  0.000000;
7326981 -10.396364 -9.558999 -3.953993  0.000000;
7332100 -10.396364 -9.691787 -4.585917  0.000000;
7337272 -10.396364 -9.856875 -3.537219  0.000000;
7342283 -9.943568 -9.691787 -3.956025  0.000000;
7347378 -9.884352 -9.558999 -4.343589  0.000000;
7352406 -9.725246 -9.691787 -8.189137  0.000000;
7357555 -9.725246 -9.730068 -3.768574  0.000000;
7362712 -9.725246 -9.730068 -5.948190  0.000000;
7367728 -8.903395 -9.730068 -5.312984  0.000000;
7372818 -7.716677 -9.730068 -3.153019  0.000000;
7377912 -7.658058 -9.691787 -6.259439  0.000000;
7382913 -7.658058 -9.691787 -12.578072  0.000000;
7388006 -7.658058 -9.691787 -4.254008  0.000000;
7393163 -7.153225 -9.691787 -5.856317  0.000000;
7398201 -6.955837 -9.691787 -4.477325  0.000000;
7403357 -6.846376 -10.118862 -3.698762  0.000000;
7408428 -6.846376 -10.118862 -6.133795  0.000000;
7413453 -6.846376 -10.118862 -7.509314  0.000000;
7418549 -6.157314 -9.277273 -6.147778  0.000000;
7423730 -5.720669 -9.277273 -5.349633  0.000000;
7428738 -5.629751 -9.282656 -5.856702  0.000000;
7433802 -6.157314 -9.404080 -4.170223  0.000000;
7438958 -6.157314 -9.410061 -2.389731  0.000000;
7444084 -5.883364 -9.410061 -4.012542  0.000000;
7449169 -5.629751 -9.404080 -1.615416  0.000000;
7454258 -5.160207 -9.410061 -3.715050  0.000000;
7459341 -5.160207 -9.741433 -2.090901  0.000000;
7464501 -5.160207 -9.760574  0.533287  0.000000;
7469572 -4.727749 -9.760574 -2.349551  0.000000;
7474634 -3.428579 -9.743826 -0.981043  0.000000;
7479654 -3.298183 -9.741433  1.339932  0.000000;
7484846 -3.298183 -9.741433 -1.312937  0.000000;
7489892 -3.298183 -9.760574 -0.257125  0.000000;
7494985 -2.932717 -9.760574  0.454530  0.000000;
7500097 -2.676113 -9.760574 -2.564799  0.000000;
7505252 -2.636636 -9.860464  0.601336  0.000000;
7510349 -2.636636 -9.877810  4.959821  0.000000;
7515517 -2.636636 -9.879006  8.639324  0.000000;
7520601 -2.118044 -9.879006  14.987074  0.000000;
7525637 -0.384024 -9.879006  15.932293  0.000000;
7530757  0.895407 -10.666165  22.836598  0.000000;
7535855  0.895407 -10.873123  17.608531  0.000000;
7540887  0.895407 -10.873123  24.384130  0.000000;
7545944  1.385886 -10.803738  15.636535  0.000000;
7551064  2.857321 -10.803738  20.000689  0.000000;
7556103  2.944052 -11.093838  13.622556  0.000000;
7561249  2.944052 -11.556204  13.786505  0.000000;
7566275  2.944052 -12.367287  11.024727  0.000000;
7571357  4.960995 -12.367287  15.651676  0.000000;
7576511  5.701498 -12.259621  10.048601  0.000000;
7581532  5.478989 -11.986269  13.786658  0.000000;
7586680  5.478989 -12.010793  9.764029  0.000000;
7591776  5.264853 -12.027541  14.913446  0.000000;
7596876  5.478989 -12.027541  10.328331  0.000000;
7601921  5.797800 -12.027541  8.920336  0.000000;
7606945  5.921017 -12.785390  9.174562  0.000000;
7612090  5.921017 -12.812905  8.714761  0.000000;
7617208  5.921017 -12.812905  6.040647  0.000000;
7622217  5.921017 -12.785390  11.416017  0.000000;
7627347  5.921017 -12.600564  8.092599  0.000000;
7632406  5.501120 -12.299099  7.553490  0.000000;
7637502  5.478989 -12.561086  5.684497  0.000000;
7642561  5.465231 -12.785390  5.495163  0.000000;
7647569  5.478989 -12.785390  6.012387  0.000000;
7652598  5.478989 -12.561086  4.175516  0.000000;
7657668  5.374911 -12.299099  13.854409  0.000000;
7662889  5.345602 -12.299099  3.286839  0.000000;
7668054  5.345602 -12.299099  1.371279  0.000000;
7673077  5.374911 -12.260220  1.895597  0.000000;
7678096  5.550766 -12.260220  2.120185  0.000000;
7683168  5.374911 -12.176479 -0.432437  0.000000;
7688321  5.199655 -12.176479  1.544160  0.000000;
7693469  5.196066 -12.176479 -0.145417  0.000000;
7698632  5.196066 -11.968325  0.945669  0.000000;
7703761  5.196066 -11.522707 -0.209386  0.000000;
7708825  3.772482 -11.201504 -1.024081  0.000000;
7713962  2.402732 -11.201504 -3.085209  0.000000;
7718991  1.507907 -11.201504 -9.626514  0.000000;
7724142  1.507907 -10.854580 -8.879636  0.000000;
7729191  1.507907 -10.552517 -11.377445  0.000000;
7734326 -0.043081 -10.548330 -9.197243  0.000000;
7739445 -0.945681 -10.548330 -9.509410  0.000000;
7744501 -2.435659 -10.548330 -9.511623  0.000000;
7749533 -2.435659 -9.565579 -11.009379  0.000000;
7754544 -2.435659 -9.565579 -6.645364  0.000000;
7759662 -5.883962 -9.675637 -15.975679  0.000000;
7764676 -5.940188 -9.675637 -8.521356  0.000000;
7769713 -6.829628 -9.675637 -13.598113  0.000000;
7774919 -6.829628 -9.554214 -9.199887  0.000000;
7780010 -6.829628 -9.481839 -8.786617  0.000000;
7785154 -7.454689 -9.459707 -8.622802  0.000000;
7790234 -8.168276 -9.554214 -13.951328  0.000000;
7795255 -8.524172 -9.554214 -8.183195  0.000000;
7800289 -8.524172 -9.459707 -9.538826  0.000000;
7805292 -8.524172 -9.459707 -7.525354  0.000000;
7810343 -9.102577 -9.499185 -11.386703  0.000000;
7815468 -9.165383 -9.506961 -7.562673  0.000000;
7820501 -9.165383 -9.541653 -8.159351  0.000000;
7825506 -9.165383 -9.506961 -5.862257  0.000000;
7830525 -9.165383 -9.506961 -12.824182  0.000000;
7835613 -9.307143 -9.578140 -4.208688  0.000000;
7840704 -9.514101 -9.578140 -5.509102  0.000000;
7845854 -9.736610 -9.578140 -5.399583  0.000000;
7850986 -9.514101 -9.578140 -3.472091  0.000000;
7856209 -9.514101 -9.397500 -4.163737  0.000000;
7861245 -9.546999 -9.578140 -5.004035  0.000000;
7866295 -9.546999 -9.654104 -5.618621  0.000000;
7871389 -9.546999 -9.654104 -5.668254  0.000000;
7876534 -9.307143 -9.578140 -5.156149  0.000000;
7881556 -9.250319 -9.469277 -4.501549  0.000000;
7886809 -9.080446 -9.534475 -6.968871  0.000000;
7891858 -9.080446 -9.534475 -4.396861  0.000000;
7897016 -9.080446 -9.534475 -3.653803  0.000000;
7902214 -8.433254 -9.426211 -6.422868  0.000000;
7907230 -8.041469 -9.426211 -7.577451  0.000000;
7912299 -7.385305 -9.501577 -1.944716  0.000000;
7917306 -7.385305 -9.501577 -4.274138  0.000000;
7922486 -7.385305 -9.501577 -2.792281  0.000000;
7927620 -6.967800 -9.436978 -4.786693  0.000000;
7932629 -6.090322 -9.436978 -1.132192  0.000000;
7937743 -5.779287 -9.558999 -1.379089  0.000000;
7942904 -5.779287 -9.594888 -3.108194  0.000000;
7947985 -5.779287 -9.594888 -1.146050  0.000000;
7953066 -4.155923 -9.558999 -1.199963  0.000000;
7958121 -3.683987 -9.542251  0.370045  0.000000;
7963296 -3.667837 -9.558999 -0.595082  0.000000;
7968420 -3.667837 -9.677432 -0.413368  0.000000;
7973485 -3.667837 -9.697769 -0.033164  0.000000;
7978620 -3.134292 -9.677432  7.871696  0.000000;
7983759 -2.764639 -9.609243  8.080794  0.000000;
7988807 -2.545120 -9.677432  18.206061  0.000000;
7993827 -2.545120 -10.005813  12.558857  0.000000;
7998915 -2.545120 -10.819888  21.662205  0.000000;
8003917 -0.538943 -10.819888  14.816224  0.000000;
8009072  0.939072 -10.745718  22.648305  0.000000;
8014186  2.240634 -10.803738  14.166245  0.000000;
8019224  2.240634 -10.819888  20.358762  0.000000;
8024278  2.240634 -11.002322  11.669693  0.000000;
8029370  3.031381 -11.002322  10.677731  0.000000;
8034409  4.163071 -11.002322  20.344811  0.000000;
8039507  4.874863 -12.003017  10.872057  0.000000;
8044548  4.874863 -12.444448  8.501865  0.000000;
8049612  4.874863 -12.503066  11.952498  0.000000;
8054660  5.270236 -12.503066  7.030580  0.000000;
8059885  6.525741 -12.503066  12.038887  0.000000;
8064924  6.513778 -12.629275  7.424073  0.000000;
8069960  6.388168 -12.802138  8.753362  0.000000;
8075037  6.388168 -12.802737  7.253613  0.000000;
8080043  6.388168 -12.802138  11.668355  0.000000;
8085047  6.388168 -12.762063  7.081355  0.000000;
8090056  6.057992 -12.629275  7.984197  0.000000;
8095210  5.748154 -12.629275  12.106601  0.000000;
8100264  5.710470 -12.629275  5.214384  0.000000;
8105402  5.710470 -12.500075  8.322717  0.000000;
8110558  5.710470 -12.318838  5.254817  0.000000;
8115595  5.663217 -12.440261  6.048717  0.000000;
8120627  5.542990 -12.486318  3.578865  0.000000;
8125801  5.435922 -12.486318  5.758317  0.000000;
8130814  5.435922 -12.440261  5.444099  0.000000;
8136105  5.435922 -12.268594  5.982531  0.000000;
8141272  4.063181 -11.939016  1.741948  0.000000;
8146278  4.050620 -11.939016  3.924750  0.000000;
8151440  4.050620 -11.939016 -0.419646  0.000000;
8156648  4.063181 -11.918081  1.348964  0.000000;
8161783  4.063181 -11.769143 -0.898940  0.000000;
8166950  3.959702 -11.712917 -0.113124  0.000000;
8171970  3.548776 -11.712917  0.100096  0.000000;
8176990  2.654550 -11.712917 -1.691739  0.000000;
8182087  2.654550 -10.879104 -3.873244  0.000000;
8187134  2.654550 -10.620107 -10.751355  0.000000;
8192164  0.560447 -10.487918 -7.204559  0.000000;
8197318 -0.248245 -10.487918 -13.164738  0.000000;
8202481 -0.443838 -10.487918 -6.602712  0.000000;
8207588 -0.443838 -10.399990 -12.093516  0.000000;
8212639 -0.443838 -10.241482 -8.233487  0.000000;
8217868 -3.246145 -9.690591 -11.151218  0.000000;
8222862 -5.123122 -9.859866 -7.472417  0.000000;
8227959 -6.023928 -9.859866 -12.861902  0.000000;
8233116 -6.023928 -9.690591 -7.247466  0.000000;
8238235 -6.023928 -9.506362 -12.645895  0.000000;
8243369 -7.752565 -9.442959 -7.328206  0.000000;
8248379 -7.985243 -9.442959 -13.678399  0.000000;
8253486 -8.095302 -9.442959 -6.225039  0.000000;
8258646 -8.095302 -9.230020 -12.566643  0.000000;
8263828 -8.095302 -9.038015 -6.704800  0.000000;
8268835 -8.577406 -9.230020 -6.963481  0.000000;
8273896 -9.081044 -9.238394 -9.726653  0.000000;
8279020 -9.285011 -9.238394 -6.415440  0.000000;
8284052 -9.285011 -9.230020 -7.923763  0.000000;
8289202 -9.285011 -9.103213 -5.635641  0.000000;
8294360 -9.194093 -9.230020 -8.518818  0.000000;
8299399 -9.194093 -9.230020 -4.829444  0.000000;
8304424 -9.454884 -9.230020 -6.050122  0.000000;
8309510 -9.454884 -9.177383 -4.916562  0.000000;
8314525 -9.454884 -9.121157 -5.246067  0.000000;
8319588 -9.649281 -9.018277 -4.869547  0.000000;
8324701 -9.709694 -9.177383 -1.373198  0.000000;
8329851 -9.709694 -9.203103 -3.075174  0.000000;
8334936 -9.649281 -9.177383 -5.726844  0.000000;
8340058 -9.578700 -9.177383 -3.658276  0.000000;
8345096 -8.768813 -9.297012 -7.584813  0.000000;
8350228 -8.768813 -9.297012 -2.199795  0.000000;
8355375 -8.768813 -9.297012 -8.077659  0.000000;
8360393 -7.216030 -9.297012 -1.553407  0.000000;
8365433 -6.459377 -9.297012 -2.005310  0.000000;
8370520 -5.720070 -9.372976 -3.201038  0.000000;
8375608 -5.720070 -9.517727 -0.809556  0.000000;
8380747 -5.720070 -9.637356 -1.971493  0.000000;
8385876 -4.978371 -9.637356  4.775357  0.000000;
8390964 -3.683388 -9.637356 -1.144025  0.000000;
8399649 -3.441140 -9.667263  6.616402  0.000000;
8406529 -3.441140 -9.667263  4.322700  0.000000;
8411531 -3.441140 -9.684011  12.075502  0.000000;
8416625 -3.141470 -9.684011  15.190357  0.000000;
8423901 -1.263296 -9.684011  10.484365  0.000000;
8428993  0.228476 -10.463992  7.655634  0.000000;
8435539  0.228476 -10.630874  12.856686  0.000000;
8440539  0.228476 -10.976003  7.135706  0.000000;
8447457  1.867990 -10.976003  17.617086  0.000000;
8452584  3.341818 -10.976003  5.574019  0.000000;
8459358  3.890317 -11.532876  5.697896  0.000000;
8464413  3.890317 -11.967129  21.971962  0.000000;
8469687  3.890317 -11.967129  5.334785  0.000000;
8475172  4.764206 -11.723086  6.835643  0.000000;
8481220  5.303732 -11.723086  16.329112  0.000000;
8488823  5.420969 -11.976699  2.878963  0.000000;
8495933  5.420969 -12.080178  10.801986  0.000000;
8500958  5.420969 -12.080178  3.467680  0.000000;
8506871  5.420969 -11.976699  4.619980  0.000000;
8513806  5.420969 -11.809219  4.693568  0.000000;
8519493  5.318686 -11.806826  3.235275  0.000000;
8524633  5.071652 -11.823574  4.303140  0.000000;
8530814  5.017819 -11.823574  2.451045  0.000000;
8535833  5.017819 -11.806826  3.810959  0.000000;
8541324  5.017819 -11.764956  2.869014  0.000000;
8546487  2.948239 -11.321731  5.226539  0.000000;
8552284  2.897397 -11.321731  2.474950  0.000000;
8557327  2.336338 -11.321731  3.583449  0.000000;
8562480  2.336338 -11.065127  4.651644  0.000000;
8567542  2.336338 -10.889871 -1.607976  0.000000;
8572652  0.622654 -10.666763 -7.142108  0.000000;
8577701 -0.116653 -10.666763 -6.472681  0.000000;
8582865 -0.829043 -10.666763 -7.763233  0.000000;
8588023 -0.829043 -10.261221 -5.335110  0.000000;
8593097 -0.829043 -10.147573 -4.314136  0.000000;
8598206 -2.770022 -10.106301 -6.281130  0.000000;
8603343 -4.426284 -10.106301 -4.637456  0.000000;
8608467 -5.892336 -10.106301 -4.664063  0.000000;
8613496 -5.892336 -9.227029 -5.819598  0.000000;
8618559 -5.892336 -9.068521 -2.840499  0.000000;
8623705 -8.596547 -8.867544 -6.854494  0.000000;
8628773 -9.015846 -8.867544 -2.023534  0.000000;
8633818 -9.206654 -8.867544 -5.942675  0.000000;
8638839 -9.146840 -8.634866 -2.570360  0.000000;
8643990 -9.015846 -8.629483 -3.276393  0.000000;
8649066 -8.634230 -8.634866 -3.717972  0.000000;
8654185 -8.634230 -8.670156 -7.038004  0.000000;
8659228 -8.634230 -8.744326 -2.204270  0.000000;
8664351 -8.200575 -8.744326 -5.517251  0.000000;
8669387 -7.481008 -8.744326 -2.694660  0.000000;
8674470 -6.760842 -9.041604 -4.948284  0.000000;
8679607 -6.760842 -9.076297 -2.870669  0.000000;
8684609 -6.760842 -9.091250  0.597581  0.000000;
8689801 -5.996413 -9.091250  2.575717  0.000000;
8694875 -4.613503 -9.091250  6.858484  0.000000;
8700013 -4.554287 -9.300003  5.110871  0.000000;
8705163 -4.554287 -9.353237  5.495714  0.000000;
8710171 -4.554287 -9.833547  4.060862  0.000000;
8715337 -3.250930 -9.833547  2.355458  0.000000;
8720344 -0.244656 -9.833547  2.451696  0.000000;
8725390  0.793723 -10.891067  6.371754  0.000000;
8730502  0.793723 -10.891067  3.888304  0.000000;
8735661  0.793723 -10.891067  2.784414  0.000000;
8740692  2.801096 -10.891067  1.234609  0.000000;
8745829  3.426157 -10.891067  4.676356  0.000000;
8750891  3.794016 -11.182363  1.797261  0.000000;
8755945  3.794016 -11.182363  2.501229  0.000000;
8761068  3.441708 -11.182363  5.748470  0.000000;
8766121  3.441708 -11.071707  3.275913  0.000000;
8771161  3.441708 -10.876113  4.634974  0.000000;
8776240  2.857321 -11.033425  3.902143  0.000000;
8781246  2.801096 -11.033425  1.356979  0.000000;
8786332  2.208933 -11.033425  2.405499  0.000000;
8791417  2.208933 -10.958059  3.166258  0.000000;
8796472  2.208933 -10.612332  1.551517  0.000000;
8801570  1.091001 -10.359316 -4.249163  0.000000;
8806654  0.851145 -10.413149 -4.677203  0.000000;
8811755  0.169858 -10.413149 -9.412254  0.000000;
8816892  0.169858 -10.359316 -3.703060  0.000000;
8822035  0.169858 -10.351541 -5.745491  0.000000;
8827146 -1.473843 -9.702554 -2.743505  0.000000;
8832311 -2.899221 -9.702554 -0.527592  0.000000;
8837351 -3.764138 -9.702554 -2.409248  0.000000;
8842479 -3.764138 -9.305984 -2.441166  0.000000;
8847577 -3.764138 -9.273086  0.089731  0.000000;
8852722 -7.146645 -9.071511 -4.257448  0.000000;
8857729 -7.259694 -9.071511 -0.709327  0.000000;
8862785 -7.259694 -9.071511 -3.795016  0.000000;
8867827 -7.146645 -9.071511 -2.589244  0.000000;
8872904 -6.854152 -9.071511 -3.072508  0.000000;
8878039 -6.524575 -9.277871  0.068821  0.000000;
8883114 -6.524575 -9.277871  1.662328  0.000000;
8888179 -6.524575 -9.277871  2.174889  0.000000;
8893188 -6.211745 -9.277871  5.728064  0.000000;
8898297 -4.727749 -9.277871  3.672432  0.000000;
8903408 -4.072182 -9.368191  4.608245  0.000000;
8908525 -4.072182 -9.575149  2.006347  0.000000;
8913618 -4.072182 -10.006411 -0.625860  0.000000;
8918640 -1.780093 -10.006411  0.681982  0.000000;
8923699  0.858921 -10.006411  3.776937  0.000000;
8928725  1.649070 -10.315054  0.413413  0.000000;
8933834  1.649070 -10.411355  3.442203  0.000000;
8938863  1.649070 -10.544741  1.194528  0.000000;
8943910  1.940366 -10.544741  2.751486  0.000000;
8948988  2.115622 -10.544741  1.988656  0.000000;
8954073  1.940366 -10.491506  4.643375  0.000000;
8959237  1.921225 -10.491506  2.453248  0.000000;
8964308  1.673593 -10.529189  1.527853  0.000000;
8969400  1.673593 -10.529189  2.081608  0.000000;
8974492  1.673593 -10.529189  3.379760  0.000000;
8979627  1.114926 -10.491506  1.673034  0.000000;
8984678  0.907370 -10.491506 -0.269212  0.000000;
8989792  0.422275 -10.491506 -4.103696  0.000000;
8994989  0.422275 -10.225930 -2.518408  0.000000;
9000004  0.422275 -10.225930 -7.056742  0.000000;
9005129 -0.821267 -10.196621 -2.974802  0.000000;
9010276 -1.409243 -10.196621 -6.240088  0.000000;
9015302 -2.588784 -10.196621 -3.113528  0.000000;
9020388 -2.588784 -10.136807 -1.014372  0.000000;
9026235 -2.588784 -9.124148 -1.679545  0.000000;
9031388 -5.380324 -9.291030 -0.543340  0.000000;
9036495 -6.277541 -9.291030 -1.437020  0.000000;
9041541 -6.769814 -9.291030  1.980172  0.000000;
9046544 -6.277541 -8.929751  1.814186  0.000000;
9051572 -5.846279 -8.929751  3.820466  0.000000;
9056714 -5.380324 -9.126541  4.772668  0.000000;
9061759 -5.380324 -9.423818  4.735691  0.000000;
9066815 -5.380324 -9.582327  1.692275  0.000000;
9071937 -4.606924 -9.582327 -0.326952  0.000000;
9077016 -2.470950 -9.582327  0.365065  0.000000;
9082073 -1.518105 -10.178079 -0.332594  0.000000;
9087252 -1.518105 -10.178079  0.431176  0.000000;
9092295 -1.518105 -10.254043  3.490571  0.000000;
9097323  0.769199 -10.254043  0.138782  0.000000;
9102395  1.394858 -10.254043  1.421970  0.000000;
9107562  1.140049 -10.675735  1.113453  0.000000;
9112631  0.996494 -10.675735  3.180948  0.000000;
9117788  0.996494 -10.675735  1.768101  0.000000;
9122853  1.025803 -10.410159  0.636241  0.000000;
9127931  1.025803 -10.322830  2.536678  0.000000;
9133063  0.769199 -10.385037  0.352587  0.000000;
9138215  0.721347 -10.385037  1.367028  0.000000;
9143358  0.300852 -10.385037 -0.194738  0.000000;
9148370  0.300852 -10.368887 -3.128388  0.000000;
9153470  0.300852 -10.209780 -6.361604  0.000000;
9158511 -0.874502 -10.108694 -7.888520  0.000000;
9163579 -0.913980 -10.108694 -2.953973  0.000000;
9168686 -2.106680 -10.108694 -4.397148  0.000000;
9173762 -2.106680 -9.818594 -2.276474  0.000000;
9178909 -2.106680 -9.500979 -1.354897  0.000000;
9183933 -4.160708 -9.075100 -0.847255  0.000000;
9189036 -5.617190 -9.213272 -3.376883  0.000000;
9194064 -6.769814 -9.213272  0.532939  0.000000;
9199129 -6.522780 -9.075100 -0.860102  0.000000;
9204215 -5.777492 -8.872927  2.758884  0.000000;
9209243 -5.617190 -9.075100  5.557744  0.000000;
9214258 -5.617190 -9.185159  4.330775  0.000000;
9219343 -5.617190 -9.492605  2.346080  0.000000;
9224443 -4.726552 -9.492605  2.502183  0.000000;
9229538 -3.395083 -9.492605 -0.657102  0.000000;
9234573 -2.066604 -10.451431  1.307956  0.000000;
9239644 -2.066604 -10.451431  1.370409  0.000000;
9244808 -2.066604 -10.451431 -0.000224  0.000000;
9249949  0.739292 -10.357522 -0.934735  0.000000;
9255091  1.497739 -10.357522  2.070422  0.000000;
9260217  1.707090 -10.602163  3.128972  0.000000;
9265313  1.588059 -10.602163  2.948446  0.000000;
9270411  1.436130 -10.602163  0.435125  0.000000;
9275517  1.436130 -10.481338  4.439792  0.000000;
9280687  1.436130 -10.472366 -0.190404  0.000000;
9285841  1.101767 -10.481338  3.006442  0.000000;
9290986  0.739292 -10.506460  1.293989  0.000000;
9296043  0.613681 -10.506460  1.621960  0.000000;
9301064  0.613681 -10.481338  1.165539  0.000000;
9306194  0.613681 -10.418533  2.534927  0.000000;
9311347  0.303843 -10.071609  3.143624  0.000000;
9316349 -0.039492 -10.106301  0.992953  0.000000;
9321387 -0.456399 -10.106301  2.122031  0.000000;
9326550 -0.456399 -10.071609 -1.343920  0.000000;
9331639 -0.456399 -10.063833 -6.452573  0.000000;
9336652 -1.299185 -10.026748 -5.175203  0.000000;
9341761 -1.710708 -10.026748 -7.742581  0.000000;
9346817 -1.842300 -10.026748 -5.191285  0.000000;
9351936 -1.842300 -9.990261 -5.806918  0.000000;
9357059 -1.842300 -9.676235 -3.353803  0.000000;
9362098 -4.666738 -9.106204 -4.735956  0.000000;
9367215 -4.797732 -9.106204 -2.620512  0.000000;
9372262 -5.388100 -9.106204 -1.740765  0.000000;
9377338 -5.388100 -8.993753 -1.119382  0.000000;
9382398 -5.388100 -8.913601  0.308660  0.000000;
9387420 -6.760244 -8.901040  3.000972  0.000000;
9392479 -6.760244 -8.901040  2.173036  0.000000;
9397527 -6.760244 -8.993753  4.694141  0.000000;
9402682 -6.111257 -8.993753  3.622691  0.000000;
9407756 -5.351613 -8.993753  3.408143  0.000000;
9412778 -4.268374 -9.660684  2.624236  0.000000;
9417923 -4.268374 -9.887380  1.302059  0.000000;
9423060 -4.268374 -9.926858 -0.505260  0.000000;
9428204 -2.030715 -9.926858  2.528092  0.000000;
9433295 -0.225515 -9.926858  1.372873  0.000000;
9438318  0.843369 -10.308474  5.025840  0.000000;
9443351  0.843369 -10.325820  1.948573  0.000000;
9448507  0.843369 -10.465188  2.333108  0.000000;
9453532  1.562937 -10.465188  0.539545  0.000000;
9458614  1.844663 -10.465188  3.874533  0.000000;
9463700  1.562937 -10.325820  2.261206  0.000000;
9468726  1.456467 -10.361111  3.102719  0.000000;
9473761  1.349997 -10.409561  1.919406  0.000000;
9478776  1.349997 -10.409561  3.192281  0.000000;
9483798  1.349997 -10.409561  1.581482  0.000000;
9488800  0.832004 -10.608145  2.306541  0.000000;
9493917  0.695029 -10.608145  1.418135  0.000000;
9498960  0.565830 -10.608145  1.358120  0.000000;
9504047  0.565830 -10.608145  2.253970  0.000000;
9509179  0.565830 -10.356924  5.463235  0.000000;
9514183  0.101670 -10.399990  1.231694  0.000000;
9519284 -0.087344 -10.399990 -1.552694  0.000000;
9524438 -1.024636 -10.399990  1.542219  0.000000;
9529483 -1.024636 -10.325820 -0.225436  0.000000;
9534686 -0.991140 -10.142190  0.534249  0.000000;
9539831 -1.024636 -10.134414 -0.504172  0.000000;
9544912 -1.142471 -10.134414  1.127129  0.000000;
9550053 -1.272866 -10.187649  0.137256  0.000000;
9555178 -1.272866 -10.134414 -1.038800  0.000000;
9560333 -1.272866 -10.069216 -0.031125  0.000000;
9565469 -1.743008 -9.792874 -0.942686  0.000000;
9570555 -1.935610 -9.980093 -6.770541  0.000000;
9575706 -2.492483 -10.054861 -4.716623  0.000000;
9580801 -2.492483 -9.980093 -11.449338  0.000000;
9585965 -2.492483 -9.792874 -5.576223  0.000000;
9590972 -3.343642 -9.760574 -7.511135  0.000000;
9596127 -4.034499 -9.760574 -4.631970  0.000000;
9601220 -4.675710 -9.760574 -3.359057  0.000000;
9606235 -4.675710 -9.401687 -3.716719  0.000000;
9611245 -4.675710 -9.057754 -0.134200  0.000000;
9616330 -6.906789 -8.902237  1.212682  0.000000;
9621505 -7.117934 -8.902237  2.839883  0.000000;
9626695 -7.117934 -8.902237  2.839967  0.000000;
9631852 -6.906789 -8.792776  3.504826  0.000000;
9636943 -6.037685 -8.792776  5.770859  0.000000;
9641951 -5.843288 -9.401687  1.707360  0.000000;
9647034 -5.843288 -9.745620 -0.815831  0.000000;
9652164 -5.843288 -10.532180  1.570323  0.000000;
9657257 -2.692861 -10.294717 -1.201501  0.000000;
9662399 -0.791958 -9.967532  0.530314  0.000000;
9667548  0.538315 -10.184060  3.106231  0.000000;
9672587  0.538315 -10.294717  0.153909  0.000000;
9677709  0.538315 -10.547134  1.051259  0.000000;
9682832  1.262070 -10.547134  2.045340  0.000000;
9687881  1.677780 -10.420925  2.576433  0.000000;
9692956  1.614975 -10.330007  3.055173  0.000000;
9698086  1.362558 -10.547134  1.996527  0.000000;
9703223  1.362558 -10.611135  4.533348  0.000000;
9708344  1.362558 -10.547134  3.382524  0.000000;
9713502  1.374521 -10.547134  0.700593  0.000000;
9718521  1.362558 -10.478945  4.792603  0.000000;
9723557  0.937876 -10.478945  0.558817  0.000000;
9728570  0.875669 -10.478945  4.648789  0.000000;
9733659  0.875669 -10.370083  1.050220  0.000000;
9738827  0.875669 -10.370083  1.851997  0.000000;
9743960  0.247019 -10.392214  1.625398  0.000000;
9749086  0.014341 -10.392214 -0.988057  0.000000;
9754246  0.011350 -10.392214  1.952119  0.000000;
9759332  0.011350 -10.298904  5.005583  0.000000;
9764368  0.011350 -10.202004  1.277607  0.000000;
9769442 -0.919363 -10.254641  0.250333  0.000000;
9774470 -1.158022 -10.254641  0.320929  0.000000;
9779628 -1.317727 -10.254641  2.345153  0.000000;
9784704 -1.317727 -9.963943 -1.190599  0.000000;
9789811 -1.317727 -9.960952  2.288745  0.000000;
9794928 -1.751980 -9.963943  0.735486  0.000000;
9800075 -2.054641 -9.963943 -0.042193  0.000000;
9805118 -2.077371 -9.963943 -2.350977  0.000000;
9810240 -2.077371 -9.801846  2.022085  0.000000;
9815317 -2.077371 -9.801846 -2.358681  0.000000;
9820389 -2.512820 -9.841921  0.566795  0.000000;
9825545 -2.682095 -9.841921 -1.670580  0.000000;
9830585 -2.792153 -9.841921 -0.389643  0.000000;
9835606 -2.792153 -9.817996 -1.641224  0.000000;
9840760 -2.792153 -9.753994 -5.514459  0.000000;
9845861 -2.820266 -9.459707 -9.920574  0.000000;
9850871 -3.035000 -9.459707 -6.304908  0.000000;
9855969 -3.129507 -9.459707 -8.452562  0.000000;
9861058 -3.129507 -9.412454 -5.145259  0.000000;
9866216 -3.129507 -9.323928 -6.457348  0.000000;
9871229 -5.692556 -9.181570 -4.180554  0.000000;
9876233 -6.061611 -9.181570 -0.908593  0.000000;
9881298 -7.086232 -9.181570  0.787880  0.000000;
9886369 -6.768019 -8.806533  1.352819  0.000000;
9891431 -6.294887 -8.806533  2.666740  0.000000;
9896506 -6.061611 -9.349649  5.559794  0.000000;
9905027 -6.061611 -9.412454  0.523777  0.000000;
9910085 -6.061611 -9.620608  1.314601  0.000000;
9915112 -5.544216 -9.620608 -4.470361  0.000000;
9920136 -2.316030 -9.620608  1.609258  0.000000;
9925178 -1.327896 -10.428103  0.053465  0.000000;
9930234 -1.327896 -10.496292  1.085185  0.000000;
9935326 -1.327896 -10.496292  0.064910  0.000000;
9940408  1.226181 -10.476553  2.466068  0.000000;
9945415  1.387680 -10.476553  1.806909  0.000000;
9950445  1.591049 -10.490908  3.793334  0.000000;
9955493  1.591049 -10.490908  3.567043  0.000000;
9960648  1.591049 -10.490908  2.546403  0.000000;
9965751  1.591049 -10.490908  7.325953  0.000000;
9970975  1.591049 -10.490908  2.904296  0.000000;
9975979  1.632321 -10.685903  1.484320  0.000000;
9981124  1.459458 -11.125540  1.862176  0.000000;
9986189  1.229770 -11.125540 -1.420205  0.000000;
9991355  1.229770 -10.691287  3.847815  0.000000;
9996443  1.229770 -10.685903  4.690894  0.000000;
