379230  0.000000  0.000000  0.000000  0.000000;
385326  0.000000  0.000000  0.000000  0.000000;
398638  0.000000  0.000000  0.000000  0.000000;
403696  0.000000  0.000000  0.000000  0.000000;
408748  0.000000  0.000000  0.000000  0.000000;
413797  0.000000  0.000000  0.000000  0.000000;
418867  0.000000  0.000000  0.000000  0.000000;
423917  0.000000  0.000000  0.000000  0.000000;
429063  0.000000  0.000000  0.000000  0.000000;
434102  0.000000  0.000000  0.000000  0.000000;
439162 -0.132177 -0.009252  0.000000  0.000000;
444183 -0.175351 -0.020879  0.000000  0.000000;
449332  0.000000 -0.019418 -0.136094 -0.009527;
454386 -0.193257 -0.031587  0.000000 -0.008860;
459420 -0.130378 -0.038502 -0.130357 -0.017364;
464509 -0.190307 -0.049128 -0.190307 -0.029470;
469656 -0.366723 -0.071360 -0.366723 -0.053078;
474818 -0.205387 -0.080742 -0.205440 -0.063744;
479983 -0.377474 -0.101513 -0.377353 -0.085696;
485131 -0.554529 -0.133224 -0.369773 -0.105582;
490208 -0.387023 -0.150990 -0.387023 -0.125282;
495334 -0.756463 -0.193373 -0.378232 -0.142989;
500377 -0.516454 -0.215989 -0.516454 -0.169132;
505462 -0.580343 -0.241494 -0.580201 -0.197906;
510622 -0.521167 -0.261071 -0.521253 -0.220541;
515704 -0.732135 -0.294045 -0.731965 -0.256340;
520746 -0.764254 -0.326960 -0.764378 -0.291903;
525831 -0.786972 -0.359161 -0.787169 -0.326572;
530966 -0.874608 -0.395242 -0.874469 -0.364924;
536027 -0.977106 -0.435973 -0.781685 -0.394098;
541061 -1.049998 -0.478954 -0.918748 -0.430823;
546106 -0.953616 -0.512181 -1.138808 -0.480382;
551229 -0.870454 -0.537260 -1.122710 -0.525345;
556326 -1.190899 -0.583015 -0.992416 -0.558040;
561432 -1.043892 -0.615276 -1.043718 -0.592038;
566581 -1.162692 -0.653595 -1.162979 -0.632003;
571855 -1.201833 -0.691972 -1.201833 -0.671892;
576941 -1.378583 -0.740035 -1.181642 -0.707574;
582101 -1.278942 -0.777758 -1.406836 -0.756522;
587123 -1.215473 -0.808398 -1.215473 -0.788649;
592245 -1.563101 -0.861227 -1.322624 -0.826027;
597394 -1.349018 -0.895373 -1.483920 -0.872080;
602731 -1.490791 -0.937052 -1.490791 -0.915389;
607880 -1.595643 -0.983153 -1.481668 -0.955029;
612998 -1.733346 -1.035667 -1.348158 -0.982548;
618047 -1.750888 -1.085732 -1.625824 -1.027577;
623131 -1.765380 -1.133308 -1.569227 -1.065493;
628248 -1.709388 -1.173633 -1.577633 -1.101343;
633466 -1.656958 -1.207466 -1.657395 -1.140266;
638592 -1.640396 -1.237771 -1.523225 -1.167073;
643595 -1.814784 -1.278162 -2.016427 -1.226528;
648741 -1.749495 -1.311155 -1.624531 -1.254388;
653738 -1.824916 -1.347118 -1.596801 -1.278357;
658898 -1.669284 -1.369670 -1.788519 -1.314068;
664154 -1.680595 -1.391435 -2.053573 -1.365834;
669447 -1.632583 -1.408315 -1.507241 -1.375732;
674374 -1.661339 -1.426027 -1.661339 -1.395725;
679548 -1.754800 -1.449041 -1.504114 -1.403312;
684570 -1.814784 -1.474643 -1.613141 -1.418000;
689760 -1.538140 -1.479088 -1.538140 -1.426410;
694835 -1.866046 -1.506175 -1.451369 -1.428157;
700836 -1.699996 -1.519742 -1.580278 -1.438806;
706049 -1.931307 -1.548552 -1.361765 -1.433413;
710954 -1.572006 -1.550194 -1.450859 -1.434634;
716005 -1.525468 -1.548463 -1.307907 -1.425763;
721163 -1.719133 -1.560410 -1.473543 -1.429108;
726345 -1.458299 -1.553262 -1.458299 -1.431151;
731381 -1.769180 -1.568376 -1.533290 -1.438301;
736478 -1.520826 -1.565048 -1.303205 -1.428844;
741629 -1.477933 -1.558950 -1.478165 -1.432296;
746763 -1.463735 -1.552285 -1.463735 -1.434497;
751840 -1.436047 -1.544148 -1.316377 -1.426229;
756967 -1.376014 -1.532379 -1.376014 -1.422714;
762001 -1.323705 -1.517772 -1.323705 -1.415783;
767180 -1.403750 -1.509790 -1.403541 -1.414926;
772362 -1.519145 -1.510445 -1.519985 -1.422280;
777545 -1.402705 -1.502903 -1.285813 -1.412728;
782600 -1.424666 -1.497427 -1.627768 -1.427780;
787759 -1.310307 -1.484328 -1.179277 -1.410385;
792945 -1.551787 -1.489050 -1.357814 -1.406705;
798045 -1.363108 -1.480234 -1.238994 -1.394965;
803103 -1.497264 -1.481426 -0.998387 -1.367205;
808268 -1.301525 -1.468833 -1.156698 -1.352469;
813538 -1.348488 -1.460409 -1.156131 -1.338726;
818691 -1.342144 -1.452131 -1.464157 -1.347506;
823877 -1.034508 -1.422897 -1.241409 -1.340079;
828917 -1.285431 -1.413274 -1.285239 -1.336240;
834032 -1.082412 -1.390114 -0.866168 -1.303335;
839311 -1.281864 -1.382537 -1.025491 -1.283886;
844353 -1.168168 -1.367531 -0.973473 -1.262157;
849439 -1.194704 -1.355433 -1.194704 -1.257436;
854528 -1.099689 -1.337531 -0.879752 -1.230998;
859620 -0.881762 -1.305627 -0.755796 -1.197734;
864798 -0.588607 -1.255436 -0.588607 -1.155095;
869837 -0.513836 -1.203524 -0.385377 -1.101214;
874962 -0.407681 -1.147815 -0.203894 -1.038402;
880121 -0.130530 -1.076605 -0.130530 -0.974851;
885211  0.000000 -1.001242 -0.188934 -0.919837;
890248  0.127396 -0.922238  0.127396 -0.846530;
895286  0.000000 -0.857681  0.000000 -0.787273;
900314  0.130421 -0.788514  0.260843 -0.713905;
905378  0.191187 -0.719935  0.382375 -0.637166;
910442  0.259464 -0.651377  0.259464 -0.574401;
915467  0.385282 -0.578811  0.385282 -0.507224;
920513  0.514762 -0.502261  0.257381 -0.453701;
925539  0.394474 -0.439489  0.394474 -0.394329;
930653  0.514004 -0.372745  0.514004 -0.330746;
935762  0.579345 -0.306098  0.579345 -0.267039;
940809  0.612444 -0.241800  0.732534 -0.197069;
945977  0.485413 -0.190895  0.487522 -0.149148;
950992  0.751577 -0.124922  0.751757 -0.086085;
956203  0.656358 -0.070233  0.656248 -0.034121;
961391  0.873635 -0.004162  0.873635  0.029422;
966467  0.769370  0.049985  0.897598  0.090194;
971546  0.795139  0.102146  0.795139  0.139540;
976673  1.028681  0.167003  0.900096  0.192779;
981811  0.897188  0.218116  1.435500  0.279770;
986820  1.026497  0.274703  1.026497  0.332040;
991871  1.048596  0.328875  0.839101  0.367535;
996883  1.044567  0.378974  1.160458  0.423039;
1002011  1.196159  0.436177  0.956927  0.460412;
1007085  1.216728  0.490815  1.216728  0.513354;
1012174  1.111562  0.534268  1.270357  0.566344;
1017208  1.593394  0.608407  1.303445  0.617941;
1022214  1.290712  0.656168  1.291065  0.665060;
1027250  1.274170  0.699428  1.401587  0.716617;
1032344  1.134786  0.729903  1.008375  0.737040;
1037359  1.409039  0.777443  1.549943  0.793943;
1042367  1.393256  0.820549  1.592696  0.849856;
1047374  1.529996  0.870211  1.530328  0.897489;
1052463  1.476709  0.912666  1.476709  0.938034;
1057590  1.622466  0.962352  1.622466  0.985944;
1062711  1.898473  1.027880  1.518778  1.023243;
1067860  1.598587  1.067830  1.721555  1.072125;
1073113  1.636246  1.107619  1.636246  1.111613;
1078188  1.666804  1.146762  2.000165  1.173812;
1083292  1.739256  1.188236  1.739256  1.213393;
1088346  1.685145  1.223020  1.685145  1.246415;
1093505  1.599182  1.249351  1.799538  1.285134;
1098547  1.856441  1.291848  1.732405  1.316443;
1103708  1.540374  1.309244  1.925467  1.359075;
1108893  1.630867  1.331758  1.630867  1.378100;
1113917  1.675814  1.355842  1.862016  1.411974;
1118972  1.740687  1.382781  1.740687  1.434984;
1127834  1.057392  1.360004  1.057282  1.408545;
1136778  1.580455  1.375435  1.931667  1.445164;
1149223  1.577738  1.389597  1.514629  1.450026;
1158102  1.592203  1.403779  1.503747  1.453787;
1166262  1.443924  1.406589  1.539996  1.459821;
1175289  1.478765  1.411641  1.565925  1.467248;
1180893  1.401746  1.410949  1.401746  1.462663;
1189539  1.453432  1.413923  1.544271  1.468376;
1197137  1.447167  1.416250  1.343621  1.459643;
1205117  1.377892  1.413565  1.378064  1.453932;
1211187  1.423292  1.414245  1.423057  1.451771;
1218342  1.317046  1.407441  1.426999  1.450037;
1232827  1.410148  1.407631  1.355631  1.443429;
1237866  1.373674  1.405254  1.202754  1.426581;
1246071  1.267940  1.395642  1.449074  1.428156;
1253549  1.260503  1.386182  1.260334  1.416408;
1259008  1.317782  1.381394  1.129528  1.396327;
1266854  1.203939  1.368972  1.203939  1.382860;
1274820  1.182977  1.355953  1.281558  1.375769;
1279879  1.267647  1.349771  1.086555  1.355524;
1287753  1.279150  1.344828  1.096414  1.337386;
1294973  1.196259  1.334428  1.087658  1.319905;
1300262  1.302176  1.332170  1.116151  1.305642;
1307479  1.140186  1.318731  1.045171  1.287409;
1314100  1.183363  1.309256  0.946548  1.263549;
1319448  1.174866  1.299848  1.028008  1.247061;
1333128  1.090911  1.285223  1.090911  1.236131;
1338387  1.045207  1.268422  1.045207  1.222766;
1344789  1.226418  1.265481  0.981441  1.205873;
1350488  1.030706  1.249047  1.030436  1.193592;
1357805  1.023987  1.233293  0.938553  1.175740;
1365724  1.090969  1.223330  0.991915  1.162872;
1370836  1.011242  1.208484  0.842521  1.140447;
1375869  0.965100  1.191447  0.965574  1.128206;
1380925  0.866407  1.168694  0.866407  1.109880;
1386079  1.029862  1.158976  0.901129  1.095268;
1391106  0.986929  1.146933  0.789543  1.073867;
1396116  1.028345  1.138632  1.028176  1.070669;
1401157  1.017619  1.130161  0.814306  1.052723;
1406189  0.992604  1.120532  0.868529  1.039830;
1411326  0.949466  1.108557  1.139359  1.046797;
1416359  0.822550  1.088537  0.685578  1.021511;
1421393  0.948090  1.078705  0.758289  1.003086;
1426404  0.916050  1.067320  0.801427  0.988970;
1431543  0.671424  1.039607  0.671424  0.966742;
1436590  0.702660  1.016021  0.351409  0.923668;
1441693  0.587287  0.986009  0.391525  0.886418;
1446777  0.260670  0.935235  0.260670  0.842616;
1451858  0.194598  0.883391  0.194598  0.797255;
1456871  0.000000  0.821553  0.000000  0.741447;
1462005  0.000000  0.764045  0.000000  0.689545;
1467086 -0.130443  0.701431 -0.130443  0.632146;
1472240 -0.187401  0.639212 -0.187401  0.574778;
1477267 -0.252499  0.576793 -0.252418  0.516874;
1482413 -0.194791  0.522782 -0.194840  0.467054;
1487625 -0.381570  0.459477 -0.254380  0.416554;
1492665 -0.373377  0.401177 -0.373466  0.361253;
1497779 -0.383808  0.346228 -0.511660  0.300149;
1502915 -0.454162  0.290201 -0.454250  0.247341;
1508072 -0.391135  0.242508 -0.391037  0.202654;
1513128 -0.633897  0.181159 -0.633897  0.144096;
1518272 -0.732989  0.117169 -0.732989  0.082700;
1523272 -0.656797  0.062991 -0.525438  0.040130;
1528381 -0.587580  0.017451 -0.783440 -0.017520;
1533454 -0.792645 -0.039256 -0.679410 -0.063852;
1538588 -0.713566 -0.086457 -0.713566 -0.109332;
1543705 -0.887599 -0.142537 -0.887742 -0.163821;
1548756 -0.769998 -0.186459 -0.769810 -0.206240;
1553828 -1.002903 -0.243610 -0.877540 -0.253231;
1558872 -0.803066 -0.282772 -1.003832 -0.305773;
1563891 -1.042852 -0.335978 -1.042852 -0.357369;
1569048 -1.151610 -0.393072 -1.151610 -0.412966;
1574178 -1.114743 -0.443589 -1.114743 -0.462090;
1579333 -1.341906 -0.506471 -1.150486 -0.510278;
1589229 -0.928367 -0.536004 -0.866271 -0.535197;
1601642 -1.442610 -0.599466 -1.265445 -0.586314;
1606656 -1.178883 -0.640026 -1.096269 -0.622011;
1611765 -2.022137 -0.736773 -1.415861 -0.677581;
1616811 -1.328182 -0.778172 -1.549545 -0.738618;
1621898 -1.550332 -0.832223 -1.395299 -0.784586;
1626960 -1.667040 -0.890660 -1.444768 -0.830799;
1632096 -1.457477 -0.930338 -1.275293 -0.861913;
1637116 -1.592354 -0.976679 -1.592354 -0.913044;
1642356 -1.594717 -1.019941 -1.794057 -0.974715;
1647532 -1.515847 -1.054655 -1.515847 -1.012594;
1652597 -1.816089 -1.107955 -1.574187 -1.051906;
1657614 -1.811238 -1.157185 -1.584377 -1.089179;
1662644 -1.710859 -1.195942 -1.824916 -1.140680;
1667745 -1.616046 -1.225349 -1.615492 -1.173917;
1672808 -1.734591 -1.260996 -1.610946 -1.204509;
1677972 -1.673830 -1.289895 -1.859371 -1.250349;
1682951 -1.757886 -1.322654 -1.632583 -1.277106;
1688058 -1.638978 -1.344797 -1.638294 -1.302389;
1694164 -1.665904 -1.367274 -1.817701 -1.338461;
1699213 -1.787365 -1.396681 -1.787365 -1.369884;
1704637 -1.665065 -1.415468 -1.537484 -1.381616;
1709740 -1.479093 -1.419921 -1.478536 -1.388400;
1714786 -1.706376 -1.439973 -1.396401 -1.388961;
1720034 -1.798622 -1.465078 -1.598775 -1.403648;
1725227 -2.021770 -1.504047 -1.546059 -1.413616;
1730158 -1.900157 -1.531775 -1.477900 -1.418116;
1735290 -1.719133 -1.544890 -1.719133 -1.439187;
1740463 -1.660023 -1.552949 -1.452520 -1.440121;
1745713 -1.497185 -1.549045 -1.621950 -1.452849;
1750847 -1.665449 -1.557194 -1.248866 -1.438570;
1755856 -1.368766 -1.544004 -1.505381 -1.443247;
1761025 -1.428516 -1.535920 -1.429556 -1.442288;
1766135 -1.712973 -1.548313 -1.345907 -1.435542;
1771099 -1.395023 -1.537583 -1.395023 -1.432705;
1776142 -1.684952 -1.547899 -1.473938 -1.435592;
1781277 -1.636733 -1.554117 -1.402914 -1.433304;
1786484 -1.457590 -1.547360 -1.215034 -1.418025;
1791608 -1.612491 -1.551920 -1.382135 -1.415513;
1796671 -1.338367 -1.536971 -1.293546 -1.406975;
1801867 -1.434954 -1.529830 -1.583955 -1.419364;
1806906 -1.459073 -1.524877 -1.250634 -1.407553;
1812014 -1.601345 -1.530229 -1.354984 -1.403873;
1817225 -1.407884 -1.521665 -1.206758 -1.390075;
1822297 -1.348849 -1.509568 -1.471242 -1.395757;
1827505 -1.277416 -1.493318 -1.277763 -1.387497;
1832632 -1.353286 -1.483515 -1.353286 -1.385102;
1837756 -1.433208 -1.479994 -1.247796 -1.375491;
1842789 -1.305950 -1.467811 -1.179670 -1.361783;
1847902 -1.183274 -1.447893 -1.183051 -1.349272;
1852934 -1.177116 -1.428939 -1.307689 -1.346361;
1858113 -1.385671 -1.425910 -1.109319 -1.329768;
1863170 -1.142305 -1.406058 -1.142305 -1.316646;
1868180 -1.343217 -1.401659 -0.959441 -1.291642;
1873273 -1.177705 -1.385982 -1.177705 -1.283666;
1878345 -1.234579 -1.375384 -0.985196 -1.262773;
1883459 -1.254029 -1.366889 -1.159925 -1.255574;
1888634 -1.292989 -1.361716 -1.108276 -1.245263;
1893768 -1.078844 -1.341915 -0.943988 -1.224174;
1898796 -1.129528 -1.327048 -0.941273 -1.204371;
1903917 -1.070754 -1.309107 -0.669221 -1.166910;
1908924 -0.590821 -1.258827 -0.590821 -1.126584;
1913953 -0.396799 -1.198485 -0.396799 -1.075499;
1919059 -0.380891 -1.141254 -0.190446 -1.013545;
1924162 -0.134096 -1.070753 -0.268191 -0.961371;
1929182  0.000000 -0.995800  0.000000 -0.894075;
1934261  0.131580 -0.916883  0.000000 -0.831489;
1939342  0.000000 -0.852702  0.191141 -0.759905;
1944374  0.130335 -0.783889  0.260670 -0.688465;
1949601  0.375519 -0.702730  0.187760 -0.627129;
1954770  0.254133 -0.635750  0.381200 -0.556546;
1959789  0.370821 -0.565290  0.360109 -0.492380;
1964811  0.265741 -0.507118  0.407294 -0.429403;
1969852  0.559932 -0.432424  0.373288 -0.373215;
1975002  0.398006 -0.374294  0.530674 -0.309943;
1980225  0.547062 -0.309799  0.547062 -0.249952;
1985344  0.628218 -0.244138  0.502655 -0.197270;
1990482  0.605783 -0.184644  0.757083 -0.130465;
1995638  0.596505 -0.129963  0.596505 -0.079577;
2000652  0.729359 -0.069811  0.729359 -0.022952;
