394610  0.000000  0.000000  0.000000  0.000000;
400589  0.000000  0.000000  0.000000  0.000000;
421119  0.000000  0.000000  0.000000  0.000000;
426237  0.000000  0.000000  0.000000  0.000000;
431248  0.000000  0.000000  0.000000  0.000000;
440887  0.000000  0.000000  0.000000  0.000000;
445919  0.000000  0.000000  0.000000  0.000000;
455025  0.000000  0.000000  0.000000  0.000000;
463943  0.000000  0.000000  0.000000  0.000000;
474296  0.000000  0.000000  0.000000  0.000000;
479294  0.000000  0.000000  0.000000  0.000000;
486314  0.000000  0.000000  0.000000  0.000000;
493101  0.000000  0.000000  0.000000  0.000000;
503315 -0.098507 -0.009851 -0.098495 -0.009849;
508415 -0.066497 -0.015515 -0.132961 -0.022161;
515170 -0.332937 -0.047258  0.000000 -0.019945;
521097 -0.172067 -0.059738 -0.258072 -0.043757;
527734 -0.187267 -0.072491 -0.280901 -0.067472;
532943 -0.405262 -0.105768  0.000000 -0.060724;
537971 -0.384371 -0.133629 -0.384371 -0.093089;
543005 -0.395866 -0.159852 -0.197933 -0.103573;
548157 -0.393158 -0.183183 -0.393158 -0.132532;
553224 -0.528769 -0.217742 -0.528888 -0.172167;
558370 -0.384748 -0.234442 -0.641141 -0.219065;
563478 -0.453900 -0.256388 -0.453900 -0.242548;
568492 -0.578633 -0.288612 -0.578633 -0.276157;
573542 -0.783309 -0.338082 -0.652758 -0.313817;
578680 -0.770376 -0.381312 -0.577782 -0.340213;
583723 -0.652216 -0.408402 -0.652107 -0.371403;
588836 -0.591711 -0.426733 -0.789147 -0.413177;
593987 -0.837311 -0.467791 -1.076379 -0.479497;
599111 -1.012894 -0.522301 -0.810524 -0.512600;
604199 -0.849867 -0.555058 -0.849867 -0.546327;
609230 -1.010028 -0.600555 -0.808023 -0.572496;
615066 -1.100254 -0.650525 -0.916879 -0.606935;
620154 -0.769244 -0.662397 -1.153866 -0.661628;
625250 -1.099484 -0.706105 -0.855154 -0.680980;
630325 -1.077364 -0.743231 -1.077068 -0.720589;
635342 -1.177508 -0.786659 -1.295454 -0.778076;
640394 -1.084804 -0.816473 -1.084804 -0.808748;
645468 -1.266976 -0.861524 -1.266976 -0.854571;
650632 -1.317782 -0.907150 -1.506037 -0.919718;
655795 -1.269191 -0.943354 -1.499952 -0.977741;
660828 -1.468034 -0.995822 -1.222981 -1.002265;
666094 -1.635273 -1.059767 -1.401871 -1.042226;
671324 -1.456753 -1.099465 -1.456753 -1.083678;
676501 -1.691887 -1.158708 -1.450412 -1.120352;
681581 -1.621886 -1.205025 -1.418418 -1.150158;
686620 -1.706063 -1.255129 -1.584447 -1.193587;
691639 -1.719432 -1.301559 -1.528012 -1.227030;
696909 -1.629457 -1.334349 -1.755080 -1.279835;
701973 -1.865554 -1.387470 -1.658270 -1.317678;
707031 -1.729444 -1.421667 -1.729444 -1.358855;
712235 -1.669538 -1.446454 -1.908043 -1.413774;
717292 -1.704771 -1.472286 -1.604491 -1.432845;
722459 -1.667834 -1.491841 -1.667834 -1.456344;
727547 -2.500383 -1.592695 -1.389102 -1.449620;
732694 -1.688470 -1.602272 -1.558587 -1.460517;
738026 -1.649996 -1.607045 -1.649996 -1.479465;
743201 -1.576131 -1.603953 -1.576131 -1.489131;
748222 -1.939734 -1.637531 -1.357814 -1.476000;
753479 -1.717790 -1.645557 -1.717790 -1.500179;
758622 -1.547365 -1.635738 -1.547365 -1.504897;
763837 -1.629215 -1.635086 -1.512843 -1.505692;
769016 -1.494370 -1.621014 -1.494370 -1.504560;
774291 -1.565018 -1.615415 -1.444632 -1.498567;
779431 -1.899391 -1.643812 -1.519513 -1.500661;
784606 -1.477006 -1.627132 -1.477006 -1.498296;
789838 -1.668398 -1.631258 -1.459848 -1.494451;
794860 -1.460074 -1.614140 -1.460074 -1.491013;
799890 -1.626925 -1.615418 -1.423560 -1.484268;
805056 -1.481650 -1.602042 -1.481650 -1.484006;
810248 -1.398928 -1.581730 -1.398928 -1.475498;
815268 -1.625307 -1.586088 -1.375041 -1.465453;
820431 -1.462177 -1.573697 -1.462177 -1.465125;
826646 -1.460646 -1.562392 -1.460806 -1.464693;
831818 -1.487497 -1.554902 -1.274652 -1.445689;
836820 -1.588669 -1.558279 -1.390437 -1.440164;
841951 -1.422354 -1.544686 -1.422354 -1.438383;
847165 -1.443368 -1.534555 -1.237172 -1.418262;
852233 -1.305042 -1.511603 -1.304845 -1.406920;
857412 -1.295324 -1.489975 -1.511211 -1.417349;
862477 -1.251631 -1.466141 -1.251830 -1.400797;
867633 -1.341251 -1.453652 -1.149363 -1.375654;
872768 -1.251631 -1.433450 -1.126467 -1.350735;
877799 -1.368630 -1.426968 -1.564538 -1.372116;
883012 -1.219941 -1.406265 -1.219752 -1.356879;
888066 -1.311547 -1.396793 -1.093260 -1.330517;
893160 -1.350325 -1.392147 -1.104639 -1.307929;
898338 -1.213282 -1.374260 -1.011069 -1.278243;
903385 -1.249043 -1.361738 -1.249242 -1.275343;
908481 -1.175159 -1.343080 -1.175159 -1.265325;
913546 -1.118093 -1.320582 -1.118093 -1.250602;
918750 -1.488705 -1.337394 -0.850458 -1.210587;
923829 -0.900096 -1.293664 -0.900244 -1.179553;
928904 -0.606173 -1.224915 -0.606329 -1.122231;
933919 -0.519873 -1.154411 -0.389776 -1.048985;
938924 -0.397569 -1.078727 -0.198835 -0.963970;
943976 -0.262631 -0.997117 -0.262631 -0.893836;
949090  0.000000 -0.897405  0.000000 -0.804453;
954237  0.124272 -0.795238  0.124252 -0.711582;
959322  0.000000 -0.715714  0.000000 -0.640424;
964347  0.127314 -0.631411  0.254586 -0.550923;
969515  0.190955 -0.549175  0.190955 -0.476735;
974586  0.254051 -0.468852  0.127025 -0.416359;
979596  0.195421 -0.402425  0.390843 -0.335639;
984621  0.382251 -0.323957  0.509585 -0.251116;
989777  0.407470 -0.250814  0.407576 -0.185247;
994849  0.505486 -0.175184  0.379114 -0.128811;
999849  0.566802 -0.100986  0.566665 -0.059263;
1005008  0.531123 -0.037775  0.663904  0.013053;
1010217  0.569267  0.022929  0.569267  0.068675;
1015345  0.632162  0.083852  0.632264  0.125034;
1020507  0.718407  0.147308  0.718407  0.184371;
1025619  0.784614  0.211038  0.915382  0.257472;
1030753  0.934108  0.283345  0.934108  0.325136;
1035903  0.850656  0.340076  0.850656  0.377688;
1041090  0.955472  0.401616  1.114492  0.451368;
1046261  0.960144  0.457469  0.960379  0.502269;
1051449  1.007405  0.512462  1.007405  0.552783;
1056546  1.099228  0.571139  1.098971  0.607402;
1061628  1.111762  0.625201  1.235486  0.670210;
1066747  1.034780  0.666159  1.241736  0.727363;
1071837  1.218805  0.721424  1.218805  0.776507;
1076862  1.207995  0.770081  1.409328  0.839789;
1081989  1.262089  0.819282  1.262089  0.882019;
1087060  1.269843  0.864338  1.269843  0.920801;
1092144  1.282283  0.906132  1.410281  0.969749;
1097203  1.426052  0.958124  1.426700  1.015444;
1102218  1.537986  1.016111  1.409360  1.054836;
1107370  1.470783  1.061578  1.471177  1.096470;
1112678  1.496654  1.105085  1.726909  1.159514;
1117701  1.610247  1.155602  1.610247  1.204587;
1122809  1.709102  1.210952  1.670240  1.251153;
1127982  1.594312  1.249288  1.652600  1.291297;
1133057  1.569348  1.281294  1.690067  1.331174;
1139134  1.787864  1.331951  1.682696  1.366326;
1144298  1.988350  1.397591  1.656958  1.395390;
1149441  1.610322  1.418864  1.750191  1.430870;
1154583  1.745883  1.451566  1.626083  1.450391;
1159709  1.653470  1.471756  1.804131  1.485765;
1164769  1.645244  1.489105  1.439588  1.481147;
1170018  1.573156  1.497510  1.704252  1.503458;
1175037  1.631337  1.510893  1.631337  1.516246;
1180292  1.622723  1.522076  1.622723  1.526894;
1185378  1.468426  1.516711  1.598368  1.534041;
1190441  1.756257  1.540665  1.686438  1.549281;
1195446  1.287538  1.515353  1.501307  1.544483;
1200582  1.581073  1.521925  1.581339  1.548169;
1205591  1.711107  1.540843  1.520984  1.545450;
1210803  1.513777  1.538136  1.639925  1.554898;
1216109  1.426515  1.526974  1.426515  1.542060;
1221217  1.617234  1.536000  1.501717  1.538025;
1226294  1.552170  1.537617  1.293901  1.513613;
1231416  1.337779  1.517633  1.482583  1.510510;
1236496  1.446405  1.510511  1.446025  1.504061;
1241967  1.522089  1.511669  1.426959  1.496351;
1247037  1.423338  1.502836  1.423338  1.489050;
1252118  1.343250  1.486877  1.343250  1.474470;
1257203  1.622723  1.500462  1.419883  1.469011;
1262220  1.414668  1.491882  1.414437  1.463554;
1267332  1.406803  1.483374  1.407163  1.457915;
1272335  1.370460  1.472083  1.495047  1.461628;
1277397  1.214220  1.446297  1.618960  1.477361;
1282583  1.366126  1.438280  1.366126  1.466238;
1287736  1.250634  1.419515  1.042195  1.423833;
1292867  1.365694  1.414133  1.241736  1.405624;
1297973  1.188197  1.391539  1.187897  1.383851;
1303091  1.270871  1.379472  1.270871  1.372553;
1308234  1.173404  1.358866  1.173404  1.352638;
1313387  1.314574  1.354436  1.195067  1.336881;
1318454  1.388330  1.357826  1.189997  1.322193;
1323531  1.186004  1.340644  1.054226  1.295396;
1328594  1.167011  1.323280  1.167011  1.282557;
1333771  1.133694  1.304322  1.133694  1.267671;
1338944  1.198167  1.293706  0.998472  1.240751;
1343945  1.179808  1.282316  1.179808  1.234657;
1349205  0.948262  1.248911  0.948262  1.206017;
1354303  0.793331  1.203353  0.793331  1.164749;
1359354  0.646631  1.147681  0.517305  1.100004;
1364377  0.395567  1.072469  0.395567  1.029561;
1369415  0.263247  0.991547  0.263247  0.952929;
1374582  0.193878  0.911780  0.193878  0.877024;
1379671  0.130141  0.833616  0.130162  0.802338;
1384713  0.000000  0.750255  0.000000  0.722104;
1389885 -0.131867  0.662043 -0.131845  0.636709;
1394958 -0.185104  0.577328  0.000000  0.573038;
1400145 -0.131403  0.506455 -0.131403  0.502594;
1405223 -0.355143  0.420295 -0.355143  0.416820;
1410342 -0.267370  0.351528 -0.267370  0.348401;
1415451 -0.366580  0.279718 -0.366495  0.276912;
1420558 -0.389905  0.212755 -0.520045  0.197216;
1425569 -0.563548  0.135125 -0.375609  0.139934;
1430631 -0.522902  0.069322 -0.522902  0.073650;
1435732 -0.570093  0.005381 -0.760124 -0.009727;
1440922 -0.632773 -0.058435 -0.632773 -0.072032;
1446073 -0.766242 -0.129215 -0.574541 -0.122283;
1451245 -0.748592 -0.191153 -0.748711 -0.184926;
1456247 -0.766242 -0.248662 -0.766242 -0.243057;
1461330 -0.910531 -0.314849 -0.780455 -0.296797;
1466513 -0.769998 -0.360364 -0.769998 -0.344117;
1471599 -0.988388 -0.423166 -0.988388 -0.408544;
1476615 -0.948778 -0.475727 -1.138533 -0.481543;
1481703 -1.043892 -0.532544 -0.913405 -0.524729;
1486742 -1.165856 -0.595875 -1.165856 -0.588842;
1491894 -1.026664 -0.638954 -0.923998 -0.622358;
1496931 -1.258651 -0.700924 -1.258651 -0.685987;
1502026 -1.124317 -0.743263 -1.124317 -0.729820;
1507172 -1.486441 -0.817581 -1.479093 -0.804747;
1512369 -1.228891 -0.858712 -1.233394 -0.847612;
1517402 -1.385182 -0.911359 -1.187299 -0.881581;
1522456 -1.496874 -0.969910 -1.496874 -0.943110;
1527589 -1.479491 -1.020868 -1.690846 -1.017884;
1532713 -1.427525 -1.061534 -1.427525 -1.058848;
1537828 -1.448272 -1.100208 -1.448272 -1.097790;
1543019 -1.691302 -1.159317 -1.479889 -1.136000;
1548147 -1.701048 -1.213490 -1.579545 -1.180355;
1553360 -1.726993 -1.264841 -1.535105 -1.215830;
1558444 -1.812806 -1.319637 -1.585976 -1.252844;
1563545 -1.859481 -1.373621 -1.627046 -1.290264;
1568724 -1.716717 -1.407931 -1.594344 -1.320672;
1573755 -1.588669 -1.426005 -1.588669 -1.347472;
1578908 -1.741184 -1.457523 -1.865554 -1.399280;
1584032 -1.720478 -1.483818 -1.720478 -1.431400;
1589103 -1.689288 -1.504365 -1.447739 -1.433034;
1597891 -1.167473 -1.470676 -1.167473 -1.406478;
1604262 -1.843946 -1.508003 -1.597837 -1.425614;
1610620 -1.358607 -1.493063 -1.482349 -1.431287;
1615738 -1.529202 -1.496677 -1.529798 -1.441138;
1620867 -1.680134 -1.515023 -1.550893 -1.452114;
1626047 -1.549491 -1.518470 -1.549491 -1.461851;
1631268 -1.605626 -1.527185 -1.605374 -1.476204;
1636445 -1.650430 -1.539510 -1.444505 -1.473034;
1641581 -1.645059 -1.550065 -1.644813 -1.490212;
1646678 -1.471964 -1.542255 -1.682696 -1.509460;
1651824 -1.595091 -1.547538 -1.472391 -1.505753;
1656909 -1.637952 -1.556580 -1.433208 -1.498499;
1662397 -1.617024 -1.562624 -1.426613 -1.491310;
1667473 -1.488302 -1.555192 -1.488705 -1.491050;
1672560 -1.399997 -1.539672 -1.599589 -1.501904;
1677679 -1.439417 -1.529647 -1.308561 -1.482569;
1682708 -1.670172 -1.543699 -1.461789 -1.480491;
1687711 -1.447516 -1.534081 -1.326890 -1.465131;
1692745 -1.450986 -1.525772 -1.450986 -1.463717;
1697908 -1.387852 -1.511980 -1.387629 -1.456108;
1703119 -1.542264 -1.515008 -1.349813 -1.445478;
1708212 -1.411202 -1.504627 -1.282911 -1.429222;
1713258 -1.349150 -1.489080 -1.349150 -1.421215;
1718266 -1.322442 -1.472416 -1.189997 -1.398093;
1723356 -1.336036 -1.458778 -1.336361 -1.391920;
1728502 -1.667512 -1.479651 -1.248249 -1.377552;
1733652 -1.152173 -1.446904 -1.201833 -1.359981;
1738768 -1.288594 -1.431073 -1.159735 -1.339956;
1743956 -1.300328 -1.417998 -1.114567 -1.317417;
1749010 -1.434081 -1.419606 -1.194885 -1.305164;
1754051 -1.115306 -1.389176 -1.115622 -1.286210;
1759261 -1.399543 -1.390213 -1.141567 -1.271745;
1764482 -1.228556 -1.374047 -1.057538 -1.250325;
1769488 -1.079029 -1.344545 -0.939311 -1.219223;
1774617 -1.190298 -1.329121 -1.199386 -1.217240;
1779739 -1.225653 -1.318774 -1.225461 -1.218062;
1785015 -1.037240 -1.290620 -0.829792 -1.179235;
1790145 -1.139726 -1.275531 -0.886597 -1.149971;
1795392 -0.757741 -1.223752 -0.947176 -1.129692;
1800448 -0.651350 -1.166512 -0.520994 -1.068822;
1805547 -0.384246 -1.088285 -0.576510 -1.019591;
1810672 -0.391264 -1.018583 -0.260843 -0.943716;
1815781 -0.191935 -0.935918 -0.191888 -0.868533;
1820835 -0.132111 -0.855538  0.000000 -0.781680;
1825992  0.000000 -0.769984  0.000000 -0.703512;
1831035  0.000000 -0.692985  0.129754 -0.620185;
1836139  0.183934 -0.605293  0.183891 -0.539778;
1841318  0.130378 -0.531726  0.260756 -0.459724;
1846390  0.187401 -0.459814  0.374892 -0.376263;
1851391  0.259808 -0.387851  0.389711 -0.299665;
1856413  0.376780 -0.311388  0.376690 -0.232030;
1861571  0.401054 -0.240144  0.400986 -0.168728;
1866601  0.683906 -0.147739  0.410415 -0.110814;
1871762  0.446249 -0.088340  0.446376 -0.055095;
1876810  0.619692 -0.017537  0.619595  0.012374;
1881937  0.603998  0.044617  0.604152  0.071552;
1886994  0.615227  0.101678  0.738156  0.138212;
1892094  0.958738  0.187384  0.575243  0.181915;
1897166  0.668424  0.235488  0.802109  0.243935;
1902311  0.940822  0.306021  0.940597  0.313601;
1907321  0.976256  0.373045  0.854357  0.367677;
1912384  0.851380  0.420878  0.851380  0.416047;
1917535  0.985289  0.477319  0.985289  0.472971;
1922759  0.967477  0.526335  0.967477  0.522422;
1927830  1.034951  0.577197  1.034951  0.573675;
1933064  0.952691  0.614746  1.333767  0.649684;
1938132  1.199814  0.673253  1.079832  0.692699;
1943176  1.141014  0.720029  1.330861  0.756515;
1948184  1.229533  0.770979  1.229747  0.803838;
1953223  1.282432  0.822125  1.465637  0.870018;
1958432  1.304215  0.870334  1.304215  0.913438;
1963612  1.304029  0.913703  1.490319  0.971126;
1968623  1.421964  0.964529  1.421964  1.016210;
1973632  1.336036  1.001680  1.526898  1.067278;
1978846  1.534798  1.054992  1.953380  1.155889;
1983850  1.432835  1.092776  1.432835  1.183583;
1988944  1.598087  1.143307  1.720747  1.237300;
1994177  1.646106  1.193587  1.646537  1.278223;
1999302  1.608662  1.235094  1.732405  1.323642;
