396855  0.000000  0.000000  0.000000  0.000000;
409187 -1.592275 -9.956167  0.000000  0.000000;
414194 -1.592275 -9.947195  0.000000  0.000000;
419262 -1.592275 -9.944204  0.000000  0.000000;
424330 -1.592874 -9.944204  0.000000  0.000000;
429373 -1.592874 -9.944204  0.000000  0.000000;
434434 -1.592874 -9.940615  0.000000  0.000000;
439506 -1.592275 -9.934634  0.000000  0.000000;
444601 -1.591079 -9.932839  0.000000  0.000000;
449720 -1.591079 -9.932839  0.000000  0.000000;
454808 -1.591079 -9.932839  0.000000  0.000000;
459931 -1.589285 -9.930447  0.000000  0.000000;
465038 -1.589285 -9.929251  0.000000  0.000000;
470106 -1.588687 -9.928054  0.000000  0.000000;
475200 -1.588687 -9.928054  0.000000  0.000000;
480332 -1.588687 -9.928054  1.043692  0.000000;
485452 -1.588687 -9.923867 -4.458527  0.000000;
490608 -1.588687 -9.922671 -0.935457  0.000000;
495708 -1.707717 -9.884988 -3.622947  0.000000;
500858 -2.026528 -9.884988 -1.707564  0.000000;
505881 -2.351919 -9.884988 -3.181132  0.000000;
511019 -2.351919 -9.879605  2.130606  0.000000;
516053 -2.351919 -9.789883  2.959965  0.000000;
521083 -2.394387 -9.811416  7.990673  0.000000;
526255 -2.394387 -9.879605  4.297805  0.000000;
531368 -2.394387 -9.923867  3.860947  0.000000;
536468 -2.199392 -9.879605  3.733455  0.000000;
541561 -1.108975 -9.879605  0.736163  0.000000;
546619 -0.863735 -9.925064  1.103088  0.000000;
551646 -0.863735 -10.374270  2.606562  0.000000;
556676 -0.863735 -10.529788 -1.441942  0.000000;
561754  1.448093 -10.374270  2.586856  0.000000;
566916  1.448093 -10.084768 -2.537064  0.000000;
571967  1.208835 -10.310269 -3.949996  0.000000;
577057  0.973764 -10.374270 -4.293800  0.000000;
582088  0.581980 -10.374270 -6.940012  0.000000;
587121  0.581980 -10.331204 -3.447915  0.000000;
592128  0.581980 -10.310269 -1.836183  0.000000;
597196 -1.881777 -9.700161 -2.861357  0.000000;
602285 -2.082156 -9.700161 -3.313797  0.000000;
607427 -2.819668 -9.932839 -0.130871  0.000000;
612545 -2.819668 -9.751602 -0.733069  0.000000;
617548 -2.819668 -9.700161 -0.035444  0.000000;
622591 -5.443728 -9.583523 -2.858487  0.000000;
627728 -5.443728 -9.583523 -2.174570  0.000000;
632746 -5.443728 -9.583523 -2.160875  0.000000;
637856 -5.337258 -9.583523 -1.753269  0.000000;
642977 -5.162600 -9.583523 -2.009522  0.000000;
648007 -5.127907 -9.478250  0.843844  0.000000;
653042 -5.127907 -9.478250  6.646730  0.000000;
658134 -5.127907 -9.478250  4.836410  0.000000;
663142 -4.746889 -9.478250  3.618593  0.000000;
668349 -3.326894 -9.478250  5.056691  0.000000;
673446 -2.411733 -9.899941  4.582712  0.000000;
678568 -2.411733 -10.254641  2.055958  0.000000;
683595 -2.411733 -10.910806  1.551576  0.000000;
688699  0.114829 -10.318643  2.814335  0.000000;
693860  2.511594 -10.254641  3.170910  0.000000;
698912  2.855527 -10.318643  1.175212  0.000000;
703932  2.855527 -10.367690  0.722855  0.000000;
708951  2.855527 -10.819888  1.100131  0.000000;
713961  2.855527 -10.516030  2.632432  0.000000;
719063  2.855527 -10.367690  1.902338  0.000000;
724207  2.428452 -10.318643  0.667031  0.000000;
729268  1.682566 -10.436477  0.160492  0.000000;
734391  1.223191 -10.516030 -5.198487  0.000000;
739528  1.223191 -10.516030 -5.456975  0.000000;
744630  1.223191 -10.452029 -3.964032  0.000000;
749847  0.340329 -10.436477 -4.926694  0.000000;
754926 -0.657376 -10.436477 -2.173036  0.000000;
759998 -2.067800 -10.436477 -4.036872  0.000000;
765094 -2.067800 -9.583523 -1.747152  0.000000;
770211 -2.067800 -9.583523  0.934797  0.000000;
775304 -5.358193 -9.529690 -1.527991  0.000000;
780415 -6.529958 -9.529690 -1.194904  0.000000;
785522 -6.529958 -9.529690 -2.454539  0.000000;
790600 -5.910878 -9.219851 -2.959490  0.000000;
795647 -5.504738 -9.219851 -2.035698  0.000000;
800798 -5.425185 -9.761172 -2.389113  0.000000;
805919 -5.425185 -9.761172 -0.573859  0.000000;
811003 -5.425185 -9.761172  2.386535  0.000000;
816051 -5.338454 -9.585317  3.765805  0.000000;
821112 -4.812087 -9.585317  6.172083  0.000000;
826238 -3.944179 -9.595486  3.113371  0.000000;
831363 -3.944179 -9.915493  7.177785  0.000000;
836496 -3.944179 -10.083572  2.156832  0.000000;
841627 -2.350723 -10.083572  2.035703  0.000000;
846662 -0.277554 -10.083572  1.779248  0.000000;
851819  0.757834 -10.461599 -0.772358  0.000000;
856879  0.757834 -10.461599  1.677033  0.000000;
862025  0.757834 -10.461599  3.598608  0.000000;
867158  2.688046 -10.461599  0.200997  0.000000;
872230  2.728122 -10.461599  2.920669  0.000000;
877257  2.688046 -10.603359 -0.006896  0.000000;
882377  2.570212 -10.603359 -3.859963  0.000000;
887483  1.630527 -10.603359 -3.997269  0.000000;
892526  1.630527 -10.142788 -7.053510  0.000000;
897529  1.630527 -10.102712 -3.285418  0.000000;
902636  0.747068 -10.045291 -1.895511  0.000000;
907776 -0.595767 -10.045291 -1.620340  0.000000;
912868 -1.922451 -10.045291 -1.280639  0.000000;
917931 -1.922451 -9.951980 -1.471617  0.000000;
923044 -1.922451 -9.777920 -0.924718  0.000000;
928055 -4.486696 -9.743228  0.981225  0.000000;
933227 -5.846279 -9.743228 -3.153140  0.000000;
938302 -5.846279 -9.743228  0.000576  0.000000;
943370 -5.306154 -9.332302 -1.728718  0.000000;
948458 -4.606325 -9.332302 -0.468340  0.000000;
953585 -4.486696 -9.503372  1.287141  0.000000;
958757 -4.486696 -9.951980  5.814596  0.000000;
963772 -4.486696 -9.951980  3.732596  0.000000;
968915 -3.699538 -9.626589  5.236634  0.000000;
974050 -2.996120 -9.577542  2.192963  0.000000;
979156 -2.338162 -9.626589  4.215712  0.000000;
984236 -2.338162 -10.115872  0.541955  0.000000;
989317 -2.338162 -10.289334 -0.855255  0.000000;
994372  0.272739 -10.289334  0.549384  0.000000;
999511  1.970871 -10.115872 -0.846167  0.000000;
1004584  1.364353 -9.974111 -2.574834  0.000000;
1009705  1.112534 -10.212173 -2.651298  0.000000;
1014866  0.272739 -10.289334 -3.335367  0.000000;
1019927  0.272739 -10.289334 -4.097062  0.000000;
1025003  0.272739 -10.212173 -3.712617  0.000000;
1030151 -0.242263 -10.211575 -0.980436  0.000000;
1035180 -0.448623 -10.211575 -0.106946  0.000000;
1040307 -1.334475 -10.211575 -0.818932  0.000000;
1045320 -1.334475 -9.935830 -1.068157  0.000000;
1050490 -1.334475 -9.737246  1.725133  0.000000;
1055610 -4.532155 -9.559597 -0.035934  0.000000;
1060736 -4.532155 -9.590103  5.413607  0.000000;
1065811 -4.532155 -9.590103  3.929492  0.000000;
1070884 -4.056631 -9.590103  7.216138  0.000000;
1075959 -3.611013 -9.590103  4.229335  0.000000;
1081118 -3.184536 -9.858670  3.522493  0.000000;
1086153 -3.184536 -9.935830  1.310170  0.000000;
1091284 -3.184536 -10.117068  3.097098  0.000000;
1096291 -1.415225 -10.117068 -0.166632  0.000000;
1101450  0.480893 -10.117068  0.540748  0.000000;
1106548  1.714865 -9.935830 -0.171971  0.000000;
1111587  0.893613 -9.935830 -1.772086  0.000000;
1116630  0.577793 -9.978298 -3.323751  0.000000;
1121760  0.577793 -9.978298 -3.443944  0.000000;
1126927  0.577793 -9.978298 -4.698763  0.000000;
1131948  0.030491 -9.935830 -5.986560  0.000000;
1136993 -0.701040 -9.935830 -4.157928  0.000000;
1142091 -1.415225 -9.935830 -2.243220  0.000000;
1147223 -1.415225 -9.759976 -1.248720  0.000000;
1155195 -1.415225 -9.436380 -0.313859  0.000000;
1161208 -4.143362 -9.398098  0.256897  0.000000;
1166287 -5.167983 -9.398098  3.239389  0.000000;
1171322 -5.167983 -9.398098  2.760075  0.000000;
1176373 -4.535146 -9.398098  3.964870  0.000000;
1181505 -4.143362 -9.398098  4.900946  0.000000;
1186544 -3.689370 -9.759976  3.282701  0.000000;
1191710 -3.689370 -9.824575  3.895550  0.000000;
1196786 -3.689370 -9.988467  1.270299  0.000000;
1201877 -2.901015 -9.988467  1.354565  0.000000;
1206885 -0.041287 -9.988467 -1.387468  0.000000;
1211975  0.746470 -10.437075  0.267886  0.000000;
1217111  0.746470 -10.437075  0.970044  0.000000;
1222189  0.746470 -10.437075  1.233663  0.000000;
1227303  1.628733 -10.437075  2.938869  0.000000;
1232326  1.628733 -10.437075 -1.264507  0.000000;
1237384  1.189695 -10.128433 -4.264793  0.000000;
1242446  0.183017 -10.151760 -3.998398  0.000000;
1247501  0.175840 -10.223538 -7.735581  0.000000;
1252528  0.175840 -10.151760 -4.203144  0.000000;
1257608  0.175840 -10.128433 -1.692338  0.000000;
1262639 -1.139480 -9.847305 -1.599605  0.000000;
1267776 -3.009280 -9.847305 -5.163253  0.000000;
1272830 -3.099599 -9.847305 -0.978258  0.000000;
1277885 -3.099599 -9.584719  1.490823  0.000000;
1282912 -3.099599 -9.584719 -0.237127  0.000000;
1288006 -5.769118 -9.573953 -2.940101  0.000000;
1293140 -5.769118 -9.573953 -0.816990  0.000000;
1298311 -5.769118 -9.573953  2.123512  0.000000;
1303315 -4.869509 -9.573953  2.330062  0.000000;
1308343 -4.473537 -9.573953  5.616601  0.000000;
1313400 -4.076968 -9.689395  3.145631  0.000000;
1318505 -4.076968 -9.758779  6.925163  0.000000;
1323654 -4.076968 -9.760574  3.034886  0.000000;
1328770 -3.186929 -9.760574  3.711355  0.000000;
1333784 -1.219033 -9.760574  0.411452  0.000000;
1338886  0.108848 -10.405972  1.233049  0.000000;
1344020  0.108848 -10.574050  0.256130  0.000000;
1349142  0.108848 -10.574050  2.957228  0.000000;
1354273  2.118015 -10.405972  2.200420  0.000000;
1359399  2.166464 -10.206191  2.549595  0.000000;
1364409  2.118015 -10.405972  0.741331  0.000000;
1369521  1.794419 -10.615322  2.355332  0.000000;
1374683  1.612583 -10.615322 -1.712881  0.000000;
1379768  1.612583 -10.405972 -6.418969  0.000000;
1384880  1.612583 -10.272585 -5.191129  0.000000;
1389927  0.803293 -10.042300 -3.226263  0.000000;
1394948  0.351694 -10.405972 -3.623780  0.000000;
1399985 -1.142471 -10.405972 -2.267984  0.000000;
1405010 -1.142471 -10.042300 -2.075324  0.000000;
1410175 -1.142471 -9.817398 -3.950540  0.000000;
1415231 -4.169680 -9.548233  0.666583  0.000000;
1420494 -4.321609 -9.645132 -2.334625  0.000000;
1425455 -5.599245 -9.645132 -0.949357  0.000000;
1430487 -5.599245 -9.548233 -1.364763  0.000000;
1435525 -5.476626 -9.441763 -3.095731  0.000000;
1440606 -5.179946 -9.213272 -0.952666  0.000000;
1445663 -5.179946 -9.548233  1.970739  0.000000;
1450697 -5.179946 -9.727078  2.318460  0.000000;
1455861 -4.606325 -9.727078  5.592636  0.000000;
1460942 -4.018947 -9.605056  3.751333  0.000000;
1466101 -3.606826 -9.564981  6.858484  0.000000;
1471238 -3.606826 -9.727078  0.824730  0.000000;
1476261 -3.606826 -9.943606  3.728647  0.000000;
1481393 -2.139578 -9.943606  0.461225  0.000000;
1486457  0.297861 -9.943606  1.144465  0.000000;
1491462  1.763315 -10.351541  0.319076  0.000000;
1496499  1.763315 -10.351541  3.418483  0.000000;
1501515  1.763315 -10.351541  1.208451  0.000000;
1506675  2.445200 -10.351541  2.613748  0.000000;
1511817  2.445200 -10.351541  1.858672  0.000000;
1516939  2.199961 -10.702651  2.254617  0.000000;
1521951  2.004367 -10.702651 -0.608586  0.000000;
1527091  1.749558 -10.702651 -0.077980  0.000000;
1532232  1.749558 -10.148171 -3.852444  0.000000;
1537333  1.749558 -10.148171 -7.760095  0.000000;
1542410  0.799704 -10.575845 -1.740866  0.000000;
1547527  0.378611 -10.575845 -7.686884  0.000000;
1552625 -0.751882 -10.575845 -1.115965  0.000000;
1557729 -0.751882 -9.879605 -6.142577  0.000000;
1562811 -0.751882 -9.321536 -1.658951  0.000000;
1567958 -3.484804 -9.703152 -1.224431  0.000000;
1573061 -4.648195 -9.713919  0.824530  0.000000;
1578162 -6.111257 -9.713919 -3.035814  0.000000;
1583308 -5.775698 -9.703152 -1.208930  0.000000;
1588318 -5.684780 -9.380752 -2.909465  0.000000;
1593437 -5.635134 -9.442959 -0.983252  0.000000;
1598598 -5.635134 -9.703152 -4.328130  0.000000;
1603667 -5.635134 -9.760574  0.600253  0.000000;
1608810 -5.566347 -9.703152  4.727292  0.000000;
1613908 -4.986745 -9.442959  4.425553  0.000000;
1619060 -4.855153 -9.512942  5.963500  0.000000;
1624142 -4.855153 -9.703152  3.609728  0.000000;
1629265 -4.855153 -9.797061  3.114571  0.000000;
1634409 -3.267080 -9.797061  2.018209  0.000000;
1639444 -0.808108 -9.797061  1.805432  0.000000;
1644536  0.706992 -10.629678 -0.736062  0.000000;
1649636  0.706992 -10.629678  2.747713  0.000000;
1654807  0.706992 -10.629678  1.255105  0.000000;
1659901  2.239438 -10.550723  1.324869  0.000000;
1665030  2.989511 -10.550723  2.943250  0.000000;
1670157  2.472714 -10.733755  1.064554  0.000000;
1675300  2.239438 -10.733755  4.358177  0.000000;
1680389  2.239438 -10.733755  0.666094  0.000000;
1685505  2.239438 -10.365896  2.031605  0.000000;
1690653  2.239438 -10.365896 -1.789632  0.000000;
1695755  1.867392 -10.371877 -8.682944  0.000000;
1700850  1.085019 -10.545938 -5.278077  0.000000;
1705894  0.767405 -10.545938 -2.992466  0.000000;
1711027  0.767405 -10.473562 -3.547275  0.000000;
1716102  0.767405 -10.371877 -4.255645  0.000000;
1721111 -2.114455 -9.543447 -1.776998  0.000000;
1726277 -3.094216 -9.731863 -3.882896  0.000000;
1731368 -3.821560 -9.765359  0.842493  0.000000;
1736379 -3.821560 -9.731863  1.077229  0.000000;
1741536 -3.821560 -9.543447 -1.552379  0.000000;
1746557 -5.836709 -9.539260 -0.961318  0.000000;
1751710 -5.836709 -9.539260 -2.403498  0.000000;
1756904 -5.836709 -9.539260 -2.690254  0.000000;
1762051 -5.624965 -9.539260 -1.814923  0.000000;
1767086 -5.410232 -9.539260  2.217978  0.000000;
1772237 -5.240358 -9.538662  2.511686  0.000000;
1777366 -5.240358 -9.538662  5.940336  0.000000;
1782395 -5.240358 -9.554812  4.748463  0.000000;
1787534 -4.440639 -9.554812  5.044790  0.000000;
1792619 -3.169582 -9.554812  2.021658  0.000000;
1797737 -2.048660 -9.864651  1.873941  0.000000;
1802832 -2.048660 -10.587808  1.628342  0.000000;
1807893 -2.048660 -10.641641 -0.764272  0.000000;
1812950  0.739292 -10.587808  3.446090  0.000000;
1817969  2.368637 -10.220547  1.445604  0.000000;
1823057  2.384189 -10.587808  0.857625  0.000000;
1828228  2.384189 -10.616519  2.247010  0.000000;
1833405  2.241831 -10.616519  2.631244  0.000000;
1845005  2.241831 -10.611135  0.778104  0.000000;
1850059  2.241831 -10.587808 -1.221422  0.000000;
1856395  0.871482 -10.572854 -3.452713  0.000000;
1866809  0.739292 -10.572854 -6.492423  0.000000;
1872032  0.079538 -10.572854 -1.605174  0.000000;
1878898  0.079538 -10.347354 -1.881926  0.000000;
1888558  0.079538 -9.636758  0.382686  0.000000;
1893683 -3.316726 -9.689993 -0.736759  0.000000;
1899302 -5.142861 -9.689993 -1.609034  0.000000;
1905188 -5.797231 -9.689993 -10.207835  0.000000;
1912999 -5.614797 -9.237796 -0.155866  0.000000;
1923445 -5.142861 -9.237796 -1.964774  0.000000;
1928450 -4.913772 -9.603262  0.617451  0.000000;
1933486 -4.913772 -9.603262  3.161388  0.000000;
1939855 -4.913772 -9.603262  3.981527  0.000000;
1944909 -3.401662 -9.603262  12.588113  0.000000;
1950841 -3.024233 -9.603262  1.706064  0.000000;
1956679 -1.772915 -9.764163 -1.787913  0.000000;
1963065 -1.772915 -10.873721  0.803961  0.000000;
1968214 -1.772915 -10.873721  3.249953  0.000000;
1973295  1.025803 -10.397598  3.694643  0.000000;
1978441  2.865097 -10.251650  1.120764  0.000000;
1983473  2.997885 -10.397598  3.045595  0.000000;
1988513  2.446396 -10.684707  0.995450  0.000000;
1993682  2.182016 -10.684707  2.387846  0.000000;
1998798  2.182016 -10.640444  0.609890  0.000000;
2003926  2.182016 -10.397598 -2.327007  0.000000;
2009081  1.491159 -10.229519 -3.537522  0.000000;
2014143  1.035971 -10.379055 -5.922144  0.000000;
2019297  1.025803 -10.468777 -2.903952  0.000000;
2024377  1.025803 -10.379055 -2.833953  0.000000;
2029551  1.025803 -10.229519 -3.624499  0.000000;
2034643 -1.504348 -10.112881 -3.811842  0.000000;
2039697 -2.969802 -10.112881  0.425885  0.000000;
2044824 -3.017654 -10.112881 -4.140767  0.000000;
2049905 -3.017654 -9.607449  0.665880  0.000000;
2054937 -3.017654 -9.607449 -5.289730  0.000000;
2060026 -6.507228 -9.511148 -0.165453  0.000000;
2065033 -6.507228 -9.511148 -1.747608  0.000000;
2070056 -6.507228 -9.511148 -14.560965  0.000000;
2075116 -5.997609 -9.488418 -2.441056  0.000000;
2080266 -5.697341 -9.488418 -1.315389  0.000000;
2085284 -5.593862 -9.610440 -1.247157  0.000000;
2090434 -5.593862 -9.610440  2.319176  0.000000;
2095564 -5.593862 -9.610440  4.990995  0.000000;
2100631 -5.120730 -9.610440  4.779368  0.000000;
2105687 -4.112258 -9.610440  6.378982  0.000000;
2110723 -3.237173 -9.660684  2.954395  0.000000;
2115755 -3.237173 -9.662478  2.090679  0.000000;
2120866 -3.237173 -10.365896  2.759716  0.000000;
2125950 -1.254324 -10.365896  1.177158  0.000000;
2131027  1.065281 -10.220547  4.150853  0.000000;
2136029  2.283701 -10.292324  1.909558  0.000000;
2141172  2.283701 -10.365896 -0.757921  0.000000;
2146223  2.283701 -10.484329  2.794265  0.000000;
2151390  2.778964 -10.484329  3.230623  0.000000;
2156536  2.778964 -10.484329  1.255423  0.000000;
2161651  2.570212 -10.365896  4.856094  0.000000;
2166820  2.280710 -10.365896  0.769251  0.000000;
2171835  1.976255 -10.365896 -2.126336  0.000000;
2176924  1.976255 -10.365896 -4.627058  0.000000;
2181932  1.976255 -10.365896 -5.580007  0.000000;
2187062  0.818247 -10.292922 -5.069762  0.000000;
2192098  0.273337 -10.292922 -2.298501  0.000000;
2197263 -0.509036 -10.292922 -2.094590  0.000000;
2202299 -0.509036 -10.275576 -1.644663  0.000000;
2207444 -0.509036 -9.587112 -1.797868  0.000000;
2212503 -4.324001 -9.772537 -1.191437  0.000000;
2217611 -5.327089 -9.798855  0.756278  0.000000;
2222726 -5.648293 -9.798855 -3.333947  0.000000;
2227830 -5.648293 -9.772537 -2.352350  0.000000;
2232898 -5.648293 -9.285049 -2.776424  0.000000;
2238035 -5.716481 -9.508157 -0.858278  0.000000;
2243189 -5.716481 -9.597879 -2.363045  0.000000;
2248299 -5.716481 -9.597879 -0.639645  0.000000;
2253444 -5.408437 -9.508157  0.163159  0.000000;
2258533 -5.089626 -9.508157  2.724448  0.000000;
2263622 -4.450210 -9.511148  6.258705  0.000000;
2268628 -4.450210 -9.766555  5.335807  0.000000;
2273678 -4.450210 -9.772537  5.247975  0.000000;
2278736 -3.252126 -9.772537  2.315127  0.000000;
2283899 -1.776504 -9.772537  3.984264  0.000000;
2288911 -0.044277 -10.757681 -0.447703  0.000000;
2293930 -0.044277 -10.757681  3.620194  0.000000;
2299078 -0.044277 -10.757681  1.619187  0.000000;
2304286  2.217905 -10.490310  1.077557  0.000000;
2309314  2.527146 -10.490310  1.201467  0.000000;
2314401  2.807675 -10.761270  1.846166  0.000000;
2319536  2.217905 -10.761270  2.852375  0.000000;
2324700  2.192185 -10.761270  0.844478  0.000000;
2329772  2.192185 -10.523208  2.132188  0.000000;
2334885  2.192185 -10.249856 -0.512342  0.000000;
2340054  1.964292 -10.431094 -6.665327  0.000000;
2345192  0.932492 -10.502273 -5.217695  0.000000;
2350255  0.591550 -10.502273 -5.362321  0.000000;
2355412  0.591550 -10.431094 -2.348584  0.000000;
2360531  0.591550 -9.953774 -2.175137  0.000000;
2365546 -1.763345 -9.731265 -2.930247  0.000000;
2370594 -2.595962 -9.731265 -1.712317  0.000000;
2375644 -4.230691 -9.867044  0.622340  0.000000;
2380715 -4.230691 -9.731265 -3.733217  0.000000;
2385867 -4.230691 -9.720498 -0.285786  0.000000;
2390912 -5.581301 -9.652908 -3.153134  0.000000;
2396059 -5.581301 -9.652908 -3.247650  0.000000;
2401088 -5.581301 -9.652908 -2.325287  0.000000;
2406212 -5.527468 -9.652908 -2.884129  0.000000;
2411290 -5.437746 -9.599075 -1.747887  0.000000;
2416359 -5.281630 -9.534475  2.045980  0.000000;
2421391 -5.281630 -9.534475  2.524410  0.000000;
2426534 -5.281630 -9.626589  4.804283  0.000000;
2431642 -4.697841 -9.626589  10.279892  0.000000;
2436784 -3.387905 -9.626589  2.579797  0.000000;
2441913 -3.195901 -9.989065  4.521870  0.000000;
2446987 -3.195901 -10.276174  0.917117  0.000000;
2452006 -3.195901 -10.548928  1.829223  0.000000;
2457161 -0.461782 -10.367092  1.823161  0.000000;
2462175  1.784250 -10.276174  3.351859  0.000000;
2467226  2.402732 -10.367092  0.276111  0.000000;
2472286  2.402732 -10.584817 -1.262004  0.000000;
2477404  2.402732 -10.694277  2.535394  0.000000;
2482434  2.402732 -10.584817  4.756152  0.000000;
2487484  2.402732 -10.367092  2.072453  0.000000;
2492611  2.292075 -10.341372  0.007274  0.000000;
2497759  2.084519 -10.520815 -0.488385  0.000000;
2502868  1.711875 -10.570461 -4.360168  0.000000;
2507949  1.711875 -10.520815 -4.451442  0.000000;
2513032  1.711875 -10.422122 -5.643956  0.000000;
2518141  0.632224 -10.341372 -4.633895  0.000000;
2523227 -0.603543 -10.341372 -2.926311  0.000000;
2528294 -1.405654 -10.341372 -3.963616  0.000000;
2533361 -1.405654 -9.908316 -1.593322  0.000000;
2538389 -1.405654 -9.482437  1.141879  0.000000;
2543580 -4.913173 -9.701956 -0.423411  0.000000;
2548589 -5.791848 -9.701956 -1.077932  0.000000;
2553649 -5.906093 -9.701956 -1.421095  0.000000;
2558755 -5.827736 -9.594290 -2.986910  0.000000;
2563787 -5.791848 -9.269497 -1.022937  0.000000;
2568913 -5.653078 -9.509951 -2.759053  0.000000;
2574063 -5.653078 -9.594290 -1.765351  0.000000;
2579089 -5.653078 -9.594290  0.193452  0.000000;
2584307 -5.146450 -9.575747  2.923785  0.000000;
2589324 -4.743300 -9.560794  5.882340  0.000000;
2594403 -4.179848 -9.575747  3.287560  0.000000;
2599426 -4.179848 -9.614627  7.329433  0.000000;
2604578 -4.179848 -9.628982  3.285838  0.000000;
2609641 -3.207265 -9.628982 -0.377164  0.000000;
2614797 -0.915176 -9.628982  0.880616  0.000000;
2619807  0.785349 -10.767251  1.684314  0.000000;
2624972  0.785349 -10.767251  0.691921  0.000000;
2630085  0.785349 -10.767251  3.557294  0.000000;
2635194  2.509201 -10.520217  1.392673  0.000000;
2640342  2.855527 -10.520217  0.932896  0.000000;
2645348  2.509201 -10.707437  2.271426  0.000000;
2650371  2.353684 -10.707437  2.784641  0.000000;
2656556  2.275925 -10.707437 -1.765430  0.000000;
2662716  2.275925 -10.433486 -3.151041  0.000000;
2667841  2.275925 -10.433486 -22.070276  0.000000;
2672937  0.998288 -10.271389 -4.425116  0.000000;
2678172  0.578391 -10.271389  0.599584  0.000000;
2683290 -0.727957 -10.271389 -1.724124  0.000000;
2688313 -0.727957 -10.097329 -3.562843  0.000000;
2693382 -0.727957 -9.438174 -1.440095  0.000000;
2698496 -3.401064 -9.788687  1.356286  0.000000;
2703548 -4.833022 -9.833547 -1.310346  0.000000;
2708690 -5.846279 -9.833547  1.409115  0.000000;
2713757 -5.830727 -9.788687 -2.151725  0.000000;
2718816 -5.468850 -9.410659 -3.182062  0.000000;
2723970 -5.251723 -9.434585 -3.121856  0.000000;
2729083 -5.251723 -9.705545 -2.240079  0.000000;
2734121 -5.251723 -9.788687 -2.499597  0.000000;
2739143 -5.246340 -9.705545  3.005039  0.000000;
2744162 -5.084243 -9.557205  0.725878  0.000000;
2749195 -4.708608 -9.434585  4.778539  0.000000;
2754227 -4.708608 -9.705545  4.783279  0.000000;
2759354 -4.708608 -9.806631  5.931270  0.000000;
2764457 -3.847878 -9.806631  2.630588  0.000000;
2769513 -2.722170 -9.806631  4.851397  0.000000;
2774658 -0.465969 -10.617117 -0.073527  0.000000;
2779755 -0.465969 -10.617117  4.125170  0.000000;
2784786 -0.465969 -10.617117  1.423538  0.000000;
2789948  1.265659 -10.516030  2.353871  0.000000;
2794963  2.915341 -10.516030  0.441882  0.000000;
2800043  2.966184 -10.629678  1.271012  0.000000;
2805110  2.835788 -10.650613  1.417570  0.000000;
2810168  2.067771 -10.650613  5.223824  0.000000;
2815315  2.067771 -10.629678  1.939289  0.000000;
2820361  2.067771 -10.277969  0.105547  0.000000;
2825452  1.689145 -10.433486 -4.750956  0.000000;
2830487  1.265659 -10.535769 -6.148082  0.000000;
2835621  1.018027 -10.535769 -4.965456  0.000000;
2840763  1.018027 -10.433486 -2.455520  0.000000;
2845848  1.018027 -10.248660 -1.036569  0.000000;
2850936 -1.009085 -10.196023 -4.228604  0.000000;
2856063 -2.921951 -10.196023 -1.746383  0.000000;
2861212 -3.326894 -10.196023 -0.676289  0.000000;
2866372 -3.326894 -9.798257  1.005912  0.000000;
2871411 -3.326894 -9.627786 -1.538978  0.000000;
2876534 -5.725454 -9.576345 -3.287459  0.000000;
2881638 -5.725454 -9.576345 -2.224875  0.000000;
2886684 -5.725454 -9.576345 -3.751601  0.000000;
2891720 -5.440139 -9.576345 -1.552527  0.000000;
2896788 -5.420400 -9.576345  2.600919  0.000000;
2901940 -5.198488 -9.520120  2.594355  0.000000;
2907104 -5.198488 -9.520120  4.084033  0.000000;
2912177 -5.198488 -9.602066  4.945925  0.000000;
2917178 -4.658962 -9.602066  5.666020  0.000000;
2922305 -3.062514 -9.602066  1.225063  0.000000;
2927415 -2.189822 -9.874221  2.185059  0.000000;
2932478 -2.189822 -10.288735 -0.177041  0.000000;
2937499 -2.189822 -10.828860  2.053436  0.000000;
2942536  0.580185 -10.288735  0.822108  0.000000;
2947593  2.236447 -10.258828  3.883337  0.000000;
2952662  2.470322 -10.288735  0.463291  0.000000;
2957873  2.470322 -10.306082  1.242883  0.000000;
2963014  2.075547 -10.786392  1.341968  0.000000;
2968035  2.075547 -10.519021  2.873104  0.000000;
2973196  2.075547 -10.306082 -1.171084  0.000000;
2978298  1.380503 -10.288735 -5.528429  0.000000;
2983475  0.820639 -10.288735 -3.835630  0.000000;
2988528  0.580185 -10.344961 -8.611473  0.000000;
2993540  0.580185 -10.288735 -1.935932  0.000000;
2998587  0.580185 -10.221145 -3.593984  0.000000;
3003727 -1.361392 -10.048281 -1.366184  0.000000;
3008775 -3.048159 -10.048281  1.424955  0.000000;
3013883 -3.461477 -10.048281 -1.363957  0.000000;
3018993 -3.461477 -9.911904  1.412933  0.000000;
3024053 -3.461477 -9.704348 -1.235584  0.000000;
3029084 -5.112356 -9.541653 -0.766247  0.000000;
3034116 -5.112356 -9.541653 -1.130070  0.000000;
3039265 -5.112356 -9.541653 -3.052929  0.000000;
3044385 -4.660757 -9.541653 -1.794189  0.000000;
3049480 -4.660757 -9.541653  0.017732  0.000000;
3054603 -4.553689 -9.559597  0.490885  0.000000;
3059772 -4.553689 -9.559597  6.188395  0.000000;
3064870 -4.553689 -9.559597  5.514613  0.000000;
3069979 -4.394582 -9.559597  4.023179  0.000000;
3075090 -3.079263 -9.559597  2.522234  0.000000;
3080193 -2.040884 -9.987271  2.240762  0.000000;
3085304 -2.040884 -10.701455  1.886810  0.000000;
3090438 -2.040884 -10.799551  0.769785  0.000000;
3095441  0.937876 -10.701455  3.479144  0.000000;
3100530  2.389572 -10.024954  1.627505  0.000000;
3105644  2.414096 -10.452627  1.001301  0.000000;
3110682  2.414096 -10.701455 -0.918758  0.000000;
3115707  1.814157 -10.707437 -3.425485  0.000000;
3120855  1.814157 -10.701455 -2.742619  0.000000;
3126031  1.814157 -10.452627 -6.898823  0.000000;
3131137  1.178330 -10.337783 -3.012283  0.000000;
3136259  0.937876 -10.337783 -3.746738  0.000000;
3141319 -0.092727 -10.337783 -1.425240  0.000000;
3146376 -0.092727 -10.103909 -0.958929  0.000000;
3151529 -0.092727 -9.718106 -0.132132  0.000000;
3156647 -4.159511 -9.928054 -0.750177  0.000000;
3161745 -4.672121 -9.928054 -0.030911  0.000000;
3166766 -5.063308 -9.928054 -2.962908  0.000000;
3171907 -5.063308 -9.685806 -0.947311  0.000000;
3177088 -5.063308 -9.384341 -2.435226  0.000000;
3182257 -4.688869 -9.563186 -1.684342  0.000000;
3187312 -4.688869 -9.685806 -4.269229  0.000000;
3192341 -4.688869 -9.802444 -0.241092  0.000000;
3197441 -4.542922 -9.685806 -3.635149  0.000000;
3202580 -4.069192 -9.563186  3.458244  0.000000;
3207649 -3.957937 -9.685806  4.789664  0.000000;
3212685 -3.957937 -9.704348  3.822702  0.000000;
3217766 -3.957937 -9.937026  8.595756  0.000000;
3222963 -3.362185 -9.937026  3.993227  0.000000;
3228031 -2.125222 -9.937026  4.336376  0.000000;
3233151 -1.327297 -10.020767  2.100826  0.000000;
3238178 -1.327297 -10.527395 -0.454618  0.000000;
3243322 -1.327297 -10.527395  1.859228  0.000000;
3248491  1.349399 -10.394607  2.510356  0.000000;
3253573  2.594736 -10.324624  1.162698  0.000000;
3258739  2.826816 -10.394607  0.372700  0.000000;
3263860  2.826816 -10.651211  4.971798  0.000000;
3269015  2.168857 -10.651211 -2.299138  0.000000;
3274163  2.168857 -10.463992 -5.373610  0.000000;
3279312  2.168857 -10.394607 -2.456026  0.000000;
3284442  1.349399 -10.219949 -11.092874  0.000000;
3289441  1.299753 -10.386233 -2.958950  0.000000;
3294469 -0.149551 -10.386233 -1.603389  0.000000;
3299524 -0.149551 -10.219949 -1.609499  0.000000;
3304674 -0.149551 -9.528494 -3.330823  0.000000;
3309688 -2.920156 -9.825772 -1.071695  0.000000;
3314713 -3.947170 -9.920278 -0.558709  0.000000;
3319800 -5.009475 -9.920278 -0.997185  0.000000;
3324829 -5.009475 -9.825772 -0.369128  0.000000;
3329913 -5.009475 -9.325125 -0.886985  0.000000;
3335023 -5.145852 -9.252749 -2.397502  0.000000;
3340149 -5.145852 -9.532083 -2.700083  0.000000;
3345294 -5.145852 -9.825772 -1.985133  0.000000;
3350349 -4.971792 -9.641543 -1.223435  0.000000;
3355390 -4.922146 -9.532083 -5.466642  0.000000;
3360416 -4.814480 -9.320339 -0.915806  0.000000;
3365440 -4.814480 -9.641543  5.991559  0.000000;
3370563 -4.814480 -9.679824  3.401105  0.000000;
3375701 -4.508230 -9.679824  6.744251  0.000000;
3380858 -3.232986 -9.679824  3.641653  0.000000;
3385958 -3.048159 -9.928652  5.382757  0.000000;
3391055 -3.048159 -10.081777  1.732370  0.000000;
3396223 -3.048159 -10.167312  2.987036  0.000000;
3401315 -0.513223 -10.167312  1.286645  0.000000;
3406468  1.703501 -10.167312  4.508050  0.000000;
3411608  2.418283 -10.137405  0.841861  0.000000;
3416642  2.418283 -10.384439  3.983070  0.000000;
3421768  2.418283 -10.410159  1.730580  0.000000;
3426912  3.251499 -10.410159  1.134391  0.000000;
3431951  3.251499 -10.410159 -1.876226  0.000000;
3437098  2.976950 -10.384439 -5.291009  0.000000;
3442142  2.171848 -10.384439 -2.501886  0.000000;
3447282  1.743576 -10.384439 -4.507777  0.000000;
3452415  1.743576 -10.384439 -6.029371  0.000000;
3457439  1.743576 -10.138601 -1.455995  0.000000;
3462590 -0.727358 -10.137405 -5.160994  0.000000;
3469031 -1.271072 -10.137405 -0.425124  0.000000;
3474774 -2.269973 -10.137405  0.245596  0.000000;
3479883 -2.269973 -9.653506  4.857526  0.000000;
3486064 -2.269973 -9.624795 -0.514006  0.000000;
3493044 -4.939492 -9.217459  3.059660  0.000000;
3499577 -4.939492 -9.406472 -2.190160  0.000000;
3505000 -4.939492 -9.653506 -2.401809  0.000000;
3511011 -4.939492 -9.653506 -1.808635  0.000000;
3516412 -4.937697 -9.439968 -3.202454  0.000000;
3522610 -4.691262 -9.406472  8.011746  0.000000;
3528874 -4.691262 -9.426809 -0.623535  0.000000;
3534196 -4.691262 -9.653506  3.602400  0.000000;
3542869 -4.331179 -9.653506  3.537341  0.000000;
3551275 -3.214443 -9.653506  3.192857  0.000000;
3559751 -2.998513 -9.923867  2.340244  0.000000;
3565668 -2.998513 -10.017178  1.186943  0.000000;
3572224 -2.998513 -10.185855  1.276267  0.000000;
3578931  0.538913 -10.137405  1.079017  0.000000;
3586965  2.731113 -10.137405  12.057528  0.000000;
3591964  2.956015 -10.622500  0.301111  0.000000;
3597120  2.212522 -10.622500 -3.100131  0.000000;
3602172  1.591049 -10.622500 -3.012003  0.000000;
3607340  1.591049 -10.263015 -4.177345  0.000000;
3612463  1.591049 -10.263015 -5.472586  0.000000;
3617758  0.538913 -10.234902 -2.304330  0.000000;
3622802  0.046042 -10.234902 -2.704054  0.000000;
3627860 -1.004898 -10.234902 -1.869721  0.000000;
3632931 -1.004898 -10.015383  0.104950  0.000000;
3638001 -1.004898 -9.615823  0.436824  0.000000;
3643152 -3.868813 -9.664273 -2.204423  0.000000;
3648234 -5.392885 -9.664273 -0.448396  0.000000;
3653296 -5.418007 -9.664273 -2.022134  0.000000;
3658319 -5.392885 -9.518325 -1.391612  0.000000;
3663372 -5.287612 -9.439370 -3.707087  0.000000;
3668520 -5.304958 -9.518325 -2.295015  0.000000;
3673627 -5.304958 -9.712124 -0.850995  0.000000;
3678660 -5.304958 -9.712124 -1.760944  0.000000;
3683678 -5.098598 -9.568569 -2.597026  0.000000;
3688756 -4.883864 -9.518325 -1.744600  0.000000;
3693878 -4.480117 -9.545840  4.554792  0.000000;
3698998 -4.480117 -9.568569  0.593634  0.000000;
3704020 -4.480117 -9.754592  7.952803  0.000000;
3709123 -3.835317 -9.754592  5.475559  0.000000;
3714178 -2.841799 -9.754592  4.677612  0.000000;
3719224 -2.561269 -9.825772  2.407889  0.000000;
3724343 -2.561269 -9.904128  3.752573  0.000000;
3729439 -2.561269 -10.463992  1.828126  0.000000;
3734531  0.046640 -10.463992  0.868526  0.000000;
3739647  3.015830 -9.949587  1.644105  0.000000;
3744712  3.109738 -10.205593  2.546245  0.000000;
3749803  3.058298 -10.463992  2.471238  0.000000;
3754863  3.058298 -10.719998  2.157828  0.000000;
3759995  3.109738 -10.719998  0.911151  0.000000;
3765072  3.109738 -10.463992 -1.752158  0.000000;
3770077  2.543894 -10.242678 -2.446488  0.000000;
3775195  1.735800 -10.242678 -4.590074  0.000000;
3780215  1.316501 -10.526797 -3.434449  0.000000;
3785356  1.316501 -10.526797 -3.729538  0.000000;
3790516  1.316501 -10.242678 -5.425366  0.000000;
3795555 -0.928335 -10.132022 -1.780255  0.000000;
3800570 -1.658071 -10.132022  0.124587  0.000000;
3805678 -2.464968 -10.132022  0.520240  0.000000;
3810791 -2.464968 -9.812612 -2.184834  0.000000;
3815950 -2.464968 -9.812612 -0.311159  0.000000;
3821006 -5.626760 -9.536270  0.234266  0.000000;
3826102 -5.626760 -9.536270 -1.576923  0.000000;
3831160 -5.626760 -9.536270 -1.723359  0.000000;
3836309 -5.620180 -9.475857 -3.374734  0.000000;
3841456 -5.288808 -9.475857 -1.096112  0.000000;
3846482 -5.075869 -9.704946 -0.843562  0.000000;
3851511 -5.075869 -9.704946 -5.249883  0.000000;
3856667 -5.075869 -9.704946 -0.384810  0.000000;
3861746 -4.665542 -9.580532  4.294391  0.000000;
3866819 -4.105678 -9.580532  4.773567  0.000000;
3871929 -3.783279 -9.805435  5.317032  0.000000;
3877027 -3.783279 -9.965737  5.345316  0.000000;
3882096 -3.783279 -9.965737  4.108064  0.000000;
3887232 -2.911782 -9.965737  3.207618  0.000000;
3892305 -1.076077 -9.965737  0.864615  0.000000;
3897462  0.653757 -10.447244  0.628964  0.000000;
3902627  0.653757 -10.447244  0.710942  0.000000;
3907682  0.653757 -10.447244  1.618203  0.000000;
3912826  2.701206 -10.210977  2.810917  0.000000;
3917900  2.927902 -10.210977  1.216926  0.000000;
3923038  2.845358 -10.797158  0.010345  0.000000;
3928067  2.701206 -10.797158 -2.109087  0.000000;
3933152  2.061191 -10.797158 -1.908843  0.000000;
3938191  2.061191 -10.635061 -5.074460  0.000000;
3943224  2.061191 -10.294119 -3.523984  0.000000;
3948249  1.056308 -10.377859 -2.221383  0.000000;
3953404  0.270945 -10.377859 -2.685609  0.000000;
3958569 -0.714797 -10.377859 -0.705884  0.000000;
3963621 -0.714797 -9.896951 -0.930536  0.000000;
3968651 -0.714797 -9.691189  2.563280  0.000000;
3973716 -4.107473 -9.485427 -0.724296  0.000000;
3978759 -4.824050 -9.490811 -2.211788  0.000000;
3983898 -5.111757 -9.507559 -1.495524  0.000000;
3988985 -5.111757 -9.490811 -1.661993  0.000000;
3994044 -4.824050 -9.485427 -1.323965  0.000000;
3999103 -4.794741 -9.490811 -1.633959  0.000000;
4004107 -4.794741 -9.624795 -2.072492  0.000000;
4009272 -4.794741 -9.635562 -3.487735  0.000000;
4014302 -4.429275 -9.635562 -0.536236  0.000000;
4019321 -4.389199 -9.624795  1.638473  0.000000;
4024406 -4.249831 -9.611038  3.721232  0.000000;
4029546 -4.249831 -9.623599  5.536124  0.000000;
4034710 -4.249831 -9.635562  5.140500  0.000000;
4039856 -3.361587 -9.635562  5.962257  0.000000;
4044866 -2.755068 -9.635562  3.132392  0.000000;
4049873 -0.823660 -10.505264  0.895041  0.000000;
4054890 -0.823660 -10.505264  1.690852  0.000000;
4060028 -0.823660 -10.505264  6.889454  0.000000;
4065137  1.291977 -10.443057  1.029130  0.000000;
4070200  2.513388 -10.443057 -0.300989  0.000000;
4075308  3.141440 -10.633865  0.930750  0.000000;
4080469  2.906967 -10.682314  1.710357  0.000000;
4085631  1.936179 -10.682314 -2.537724  0.000000;
4090733  1.936179 -10.633865 -6.412038  0.000000;
4095812  1.936179 -10.237893 -4.102594  0.000000;
4100818  1.291977 -10.389822 -3.342267  0.000000;
4105887  1.097580 -10.389822 -2.457304  0.000000;
4111001 -0.005996 -10.389822 -5.195812  0.000000;
4116170 -0.005996 -10.362307 -0.664581  0.000000;
4121261 -0.005996 -9.876016 -1.949725  0.000000;
4126334 -2.959634 -9.709732 -0.407186  0.000000;
4131480 -4.317422 -9.908316  0.339768  0.000000;
4136560 -5.371352 -9.908316 -0.377240  0.000000;
4141624 -5.371352 -9.709732 -2.031246  0.000000;
4146675 -4.883266 -9.377761 -3.462025  0.000000;
4151841 -5.016652 -9.515335 -1.108975  0.000000;
4159144 -5.016652 -9.709732 -1.088107  0.000000;
4164241 -5.016652 -9.709732 -3.734492  0.000000;
4169304 -4.914370 -9.530886 -7.631766  0.000000;
4174468 -4.874294 -9.515335 -0.171482  0.000000;
4179547 -4.388601 -9.530886 -2.121634  0.000000;
4184567 -4.388601 -9.547634  4.507357  0.000000;
4189578 -4.388601 -9.709133  6.510839  0.000000;
4194707 -3.786867 -9.709133  4.658043  0.000000;
4199735 -2.981765 -9.709133  7.204650  0.000000;
4204876 -2.560073 -9.823379  2.624235  0.000000;
4209990 -2.560073 -9.951980  3.951361  0.000000;
4215095 -2.560073 -10.495693  0.931864  0.000000;
4220153  0.467136 -10.353335  3.276507  0.000000;
4225240  2.256784 -10.149368  1.314688  0.000000;
4230377  2.923117 -10.353335  0.882374  0.000000;
4235530  2.923117 -10.487319  1.487666  0.000000;
4240564  2.923117 -10.632668  2.488011  0.000000;
4245632  2.923117 -10.562686 -2.097697  0.000000;
4250785  2.923117 -10.487319 -6.367336  0.000000;
4255905  2.130576 -10.353335 -3.508436  0.000000;
4261043  1.619162 -10.372476 -5.121872  0.000000;
4266080  0.956418 -10.372476 -2.855980  0.000000;
4271229  0.956418 -10.353335  0.156442  0.000000;
4276271  0.956418 -10.298306 -1.430641  0.000000;
4281415 -1.592874 -9.944802 -2.214206  0.000000;
4286422 -2.643215 -9.944802  4.363153  0.000000;
4291512 -4.334170 -9.944802 -1.390966  0.000000;
4296547 -4.334170 -9.928054 -1.582819  0.000000;
4301722 -4.334170 -9.868838 -2.153332  0.000000;
4306861 -5.645302 -9.628982 -1.115439  0.000000;
4311917 -5.645302 -9.628982 -2.856064  0.000000;
4317030 -5.645302 -9.628982 -3.012676  0.000000;
4322178 -5.599843 -9.628982 -3.359300  0.000000;
4327271 -5.520888 -9.628982 -2.259443  0.000000;
4332417 -5.109963 -9.569766 -1.952874  0.000000;
4337522 -5.109963 -9.569766 -1.482294  0.000000;
4342626 -5.109963 -9.569766 -1.606210  0.000000;
4347640 -4.647597 -9.569766 -1.362565  0.000000;
4352742 -4.049453 -9.569766  0.627914  0.000000;
4357939 -3.646902 -9.636758  1.173057  0.000000;
4363027 -3.646902 -9.636758  4.883444  0.000000;
4368070 -3.646902 -9.647525  9.091449  0.000000;
4373265 -3.307156 -9.647525  4.835704  0.000000;
4378380 -2.195205 -9.647525  5.396082  0.000000;
4383506 -1.073684 -9.822183  2.941765  0.000000;
4388610 -1.073684 -10.598574  4.399432  0.000000;
4393655 -1.073684 -10.598574  2.293250  0.000000;
4398836  1.774680 -10.367092  1.484624  0.000000;
4403999  2.915939 -10.359915  1.951924  0.000000;
4409109  3.432736 -10.367092  0.995837  0.000000;
4414130  3.432736 -10.804934  0.641994  0.000000;
4419200  3.265854 -10.804934 -1.433567  0.000000;
4424248  3.265854 -10.743325 -1.498136  0.000000;
4429383  3.265854 -10.367092 -7.672976  0.000000;
4434512  1.966684 -10.429897 -2.950800  0.000000;
4439515  1.774680 -10.552517 -6.382615  0.000000;
4444546  1.077243 -10.552517 -1.177783  0.000000;
4449551  1.077243 -10.429897 -1.329649  0.000000;
4454701  1.077243 -9.934634  0.081802  0.000000;
4459858 -2.582204 -9.520120  1.086177  0.000000;
4464937 -3.392690 -9.981887  0.048078  0.000000;
4469972 -4.687075 -9.981887  0.926624  0.000000;
4475053 -4.687075 -9.757583 -2.223731  0.000000;
4480098 -4.687075 -9.520120 -3.138123  0.000000;
4485144 -4.996914 -9.350247 -1.806513  0.000000;
4490317 -5.026821 -9.542251 -1.312073  0.000000;
4495406 -5.091421 -9.711526 -2.536481  0.000000;
4500477 -5.026821 -9.660086 -3.222015  0.000000;
4505542 -4.996914 -9.542251 -2.115552  0.000000;
4510629 -4.806106 -9.416043 -2.924387  0.000000;
4515670 -4.806106 -9.436978 -1.465064  0.000000;
4520830 -4.806106 -9.660086 -1.512408  0.000000;
4525842 -4.361086 -9.660086 -2.663045  0.000000;
4530938 -3.630752 -9.660086  2.101916  0.000000;
4535977 -3.228200 -9.700759  5.892972  0.000000;
4541028 -3.228200 -9.700759  5.914306  0.000000;
4546165 -3.228200 -9.800650  6.762269  0.000000;
4551243 -2.537942 -9.800650  3.668959  0.000000;
4556259 -2.089333 -9.800650  7.550859  0.000000;
4561401 -0.620291 -10.108096  1.778803  0.000000;
4566421 -0.620291 -10.569863  2.186883  0.000000;
4571546 -0.620291 -10.569863  3.649814  0.000000;
4576650  2.235849 -10.417935  1.465573  0.000000;
4581775  3.397446 -10.417935  0.929853  0.000000;
4586805  3.442307 -10.505862 -1.009025  0.000000;
4591936  2.427255 -10.728970 -2.374344  0.000000;
4597030  2.235849 -10.728970 -4.879629  0.000000;
4602125  2.235849 -10.603958 -2.893435  0.000000;
4607267  2.235849 -10.505862 -6.073406  0.000000;
4612424  1.489365 -10.249258 -1.062381  0.000000;
4617448  0.215317 -10.249258 -1.234595  0.000000;
4622540 -1.387710 -10.249258 -0.870939  0.000000;
4627571 -1.387710 -9.911904  1.319046  0.000000;
4632723 -1.387710 -9.669058  0.197548  0.000000;
4637874 -4.501052 -9.652310 -0.836253  0.000000;
4642938 -4.639223 -9.652310 -0.813265  0.000000;
4648099 -4.745095 -9.652310 -1.027216  0.000000;
4653109 -4.745095 -9.511746 -1.697349  0.000000;
4658226 -4.639223 -9.511746 -2.585074  0.000000;
4663333 -4.526772 -9.627188 -0.335478  0.000000;
4668353 -4.526772 -9.627188 -2.493982  0.000000;
4673483 -4.526772 -9.627188 -2.342936  0.000000;
4678588 -4.370656 -9.618215  0.266951  0.000000;
4683749 -4.121230 -9.532681  0.092615  0.000000;
4688885 -4.116445 -9.618215  0.418635  0.000000;
4694035 -4.116445 -9.712124  4.337475  0.000000;
4699055 -4.116445 -9.718704  6.430122  0.000000;
4704149 -3.311343 -9.718704  5.607478  0.000000;
4709158 -2.584597 -9.718704  4.156261  0.000000;
4714232 -1.659866 -9.856277  2.277125  0.000000;
4719240 -1.659866 -10.242080  2.445120  0.000000;
4724358 -1.659866 -10.481338  4.049241  0.000000;
4729400  1.164572 -10.242080  0.874351  0.000000;
4734467  2.558249 -10.172097  3.342471  0.000000;
4739553  2.671897 -10.242080 -0.447575  0.000000;
4744678  2.671897 -10.800149 -1.803323  0.000000;
4749809  2.183213 -10.800149 -3.533401  0.000000;
4754918  2.183213 -10.486721 -4.927652  0.000000;
4759924  2.183213 -10.242080 -4.893278  0.000000;
4765069  1.164572 -10.107498 -4.510338  0.000000;
4770178  0.744675 -10.107498 -1.072439  0.000000;
4775190  0.226682 -10.107498  1.065476  0.000000;
4780335  0.226682 -9.982485 -2.084620  0.000000;
4785398  0.226682 -9.664871  1.271111  0.000000;
4790486 -3.872402 -9.722891  0.194580  0.000000;
4795619 -4.852761 -9.722891 -1.030713  0.000000;
4800630 -4.888650 -9.722891 -0.858449  0.000000;
4805787 -4.852761 -9.591299 -3.354365  0.000000;
4810822 -4.794741 -9.556008 -1.516545  0.000000;
4815896 -4.756460 -9.591299 -0.512789  0.000000;
4820912 -4.756460 -9.649917 -2.386299  0.000000;
4825992 -4.756460 -9.649917 -2.365623  0.000000;
4831108 -4.563259 -9.591299 -1.970647  0.000000;
4836213 -4.249831 -9.443557 -2.073631  0.000000;
4841290 -4.040481 -9.591299 -0.452136  0.000000;
4846372 -4.040481 -9.752200 -3.728803  0.000000;
4851465 -4.040481 -9.801248 -1.575039  0.000000;
4856466 -3.605630 -9.752200  1.319532  0.000000;
4861552 -3.542226 -9.638552  4.053933  0.000000;
4866688 -3.433364 -9.752200  9.555550  0.000000;
4871705 -3.433364 -9.807827  2.828496  0.000000;
4876807 -3.433364 -9.855081  6.316708  0.000000;
4881839 -2.421304 -9.855081  2.181773  0.000000;
4886956  0.306833 -9.855081  5.121573  0.000000;
4891970  0.796714 -10.299502  3.576176  0.000000;
4897078  0.796714 -10.299502  1.900109  0.000000;
4902153  0.796714 -10.299502  3.228861  0.000000;
4907182  2.390171 -10.299502  1.129325  0.000000;
4912323  3.402231 -10.299502  0.718283  0.000000;
4917353  3.987814 -10.889272  0.897366  0.000000;
4922360  3.171945 -10.889272 -1.629693  0.000000;
4927391  2.623447 -10.889272 -2.312154  0.000000;
4932402  2.623447 -10.465786 -7.110010  0.000000;
4937556  2.623447 -10.383840 -3.056432  0.000000;
4942631  1.946347 -10.360513 -3.812017  0.000000;
4947745  0.582578 -10.360513 -1.453141  0.000000;
4952878 -0.942690 -10.360513 -1.340188  0.000000;
4957957 -0.942690 -10.133816 -1.002552  0.000000;
4962957 -0.942690 -9.762368 -3.120804  0.000000;
4968128 -4.179250 -9.608645  0.300090  0.000000;
4973238 -5.442531 -9.608645 -2.419650  0.000000;
4978366 -5.461672 -9.608645 -0.700835  0.000000;
4983486 -5.442531 -9.527297 -2.335366  0.000000;
4988494 -5.442531 -9.527297 -2.381930  0.000000;
4993531 -5.317519 -9.537466  0.007860  0.000000;
4998555 -5.317519 -9.608047 -2.414988  0.000000;
5003715 -5.317519 -9.608047 -1.770506  0.000000;
5008799 -5.150039 -9.537466 -2.892208  0.000000;
5013968 -4.883266 -9.468679 -3.573706  0.000000;
5018972 -4.560866 -9.537466 -1.298577  0.000000;
5024034 -4.560866 -9.746218 -3.259200  0.000000;
5029139 -4.560866 -9.746218  0.095653  0.000000;
5034198 -3.770718 -9.741433  1.895657  0.000000;
5039206 -3.462075 -9.707339  3.267762  0.000000;
5044256 -3.317324 -9.741433  8.129847  0.000000;
5049409 -3.317324 -9.783901  5.744431  0.000000;
5054570 -3.317324 -9.881997  6.085012  0.000000;
5059579 -2.350124 -9.881997  3.519866  0.000000;
5064707 -1.155630 -9.881997  3.027907  0.000000;
5069717  0.114829 -10.618313  1.882860  0.000000;
5074884  0.114829 -10.618313  4.652365  0.000000;
5080022  0.114829 -10.618313  2.440308  0.000000;
5085182  2.752048 -10.468777  1.576468  0.000000;
5090201  3.042746 -10.468777 -1.095354  0.000000;
5101630  2.752048 -10.424514 -0.753395  0.000000;
5108787  1.812363 -10.424514 -8.008309  0.000000;
5113797  1.613779 -10.424514 -2.487326  0.000000;
5118986  1.613779 -10.190640 -1.915351  0.000000;
5125948  1.613779 -10.188845 -1.544397  0.000000;
5131770 -0.882278 -10.123648  8.257829  0.000000;
5137367 -2.703628 -10.123648 -1.755170  0.000000;
5142484 -3.930422 -10.123648  5.367898  0.000000;
5147787 -3.930422 -9.878408 -2.205440  0.000000;
5154130 -3.930422 -9.761172 -5.150412  0.000000;
5161290 -4.633840 -9.672048 -1.149313  0.000000;
5168288 -4.642214 -9.706741 -1.517326  0.000000;
5176062 -4.642214 -9.706741 -2.699650  0.000000;
5181066 -4.633840 -9.678030 -2.350621  0.000000;
5186661 -4.484304 -9.678030 -0.215810  0.000000;
5191998 -3.931020 -9.681021 -4.151595  0.000000;
5197214 -3.931020 -9.681021  0.972670  0.000000;
5208854 -3.931020 -9.727078  3.244371  0.000000;
5213878 -3.462075 -9.727078  2.005870  0.000000;
5218999 -2.724563 -9.727078  4.868126  0.000000;
5224130 -2.124624 -9.844314  5.482681  0.000000;
5229220 -2.124624 -9.878408  4.837288  0.000000;
5234331 -2.124624 -10.118862  2.866020  0.000000;
5239396 -0.253628 -10.118862  2.846922  0.000000;
5244465  2.184409 -10.118862  6.309159  0.000000;
5249561  3.220993 -10.206790  1.058915  0.000000;
5254634  3.220993 -10.259426  1.288563  0.000000;
5259759  3.220993 -10.493899 -2.463594  0.000000;
5264857  3.220993 -10.493899 -2.491135  0.000000;
5269996  3.220993 -10.493899 -7.312857  0.000000;
5275146  2.205344 -10.259426 -4.790085  0.000000;
5280279  1.598825 -10.259426 -1.433547  0.000000;
5285394  0.526950 -10.259426 -2.084270  0.000000;
5290395  0.526950 -10.165518 -0.846177  0.000000;
5295442  0.526950 -9.926260 -0.789477  0.000000;
5300445 -1.966714 -9.721694 -0.893503  0.000000;
5305484 -3.643911 -9.903530 -0.652288  0.000000;
5310530 -4.689467 -9.903530 -0.461448  0.000000;
5315689 -4.689467 -9.834744  0.533838  0.000000;
5320787 -4.689467 -9.721694 -2.647701  0.000000;
5325896 -5.035793 -9.349050 -1.432701  0.000000;
5331046 -5.035793 -9.641543 -3.958556  0.000000;
5336167 -5.035793 -9.739041 -2.087701  0.000000;
5341233 -4.899416 -9.711526 -1.904825  0.000000;
5346280 -4.770815 -9.641543 -2.817436  0.000000;
5351379 -4.748086 -9.506362 -3.671175  0.000000;
5356606 -4.748086 -9.655899 -2.303842  0.000000;
5361714 -4.748086 -9.655899 -0.200773  0.000000;
5366722 -4.230691 -9.655899 -1.835846  0.000000;
5371769 -3.975881 -9.655899 -0.231136  0.000000;
5376804 -3.509927 -9.666067  0.198382  0.000000;
5381866 -3.509927 -9.666067  4.417353  0.000000;
5386989 -3.509927 -9.838333  5.562083  0.000000;
5392067 -2.872903 -9.838333  9.437644  0.000000;
5397108 -2.381228 -9.838333  4.263440  0.000000;
5402144 -2.003799 -9.904727  6.164441  0.000000;
5407305 -2.003799 -10.158938  2.335398  0.000000;
5412382 -2.003799 -10.749905  2.838442  0.000000;
5417403  0.573008 -10.403579  4.025973  0.000000;
5422570  3.097775 -10.291128  4.366637  0.000000;
5427617  3.299350 -10.403579  2.182081  0.000000;
5432649  3.299350 -10.614126  1.320088  0.000000;
5437803  3.299350 -10.798953 -3.495590  0.000000;
5442835  3.299350 -10.616519 -2.678329  0.000000;
5447886  3.299350 -10.614126 -3.095257  0.000000;
5452986  2.328562 -10.403579 -6.824013  0.000000;
5458000  0.888828 -10.403579 -0.025975  0.000000;
5463156  0.573008 -10.403579 -3.732754  0.000000;
5468301  0.573008 -10.216360  0.182259  0.000000;
5473390  0.573008 -9.992654 -0.796693  0.000000;
5478462 -2.529568 -9.606851  0.185786  0.000000;
5483514 -4.599746 -9.746817  1.232604  0.000000;
5488649 -5.141067 -9.746817 -2.042097  0.000000;
5493699 -5.016054 -9.653506 -1.430964  0.000000;
5498844 -4.923342 -9.606851 -1.016747  0.000000;
5504011 -4.764235 -9.443557 -3.703859  0.000000;
5509048 -4.955044 -9.499783 -5.827953  0.000000;
5514100 -4.955044 -9.653506 -0.885951  0.000000;
5519172 -4.928725 -9.653506 -1.636195  0.000000;
5524259 -4.764235 -9.512942 -2.685001  0.000000;
5529360 -4.552492 -9.499783 -1.440502  0.000000;
5534375 -4.552492 -9.532681 -2.329814  0.000000;
5539468 -4.552492 -9.605654 -2.772374  0.000000;
5544514 -4.188821 -9.532681 -0.925291  0.000000;
5549559 -3.590078 -9.499783  2.010841  0.000000;
5554613 -3.434560 -9.532681  0.108208  0.000000;
5559614 -3.434560 -9.532681  1.938936  0.000000;
5564708 -3.434560 -9.653506  3.328716  0.000000;
5569786 -2.595962 -9.653506  9.907381  0.000000;
5574788 -2.564858 -9.653506  3.565946  0.000000;
5579822 -2.319021 -10.312063  10.308072  0.000000;
5584950 -2.319021 -10.505264  3.477076  0.000000;
5589990 -2.319021 -10.706240  5.180584  0.000000;
5595080  0.346909 -10.505264  1.714184  0.000000;
5600162  1.905673 -10.312063  4.382283  0.000000;
5605208  2.435031 -10.328213  3.414649  0.000000;
5610219  2.435031 -10.505264  3.494352  0.000000;
5615314  2.435031 -10.782205  0.627046  0.000000;
5620413  3.338828 -10.687698 -5.564474  0.000000;
5625527  3.338828 -10.505264 -2.368116  0.000000;
5630532  2.999680 -10.328213 -4.701145  0.000000;
5635549  2.455966 -10.589602 -2.967798  0.000000;
5640658  1.967282 -10.589602 -4.512272  0.000000;
5645760  1.967282 -10.376064 -2.176416  0.000000;
5650969  1.967282 -10.328213 -1.087272  0.000000;
5658397 -1.330886 -9.739639 -0.798798  0.000000;
5664663 -2.424892 -10.063235 -0.335743  0.000000;
5669758 -3.285622 -10.063235  1.364866  0.000000;
5674794 -3.285622 -9.920877 -1.920310  0.000000;
5679872 -3.285622 -9.739639 -1.977366  0.000000;
5684957 -4.818667 -9.658291 -2.050136  0.000000;
5690036 -5.172768 -9.658291 -4.875675  0.000000;
5695183 -5.172768 -9.767752 -2.157128  0.000000;
5700324 -4.983156 -9.767752 -1.702995  0.000000;
5705360 -4.983156 -9.658291 -2.657619  0.000000;
5710372 -4.900014 -9.365200 -1.375617  0.000000;
5715467 -4.900014 -9.371780 -3.515400  0.000000;
5720639 -4.900014 -9.489614 -2.780755  0.000000;
5725729 -4.753469 -9.489614 -0.816037  0.000000;
5730875 -4.111062 -9.489016 -4.623554  0.000000;
5736000 -3.781484 -9.489614 -1.292197  0.000000;
5741028 -3.781484 -9.695376 -1.828855  0.000000;
5746154 -3.781484 -9.695376 -0.390244  0.000000;
5751305 -3.305959 -9.695376  3.086500  0.000000;
5756415 -3.268874 -9.695376  3.977573  0.000000;
5761548 -3.048159 -9.767752  8.491218  0.000000;
5766666 -3.048159 -9.800650  5.277214  0.000000;
5771815 -3.048159 -9.934036  7.063277  0.000000;
5776913 -2.079165 -9.934036  3.023721  0.000000;
5781969  0.090305 -9.934036  2.749498  0.000000;
5787128  0.508408 -10.410757  7.877697  0.000000;
5792162  0.508408 -10.410757  2.994273  0.000000;
5797238  0.508408 -10.496292  4.960993  0.000000;
5802291  2.427255 -10.496292  2.423558  0.000000;
5807319  3.680966 -10.496292  3.851312  0.000000;
5812409  3.839475 -10.782205  1.986759  0.000000;
5817452  3.839475 -10.782205  0.971010  0.000000;
5822610  3.253293 -10.782205 -1.532665  0.000000;
5827790  3.253293 -10.617715 -5.433035  0.000000;
5832898  3.253293 -10.423916 -4.245131  0.000000;
5837925  2.427255 -10.523208 -4.309371  0.000000;
5843034  1.808774 -10.523208 -1.460595  0.000000;
5848185  0.571213 -10.523208 -3.931651  0.000000;
5853190  0.571213 -10.326418 -4.013119  0.000000;
5858251  0.571213 -9.808425 -3.057431  0.000000;
5863304 -1.555190 -9.744424  0.660939  0.000000;
5868326 -2.657571 -10.326418 -2.420147  0.000000;
5873443 -4.239065 -10.326418 -0.299962  0.000000;
5878443 -4.239065 -10.007009 -0.140338  0.000000;
5883543 -4.239065 -9.744424 -1.422002  0.000000;
5888565 -5.238564 -9.457315 -4.096752  0.000000;
5893691 -5.267873 -9.457315 -2.001916  0.000000;
5898821 -5.317519 -9.643936 -3.696089  0.000000;
5904092 -5.267873 -9.643936 -2.403841  0.000000;
5909224 -5.238564 -9.643936 -0.707510  0.000000;
5914380 -5.086635 -9.457315 -2.104835  0.000000;
5919449 -5.086635 -9.457315 -2.600612  0.000000;
5924540 -5.086635 -9.700759 -0.871164  0.000000;
5929562 -4.608120 -9.700759 -4.592117  0.000000;
5934621 -3.959133 -9.700759 -2.603643  0.000000;
5939675 -3.732436 -9.788687 -1.398490  0.000000;
5944844 -3.732436 -9.788687 -0.123233  0.000000;
5949845 -3.732436 -9.788687 -0.894234  0.000000;
5954939 -3.529067 -9.788687 -1.302616  0.000000;
5960003 -2.914175 -9.788687 -0.938083  0.000000;
5965155 -2.327395 -9.899343  2.371665  0.000000;
5970159 -2.327395 -9.943008  7.748457  0.000000;
5975303 -2.327395 -9.943008  7.050455  0.000000;
5980335 -2.097109 -9.899343  8.319735  0.000000;
5985344 -1.668240 -9.899343  4.806997  0.000000;
5990372 -0.616104 -10.040505  4.440084  0.000000;
5995444 -0.616104 -10.197219  3.966115  0.000000;
6000615 -0.616104 -10.797158  4.398186  0.000000;
6005757  0.892417 -10.197219  5.206704  0.000000;
6010863  2.478098 -10.173294  2.777602  0.000000;
6016001  2.799301 -10.197219  1.992592  0.000000;
6021010  2.799301 -10.298904  2.333391  0.000000;
6026178  2.799301 -10.811514  1.533331  0.000000;
6031206  3.402231 -10.811514 -1.157938  0.000000;
6036313  3.402231 -10.495693 -5.173216  0.000000;
6041408  2.600119 -10.298904 -4.047798  0.000000;
6046491  2.272934 -10.298904 -6.196982  0.000000;
6051617  1.503122 -10.298904 -2.167536  0.000000;
6056670  1.503122 -10.205593 -1.079496  0.000000;
6061682  1.503122 -10.160732 -1.697527  0.000000;
6066736 -1.495974 -9.841921 -2.970105  0.000000;
6071912 -2.360891 -9.841921 -1.509772  0.000000;
6077007 -3.099001 -9.841921 -0.160926  0.000000;
6082020 -3.099001 -9.834744 -2.138523  0.000000;
6087135 -3.099001 -9.727078  0.106368  0.000000;
6092289 -5.528664 -9.692385 -1.398064  0.000000;
6097468 -5.528664 -9.692385 -0.412805  0.000000;
6102589 -5.528664 -9.692385 -1.826622  0.000000;
6107665 -5.397072 -9.650515 -3.586168  0.000000;
6112677 -5.364773 -9.624795 -1.569649  0.000000;
6117785 -5.179348 -9.466287 -3.284473  0.000000;
6122927 -5.179348 -9.511148 -2.107655  0.000000;
6128036 -5.179348 -9.540457 -0.488482  0.000000;
6133088 -5.050149 -9.540457 -2.955553  0.000000;
6138201 -4.285122 -9.540457 -2.311667  0.000000;
6143328 -4.074575 -9.670254 -3.134968  0.000000;
6148383 -4.074575 -9.706741 -4.335610  0.000000;
6153398 -4.074575 -9.706741 -0.762228  0.000000;
6158474 -3.746792 -9.670254 -1.365701  0.000000;
6163491 -3.370559 -9.670254  0.224946  0.000000;
6168628 -3.363381 -9.716311 -0.835258  0.000000;
6173712 -3.363381 -9.905923 -0.481065  0.000000;
6178795 -3.363381 -9.905923  3.915252  0.000000;
6183859 -2.210159 -9.905325  5.531697  0.000000;
6188902 -1.990640 -9.812014  9.990402  0.000000;
6193975 -1.870413 -9.905325  4.933832  0.000000;
6199101 -1.870413 -9.954373  14.681592  0.000000;
6204172 -1.870413 -10.127236  3.157178  0.000000;
6209269 -0.591580 -10.127236  3.334338  0.000000;
6214333  1.780661 -10.127236  5.542070  0.000000;
6219428  3.007456 -10.321633  2.216069  0.000000;
6224556  3.007456 -10.321633  2.727173  0.000000;
6229560  3.007456 -10.717605  1.715414  0.000000;
6234594  3.576291 -10.717605 -2.221799  0.000000;
6239670  3.576291 -10.717605 -1.583520  0.000000;
6244803  3.049326 -10.578835 -4.294500  0.000000;
6249858  2.528940 -10.578835 -3.173321  0.000000;
6254863  1.690341 -10.578835 -3.358280  0.000000;
6259944  1.690341 -10.356326 -2.828421  0.000000;
6265089  1.690341 -10.256436 -4.546859  0.000000;
6270125 -0.442044 -9.837734  1.106841  0.000000;
6275187 -1.344045 -9.837734  0.100574  0.000000;
6280221 -2.921951 -9.959158 -1.058568  0.000000;
6285227 -2.921951 -9.851492 -4.349779  0.000000;
6290298 -2.921951 -9.837734 -0.891923  0.000000;
6295301 -4.787563 -9.526101 -1.444328  0.000000;
6300334 -4.802517 -9.526101 -1.776714  0.000000;
6305399 -5.045363 -9.526101 -1.117137  0.000000;
6310457 -4.916762 -9.526101 -0.313298  0.000000;
6315621 -4.802517 -9.526101 -5.418540  0.000000;
6320753 -4.787563 -9.667263 -0.888414  0.000000;
6325922 -4.787563 -9.667263 -4.778481  0.000000;
6330976 -4.787563 -9.667263 -1.553289  0.000000;
6336058 -4.456789 -9.667263 -4.054163  0.000000;
6341089 -4.160110 -9.667263 -0.108750  0.000000;
6346119 -3.539236 -9.721096 -1.771045  0.000000;
6351290 -3.539236 -9.721096 -1.304512  0.000000;
6356432 -3.539236 -9.721096 -0.605582  0.000000;
6361568 -3.476430 -9.721096 -0.739519  0.000000;
6366730 -3.005691 -9.673245 -1.084339  0.000000;
6371783 -2.680898 -9.721096  2.502529  0.000000;
6376894 -2.680898 -9.774331  8.108732  0.000000;
6382047 -2.680898 -9.832351  4.909359  0.000000;
6387145 -2.420107 -9.832351  8.621276  0.000000;
6392148 -1.717886 -9.832351  5.996358  0.000000;
6397154 -1.162209 -9.850295  4.818133  0.000000;
6402312 -1.162209 -10.541751  3.955364  0.000000;
6407407 -1.162209 -10.598574  6.069568  0.000000;
6412526  1.143637 -10.541751  3.115189  0.000000;
6417589  2.964987 -10.356326  4.788002  0.000000;
6422661  3.277219 -10.541751  1.477580  0.000000;
6427733  3.277219 -10.955068  1.931778  0.000000;
6432770  3.277219 -11.004714 -2.866202  0.000000;
6437921  3.277219 -10.955068 -3.129056  0.000000;
6442952  3.277219 -10.541751 -4.100992  0.000000;
6448053  2.694626 -10.500479 -3.497619  0.000000;
6453069  1.456467 -10.500479 -3.326611  0.000000;
6458179  1.143637 -10.500479 -1.883954  0.000000;
6463349  1.143637 -10.205593 -0.540892  0.000000;
6468382  1.143637 -10.018374 -2.426075  0.000000;
6473507 -2.159914 -9.696572 -0.178255  0.000000;
6478520 -3.500954 -9.893960 -0.151977  0.000000;
6483605 -4.852163 -9.893960 -2.193900  0.000000;
6488695 -4.852163 -9.696572 -0.083800  0.000000;
6493713 -4.852163 -9.670254 -4.002000  0.000000;
6498803 -5.153628 -9.500381 -0.877952  0.000000;
6503841 -5.214638 -9.548831 -3.590523  0.000000;
6508877 -5.214638 -9.551223 -2.839636  0.000000;
6513962 -5.185329 -9.551223 -3.302261  0.000000;
6518990 -5.153628 -9.551223 -2.027751  0.000000;
6524091 -5.090822 -9.548831 -2.606405  0.000000;
6529109 -5.090822 -9.548831 -0.683565  0.000000;
6534115 -5.090822 -9.678030 -4.701356  0.000000;
6539259 -4.542922 -9.570364 -1.511036  0.000000;
6544340 -4.109267 -9.570364 -3.505648  0.000000;
6549478 -4.076369 -9.599673 -2.010261  0.000000;
6554521 -4.076369 -9.696572 -0.548216  0.000000;
6559620 -4.076369 -9.724685 -0.833880  0.000000;
6564713 -3.576321 -9.724685 -2.886392  0.000000;
6569801 -3.023037 -9.724685 -0.349409  0.000000;
6574803 -2.734731 -9.840725 -2.626643  0.000000;
6579813 -2.734731 -9.840725  3.015774  0.000000;
6584940 -2.734731 -9.840725  6.430245  0.000000;
6589969 -2.403359 -9.840725  5.620450  0.000000;
6595004 -2.351919 -9.840725  9.436921  0.000000;
6600084 -1.944582 -10.127835  6.558268  0.000000;
6605168 -1.944582 -10.178079  4.487852  0.000000;
6610223 -1.944582 -10.458608  3.922413  0.000000;
6615450  0.468930 -10.458608  6.438261  0.000000;
6620558  2.256186 -10.379055  3.577318  0.000000;
6625689  2.991306 -10.288137  3.061824  0.000000;
6630792  2.991306 -10.458608  1.977769  0.000000;
6635892  2.991306 -10.694875  0.382805  0.000000;
6641058  3.770688 -10.694875 -1.494435  0.000000;
6646157  3.770688 -10.694875 -1.650820  0.000000;
6651206  3.513486 -10.458608 -2.434735  0.000000;
6656252  2.846555 -10.458608 -3.365678  0.000000;
6661359  2.064780 -10.458608 -3.607442  0.000000;
6666568  2.064780 -10.413748 -1.476205  0.000000;
6671604  2.064780 -10.327017 -2.516698  0.000000;
6676676 -0.425894 -10.283950 -0.109611  0.000000;
6681823 -1.232192 -10.283950 -0.262264  0.000000;
6686984 -2.969204 -10.283950 -0.083677  0.000000;
6692031 -2.969204 -9.864053 -1.921406  0.000000;
6697160 -2.969204 -9.721694 -0.108398  0.000000;
6702283 -5.198488 -9.670852 -1.856961  0.000000;
6707308 -5.198488 -9.670852 -2.447683  0.000000;
6712443 -5.198488 -9.670852 -4.536340  0.000000;
6717489 -4.986147 -9.505764 -2.386063  0.000000;
6728154 -4.986147 -9.442959  0.039845  0.000000;
6733200 -4.856948 -9.375369 -18.943395  0.000000;
6740099 -4.856948 -9.375369 -1.057261  0.000000;
6746700 -4.856948 -9.451333 -4.100180  0.000000;
6751825 -4.701430 -9.451333 -2.082765  0.000000;
6756822 -4.065005 -9.451333 -0.941766  0.000000;
6761986 -3.569741 -9.633767 -3.328881  0.000000;
6768488 -3.569741 -9.914297 -0.764696  0.000000;
6773499 -3.569741 -9.914297  2.264514  0.000000;
6780070 -2.930325 -9.914297 -0.570572  0.000000;
6785204 -2.829238 -9.724685 -1.241952  0.000000;
6790311 -2.722170 -9.885586 -1.342006  0.000000;
6797244 -2.722170 -9.885586  2.815107  0.000000;
6802387 -2.722170 -9.904727  17.278972  0.000000;
6810640 -1.945779 -9.904727  3.334112  0.000000;
6819051 -1.410439 -9.904727  13.128757  0.000000;
6827036 -0.573037 -10.103909  3.283085  0.000000;
6836411 -0.573037 -10.214565  2.928994  0.000000;
6841472 -0.573037 -10.410757  2.729275  0.000000;
6847660  2.012741 -10.410757  2.326385  0.000000;
6852683  3.929794 -10.410757  6.552907  0.000000;
6857840  4.725327 -10.985574  2.063151  0.000000;
6862989  3.679770 -10.985574 -1.843887  0.000000;
6868035  2.957810 -10.985574 -2.325736  0.000000;
6873088  2.957810 -10.855776 -5.374033  0.000000;
6878255  2.957810 -10.541751 -3.515503  0.000000;
6883314  2.012741 -10.430496 -2.333892  0.000000;
6888369  1.043149 -10.430496 -0.343650  0.000000;
6893388 -0.656179 -10.430496 -3.623436  0.000000;
6898488 -0.656179 -9.977102  1.059589  0.000000;
6903599 -0.656179 -9.792275 -3.824689  0.000000;
6908621 -3.963320 -9.791079 -0.899989  0.000000;
6913772 -5.090822 -9.791079  0.711798  0.000000;
6918860 -5.528066 -9.791079 -1.968148  0.000000;
6924025 -5.478420 -9.579336 -1.426055  0.000000;
6929185 -5.315127 -9.568569 -2.547916  0.000000;
6934190 -5.478420 -9.579336 -2.757750  0.000000;
6939248 -5.478420 -9.630178 -1.288266  0.000000;
6944400 -5.478420 -9.630178 -2.404252  0.000000;
6949474 -5.477224 -9.579336 -5.622314  0.000000;
6954669 -5.170376 -9.579336 -1.331357  0.000000;
6959778 -5.053139 -9.463296 -5.159132  0.000000;
6964799 -5.053139 -9.649319 -0.838373  0.000000;
6969941 -5.053139 -9.755789 -1.362676  0.000000;
6975083 -4.389199 -9.649319 -1.624571  0.000000;
6980106 -3.781484 -9.554812 -2.501116  0.000000;
6985172 -3.368764 -9.488418 -1.773780  0.000000;
6990245 -3.384914 -9.649319 -4.315795  0.000000;
6995348 -3.384914 -9.769546 -0.023572  0.000000;
7000411 -3.368764 -9.769546 -1.988768  0.000000;
7005445 -2.871706 -9.649319 -1.669856  0.000000;
7010605 -2.268777 -9.585916  5.437394  0.000000;
7015622 -2.268777 -9.769546  3.262317  0.000000;
7020710 -2.268777 -9.948391  6.699588  0.000000;
7025855 -1.987649 -9.948391  5.858918  0.000000;
7030866 -1.416421 -9.929849  9.378256  0.000000;
7036017 -1.345242 -9.948391  6.842429  0.000000;
7041055 -1.345242 -10.112881  5.385500  0.000000;
7046194 -1.345242 -10.462197  4.631102  0.000000;
7051310  0.815854 -10.462197  6.076919  0.000000;
7056410  2.491855 -10.461599  2.632233  0.000000;
7061466  3.004465 -10.432888  5.154857  0.000000;
7066541  3.004465 -10.462197  1.988924  0.000000;
7071559  3.004465 -10.584817  0.262253  0.000000;
7076653  4.079330 -10.584817 -0.452918  0.000000;
7081672  4.079330 -10.584817 -4.533012  0.000000;
7086702  3.757529 -10.527993 -2.344699  0.000000;
7091793  3.315500 -10.527993 -3.742694  0.000000;
7096928  2.246018 -10.527993 -4.168775  0.000000;
7102051  2.246018 -10.516030 -2.439144  0.000000;
7107135  2.246018 -10.432888 -0.190621  0.000000;
7112223 -0.504849 -10.045291 -3.806507  0.000000;
7117287 -1.708914 -10.045291  0.072258  0.000000;
7122349 -2.726357 -10.045291 -1.496126  0.000000;
7127505 -2.726357 -9.947793  0.116455  0.000000;
7132628 -2.726357 -9.683413 -1.316819  0.000000;
7137666 -5.162002 -9.675039 -1.897388  0.000000;
7142716 -5.172170 -9.675039 -3.442617  0.000000;
7147805 -5.581899 -9.675039 -0.439169  0.000000;
7152864 -5.361782 -9.547634 -2.556623  0.000000;
7158925 -5.172170 -9.547634 -5.379326  0.000000;
7165944 -5.162002 -9.560195 -0.912374  0.000000;
7171054 -5.162002 -9.585317 -10.621482  0.000000;
7176179 -5.162002 -9.585317 -1.758904  0.000000;
7181334 -5.007680 -9.560195 -3.210868  0.000000;
7186487 -4.306655 -9.560195 -2.002008  0.000000;
7191565 -4.283925 -9.588906 -2.757097  0.000000;
7196639 -4.283925 -9.797659 -1.455109  0.000000;
7201799 -4.283925 -9.797659 -0.480526  0.000000;
7206964 -3.698940 -9.645132 -1.295600  0.000000;
7212063 -3.178555 -9.588906 -3.831854  0.000000;
7217214 -3.148647 -9.533877 -1.894566  0.000000;
7222279 -3.148647 -9.643338  0.720950  0.000000;
7227323 -3.148647 -9.645132 -1.980069  0.000000;
7232475 -2.689272 -9.645132 -0.454054  0.000000;
7237591 -2.226907 -9.645132  0.108256  0.000000;
7242595 -1.984658 -10.059646  2.630861  0.000000;
7247655 -1.984658 -10.256436  10.017667  0.000000;
7252800 -1.984658 -10.256436  6.101237  0.000000;
7257851 -1.615005 -10.256436  9.519163  0.000000;
7262919 -0.991738 -10.256436  6.679149  0.000000;
7267996 -0.646011 -10.340176  9.107947  0.000000;
7273051 -0.646011 -10.823477  3.488710  0.000000;
7278187 -0.646011 -10.823477  6.790464  0.000000;
7283189  1.877561 -10.513638  3.594908  0.000000;
7288356  3.051120 -10.340176  4.925004  0.000000;
7293430  3.576291 -10.513638  2.986353  0.000000;
7298530  3.576291 -10.631472  2.506151  0.000000;
7303600  3.576291 -10.890469 -0.603873  0.000000;
7308717  3.860410 -10.631472 -4.470233  0.000000;
7313856  3.860410 -10.522012 -3.403766  0.000000;
7319019  3.104355 -10.513638 -3.752083  0.000000;
7324022  2.260971 -10.513638 -2.822200  0.000000;
7329040  1.877561 -10.513638 -5.049893  0.000000;
7334210  1.877561 -10.260024 -0.225003  0.000000;
7339250  1.877561 -10.071609 -1.915269  0.000000;
7344353 -1.754373 -9.874819 -1.107770  0.000000;
7349411 -3.155825 -9.948989 -1.693351  0.000000;
7354504 -4.198989 -9.948989  0.194708  0.000000;
7359565 -4.198989 -9.932241 -4.099155  0.000000;
7364647 -4.198989 -9.874819 -0.527577  0.000000;
7369751 -4.989736 -9.561392 -3.497502  0.000000;
7374850 -5.166787 -9.561392 -1.252164  0.000000;
7379994 -5.327688 -9.569766 -3.135459  0.000000;
7385011 -5.166787 -9.569766 -0.854925  0.000000;
7390127 -5.166787 -9.569766 -4.863957  0.000000;
7395227 -5.165590 -9.561392 -2.885211  0.000000;
7400381 -5.165590 -9.561392 -1.891948  0.000000;
7405423 -5.165590 -9.648123 -2.213472  0.000000;
7410546 -4.989736 -9.648123 -3.227757  0.000000;
7415684 -4.025527 -9.561392 -1.725315  0.000000;
7420828 -4.028518 -9.550027 -3.122021  0.000000;
7425943 -4.028518 -9.648123 -0.505713  0.000000;
7431030 -4.028518 -9.648123 -2.007236  0.000000;
7436129 -3.611013 -9.550027 -2.163332  0.000000;
7441159 -3.180349 -9.550027 -1.525122  0.000000;
7446163 -3.156423 -9.676235  0.413224  0.000000;
7451203 -3.156423 -10.042300 -2.169606  0.000000;
7456292 -3.156423 -10.042300  0.315156  0.000000;
7461351 -2.168887 -9.676235 -1.786538  0.000000;
7466374 -2.127615 -9.676235 -1.437437  0.000000;
7471460 -2.067202 -9.789285  0.564371  0.000000;
7476617 -2.067202 -10.066824  3.329553  0.000000;
7481724 -2.067202 -10.083572  4.670584  0.000000;
7486736 -1.676614 -10.066824  9.065745  0.000000;
7491791 -1.322512 -9.949587  7.888018  0.000000;
7496915 -1.150247 -10.066824  9.252407  0.000000;
7502079 -1.150247 -10.151162  5.483496  0.000000;
7507197 -1.150247 -10.199612  5.261501  0.000000;
7512210  0.371433 -10.199612  3.368488  0.000000;
7517302  2.391965 -10.199612  6.708825  0.000000;
7522400  3.217404 -10.151162  3.667863  0.000000;
7527451  3.217404 -10.264810  3.151991  0.000000;
7532592  3.217404 -10.564480 -0.178028  0.000000;
7537594  3.777268 -10.564480 -1.551979  0.000000;
7542632  3.777268 -10.551919 -3.331067  0.000000;
7547658  3.332248 -10.264810 -5.735395  0.000000;
7552667  2.878855 -10.264810 -2.814039  0.000000;
7557748  1.821933 -10.296511 -4.640705  0.000000;
7562954  1.821933 -10.264810 -2.104860  0.000000;
7568037  1.821933 -10.151162  0.695117  0.000000;
7573109 -0.552102 -9.974710 -0.831800  0.000000;
7578231 -1.590481 -9.974710 -3.407413  0.000000;
7583377 -2.560671 -9.974710 -0.430553  0.000000;
7588506 -2.560671 -9.777920  1.140200  0.000000;
7593530 -2.560671 -9.767752 -1.473352  0.000000;
7598625 -5.187722 -9.761172  1.105394  0.000000;
7603774 -5.213442 -9.761172 -2.239935  0.000000;
7608927 -5.213442 -9.761172 -3.184234  0.000000;
7613947 -5.213442 -9.523709 -2.049258  0.000000;
7619122 -5.187722 -9.523709 -2.828972  0.000000;
7624203 -5.028017 -9.765957 -1.622558  0.000000;
7629211 -5.028017 -9.765957 -1.870537  0.000000;
7634222 -5.028017 -9.765957 -3.555363  0.000000;
7639295 -4.885659 -9.674441 -1.592580  0.000000;
7644441 -4.807900 -9.655300 -2.244395  0.000000;
7649570 -4.327590 -9.674441 -11.453611  0.000000;
7654605 -4.327590 -9.674441 -1.194545  0.000000;
7659713 -4.327590 -9.681619 -1.898343  0.000000;
7664723 -3.648098 -9.674441 -3.608737  0.000000;
7669739 -3.376540 -9.674441 -1.005400  0.000000;
7674759 -3.375344 -9.694180 -3.886115  0.000000;
7679782 -3.375344 -9.764163 -0.278729  0.000000;
7684841 -3.375344 -9.777920 -1.122314  0.000000;
7689859 -2.717385 -9.764163 -0.439853  0.000000;
7694953 -2.517605 -9.764163 -1.084610  0.000000;
7700031 -2.460781 -9.805435 -0.266681  0.000000;
7705180 -2.460781 -9.835940 -2.766981  0.000000;
7710250 -2.460781 -9.835940  1.118652  0.000000;
7715313 -1.967910 -9.835940 -0.222634  0.000000;
7720488 -1.957742 -9.835940  2.037281  0.000000;
7725569 -1.824954 -9.823977  8.403089  0.000000;
7730597 -1.824954 -9.823977  6.809754  0.000000;
7735710 -1.824954 -9.985476  11.080422  0.000000;
7740835 -1.504946 -9.985476  5.367813  0.000000;
7745981 -0.754873 -9.985476  6.757092  0.000000;
7750993  1.229770 -10.590200  4.309585  0.000000;
7756054  1.229770 -10.590200  9.704469  0.000000;
7761166  1.229770 -10.590200  3.309668  0.000000;
7766291  2.572605 -10.590200  4.040262  0.000000;
7771410  3.837082 -10.590200  0.421488  0.000000;
7776504  3.880747 -10.702053 -2.854057  0.000000;
7781528  3.115122 -10.775027 -2.502016  0.000000;
7786596  2.583371 -10.775027 -5.263915  0.000000;
7791602  2.583371 -10.702053 -3.295534  0.000000;
7796662  2.583371 -10.564480 -1.502170  0.000000;
7801743  1.851242 -10.287539 -1.793663  0.000000;
7806839  0.210532 -10.287539  1.123559  0.000000;
7811892 -0.649600 -10.287539 -0.407461  0.000000;
7817034 -0.649600 -9.910708  1.070018  0.000000;
7822181 -0.649600 -9.910708  0.621900  0.000000;
7827205 -4.265981 -9.951980 -3.223363  0.000000;
7832300 -4.265981 -9.951980 -1.317689  0.000000;
7837416 -4.265981 -9.951980 -1.374710  0.000000;
7842561 -4.265981 -9.568569 -1.950057  0.000000;
7847645 -4.265981 -9.511148 -2.900771  0.000000;
7852813 -4.700832 -9.568569 -1.782217  0.000000;
7857979 -4.700832 -9.762966 -2.114728  0.000000;
7863134 -4.700832 -9.762966 -2.429936  0.000000;
7868257 -4.300075 -9.568569 -3.463307  0.000000;
7873282 -4.168484 -9.448342 -3.006126  0.000000;
7878409 -4.181045 -9.568569 -1.182942  0.000000;
7883542 -4.181045 -9.772537 -2.327385  0.000000;
7888660 -4.181045 -9.772537 -1.709776  0.000000;
7893824 -3.872402 -9.570364 -2.077806  0.000000;
7898837 -3.736623 -9.570364 -1.147864  0.000000;
7903845 -3.624770 -9.652908 -4.288762  0.000000;
7908920 -3.624770 -9.875418 -0.038720  0.000000;
7914010 -3.624770 -9.875418 -1.348958  0.000000;
7919189 -2.643813 -9.875418 -0.699430  0.000000;
7924313 -2.577419 -9.832351 -0.961426  0.000000;
7929364 -2.439846 -9.736648 -0.570681  0.000000;
7934455 -2.439846 -9.875418 -1.499279  0.000000;
7939620 -2.439846 -9.896353 -0.510390  0.000000;
7944719 -2.094119 -9.896353 -0.721898  0.000000;
7949771 -1.949368 -9.875418  0.803645  0.000000;
7954856 -1.887161 -9.736648  3.483992  0.000000;
7959867 -1.887161 -9.835342  7.192575  0.000000;
7964872 -1.887161 -9.896353  11.212482  0.000000;
7969977 -1.804617 -9.896353  7.691513  0.000000;
7975145 -0.552700 -9.896353  9.172117  0.000000;
7980248 -0.128616 -10.216958  2.983799  0.000000;
7985268 -0.128616 -10.642837  1.137412  0.000000;
7990394 -0.128616 -10.642837  2.688740  0.000000;
7995444  2.149716 -10.316250  4.840672  0.000000;
8000487  2.911154 -10.316250  2.029652  0.000000;
8005505  3.002072 -10.527395 -0.197751  0.000000;
8010647  3.002072 -10.850991 -1.384518  0.000000;
8015781  3.002072 -10.850991 -0.242901  0.000000;
8020795  3.002072 -10.833047 -3.364761  0.000000;
8025967  3.002072 -10.527395 -4.183916  0.000000;
8031013  2.149716 -10.407168 -2.426317  0.000000;
8036141  1.978647 -10.833047 -4.020346  0.000000;
8041267  0.736899 -10.833047 -2.158563  0.000000;
8046364  0.736899 -10.407168 -2.554365  0.000000;
8051433  0.736899 -10.353335  0.207222  0.000000;
8056582 -1.420010 -9.804238 -1.625581  0.000000;
8061681 -3.155825 -9.995046 -0.900886  0.000000;
8066714 -4.133791 -9.995046 -2.210774  0.000000;
8071805 -4.133791 -9.804238  0.490363  0.000000;
8076927 -4.133791 -9.693582 -5.894309  0.000000;
8081963 -4.914968 -9.479446 -1.067718  0.000000;
8086986 -5.120131 -9.479446 -1.699903  0.000000;
8092010 -5.217629 -9.704946 -0.967099  0.000000;
8097099 -5.217629 -9.704946 -2.380972  0.000000;
8102347 -5.120131 -9.683413 -3.619412  0.000000;
8107477 -4.960427 -9.479446 -1.245558  0.000000;
8112485 -4.960427 -9.479446 -2.239164  0.000000;
8117516 -4.960427 -9.479446 -2.217334  0.000000;
8122548 -4.580007 -9.479446 -2.042153  0.000000;
8127656 -4.469948 -9.479446 -1.886268  0.000000;
8132752 -3.993227 -9.659487  0.417563  0.000000;
8137773 -3.993227 -9.659487 -1.546987  0.000000;
8142816 -3.993227 -9.659487 -3.603710  0.000000;
8147816 -3.343044 -9.659487 -1.704592  0.000000;
8152844 -3.308950 -9.659487  1.762225  0.000000;
8157871 -3.099001 -9.832351 -1.917488  0.000000;
8163008 -3.099001 -9.832351 -5.307662  0.000000;
8168241 -3.099001 -9.832351  0.144450  0.000000;
8173239 -2.633047 -9.832351 -1.508586  0.000000;
8178289 -2.189224 -9.832351  1.161321  0.000000;
8183406 -2.034304 -9.981289 -0.116393  0.000000;
8188552 -2.034304 -9.995645  2.357315  0.000000;
8193678 -2.034304 -9.995645  6.324015  0.000000;
8198778 -1.966714 -9.981289  7.356895  0.000000;
8203915 -1.512124 -9.863455  8.973155  0.000000;
8208929 -1.472048 -9.981289  6.788454  0.000000;
8213963 -1.472048 -10.002822  9.511456  0.000000;
8219092 -1.472048 -10.985574  4.554152  0.000000;
8224245  0.698618 -10.952078  5.582282  0.000000;
8229274  3.552365 -10.338980  5.704016  0.000000;
8234417  4.019516 -10.424514  6.550320  0.000000;
8239419  4.019516 -10.729568  2.553383  0.000000;
8244479  4.019516 -10.952078 -1.248805  0.000000;
8249483  4.367038 -10.952078 -1.983284  0.000000;
8254634  4.367038 -10.729568 -3.076856  0.000000;
8259744  3.235947 -10.668557 -3.467431  0.000000;
8264828  2.624643 -10.668557 -2.589372  0.000000;
8269963  1.442710 -10.668557 -2.182303  0.000000;
8275001  1.442710 -10.547134  0.657101  0.000000;
8280062  1.442710 -10.365298 -0.891855  0.000000;
8285154 -1.098208 -9.938223  0.709553  0.000000;
8290226 -3.011074 -9.938223  2.490720  0.000000;
8295293 -4.347329 -10.114675 -3.900780  0.000000;
8300455 -4.324599 -9.938223 -1.824950  0.000000;
8305492 -4.324599 -9.799453 -5.394912  0.000000;
8310666 -4.465761 -9.660684 -1.386479  0.000000;
8315785 -4.677505 -9.813809 -2.417685  0.000000;
8320823 -4.858742 -9.813809 -2.605634  0.000000;
8325964 -4.858742 -9.660684 -1.980829  0.000000;
8331064 -4.858742 -9.585317 -3.878521  0.000000;
8336108 -4.677505 -9.557803 -1.554039  0.000000;
8341162 -4.677505 -9.557803 -7.304560  0.000000;
8346220 -4.677505 -9.660684 -0.982834  0.000000;
8359178 -4.602736 -9.660684 -2.625561  0.000000;
8364189 -4.173269 -9.574551  0.574981  0.000000;
8369191 -3.896926 -9.557803 -7.259698  0.000000;
8375558 -3.896926 -9.660684 -1.283427  0.000000;
8380735 -3.896926 -9.689395 -3.326500  0.000000;
8386893 -3.671426 -9.660684 -1.464813  0.000000;
8391968 -3.338857 -9.557803 -3.810899  0.000000;
8398513 -3.000307 -9.547036 -2.010825  0.000000;
8404176 -3.000307 -9.629580 -0.782834  0.000000;
8410257 -3.000307 -9.660684  0.382577  0.000000;
8415380 -2.493081 -9.660684 -0.480378  0.000000;
8420755 -2.329788 -9.660684  0.808791  0.000000;
8426106 -2.179653 -10.191238 -0.691924  0.000000;
8435531 -2.179653 -10.248660  3.443349  0.000000;
8440609 -2.179653 -10.248660  24.743632  0.000000;
8447145 -1.610818 -10.231314  4.577469  0.000000;
8456972 -1.141274 -10.231314  3.356990  0.000000;
8462066  0.055014 -10.439468  17.689070  0.000000;
8468912  0.055014 -10.509451  3.349587  0.000000;
8475515  0.055014 -10.509451  4.428249  0.000000;
8480530  3.182114 -10.509451  6.420088  0.000000;
8485685  4.282700 -10.509451  0.250465  0.000000;
8490837  4.560837 -10.787588 -0.077292  0.000000;
8495861  3.838278 -10.816299 -2.367631  0.000000;
8500989  3.182114 -10.816299 -6.394304  0.000000;
8506078  3.182114 -10.787588 -4.030617  0.000000;
8511226  3.182114 -10.558499 -0.854317  0.000000;
8516358  2.005564 -10.438272 -1.150082  0.000000;
8521503  0.915146 -10.438272 -2.836327  0.000000;
8526530 -0.858352 -10.438272 -0.809716  0.000000;
8531629 -0.858352 -10.066226 -0.480690  0.000000;
8536709 -0.858352 -9.752798  0.337376  0.000000;
8541789 -3.483010 -9.788687 -0.428026  0.000000;
8546962 -4.804311 -9.815005 -0.762804  0.000000;
8552037 -5.405446 -9.815005  0.324027  0.000000;
8557098 -5.385109 -9.788687 -2.090997  0.000000;
8562264 -5.078261 -9.504568 -1.841519  0.000000;
8567356 -5.224209 -9.434585 -3.590907  0.000000;
8572472 -5.385109 -9.610440 -3.266409  0.000000;
8577495 -5.453896 -9.610440 -2.396079  0.000000;
8582629 -5.385109 -9.522512 -1.388322  0.000000;
8587943 -5.224209 -9.434585 -1.638219  0.000000;
8593158 -5.147048 -9.401687 -5.987513  0.000000;
8598178 -5.147048 -9.522512 -1.414729  0.000000;
8603284 -5.147048 -9.569168 -1.499120  0.000000;
8608300 -4.646401 -9.569168 -2.931142  0.000000;
8613515 -4.136782 -9.569168  0.879353  0.000000;
8618695 -4.035097 -9.522512 -1.683656  0.000000;
8623667 -4.035097 -9.522512 -1.823167  0.000000;
8628761 -4.035097 -9.757583  1.308299  0.000000;
8634018 -3.272463 -9.757583 -1.479815  0.000000;
8638946 -3.039785 -9.757583 -2.053295  0.000000;
8644070 -2.677309 -9.740835 -1.401082  0.000000;
8649264 -2.677309 -9.740835 -3.296087  0.000000;
8654282 -2.677309 -9.740835  0.479142  0.000000;
8659326 -2.609719 -9.740835  2.132819  0.000000;
8666434 -2.039089 -9.740835  0.414937  0.000000;
8671522 -2.012173 -10.032730 -0.790441  0.000000;
8676557 -2.012173 -10.032730  6.357861  0.000000;
8681737 -2.012173 -10.032730  8.163253  0.000000;
8686837 -1.834524 -9.927456  7.726278  0.000000;
8691878 -1.376345 -9.927456  8.282936  0.000000;
8697007 -0.169888 -10.105105  6.485249  0.000000;
8702135 -0.169888 -10.733157  6.544010  0.000000;
8707223 -0.169888 -10.796560  5.267056  0.000000;
8712366  2.504416 -10.733157  8.969641  0.000000;
8717506  3.579282 -10.306082  3.059493  0.000000;
8722584  4.002170 -10.674539  1.630017  0.000000;
8727705  4.002170 -10.733157 -0.744638  0.000000;
8732844  3.726425 -11.232009 -0.667403  0.000000;
8737942  3.726425 -10.826467 -2.690380  0.000000;
8743096  3.726425 -10.733157 -4.050161  0.000000;
8748145  2.504416 -10.674539 -3.655716  0.000000;
8753236  2.374619 -10.674539 -1.986618  0.000000;
8758375  1.771689 -10.674539 -1.427091  0.000000;
8763472  1.771689 -10.316250 -1.540491  0.000000;
8768600  1.771689 -9.956167  1.284115  0.000000;
8773676 -2.459585 -9.756387 -0.319609  0.000000;
8778730 -3.138479 -9.756387  0.974956  0.000000;
8783732 -3.675613 -9.794668 -0.443055  0.000000;
8788782 -3.675613 -9.756387 -3.405772  0.000000;
8793913 -3.675613 -9.675039 -2.035665  0.000000;
8799040 -4.106277 -9.668460 -3.391370  0.000000;
8804178 -4.223513 -9.668460 -0.734999  0.000000;
8809244 -4.460976 -9.668460 -2.287968  0.000000;
8814338 -4.460976 -9.613430 -1.772899  0.000000;
8819405 -4.460976 -9.432791 -1.538292  0.000000;
8824442 -4.345534 -9.570962 -2.664165  0.000000;
8829635 -4.345534 -9.613430 -1.355264  0.000000;
8834668 -4.345534 -9.628384 -3.044881  0.000000;
8839750 -4.106277 -9.628384 -2.921206  0.000000;
8844762 -3.768325 -9.628384 -2.654907  0.000000;
8849808 -3.738418 -9.613430 -0.297591  0.000000;
8854821 -3.738418 -9.613430 -2.335127  0.000000;
8859852 -3.738418 -9.647525 -0.106530  0.000000;
8864873 -3.447121 -9.647525 -2.092825  0.000000;
8870031 -3.020644 -9.647525  0.384849  0.000000;
8875043 -2.804116 -10.145779  0.206678  0.000000;
8880123 -2.804116 -10.145779 -4.028024  0.000000;
8885211 -2.804116 -10.145779  0.370108  0.000000;
8890293 -2.215542 -9.837136 -3.788772  0.000000;
8895403 -2.157522 -9.396902  0.776625  0.000000;
8900453 -1.850076 -9.836538 -3.693480  0.000000;
8905869 -1.891348 -9.837136 -0.701672  0.000000;
8910947 -1.891348 -10.242678  2.403880  0.000000;
8915991 -1.850076 -9.860464  4.019034  0.000000;
8921094 -1.769326 -9.837136  10.039512  0.000000;
8926107 -1.600051 -9.836538  8.422731  0.000000;
8931261 -1.600051 -9.836538  10.207759  0.000000;
8936377 -1.600051 -9.860464  4.659277  0.000000;
8941381 -0.760855 -9.860464  5.939132  0.000000;
8946394  1.580881 -9.860464  2.694531  0.000000;
8951522  3.520065 -10.512441  2.824536  0.000000;
8956581  3.207834 -10.512441  1.176627  0.000000;
8961803  3.011044 -10.512441 -0.890052  0.000000;
8966839  3.011044 -10.512441 -1.595245  0.000000;
8971950  3.011044 -10.512441 -2.943821  0.000000;
8977185  1.167563 -10.975405 -4.423080  0.000000;
8982266  1.048532 -10.975405 -2.214911  0.000000;
8987642  0.684262 -10.975405 -2.848905  0.000000;
8992806  0.684262 -10.409561 -2.385086  0.000000;
8997849  0.684262 -9.722891 -3.168282  0.000000;
9003004 -1.171182 -9.750405 -0.618178  0.000000;
9008077 -1.490591 -9.867044  2.661058  0.000000;
9013118 -2.911782 -9.867044 -1.607877  0.000000;
9018165 -2.911782 -9.750405 -0.270736  0.000000;
9023180 -2.911782 -9.603262 -1.291167  0.000000;
9028212 -4.297683 -9.387332 -2.727207  0.000000;
9033222 -4.441237 -9.737844 -1.175355  0.000000;
9038280 -4.623672 -9.737844 -1.443646  0.000000;
9043432 -4.623672 -9.621206 -3.315573  0.000000;
9048673 -4.441237 -9.605056 -0.541219  0.000000;
9053742 -4.297683 -9.529092 -1.646926  0.000000;
9058748 -4.422695 -9.556008 -4.718988  0.000000;
9063838 -4.422695 -9.621206 -1.351815  0.000000;
9068897 -4.297683 -9.621206 -2.047965  0.000000;
9073909 -4.211550 -9.556008 -1.132981  0.000000;
9078913 -3.657070 -9.529092 -4.566618  0.000000;
9083957 -3.657070 -9.597879 -2.719319  0.000000;
9088963 -3.657070 -9.621206  1.325327  0.000000;
9093977 -3.530263 -9.621206 -1.795310  0.000000;
9099143 -3.000307 -9.621206 -1.810566  0.000000;
9104216 -2.560073 -9.651113 -0.000796  0.000000;
9109313 -2.560073 -9.812612 -5.173057  0.000000;
9114425 -2.560073 -9.825772 -0.836642  0.000000;
9119587 -2.418911 -9.812612  0.272268  0.000000;
9124802 -2.108474 -9.812612  0.395364  0.000000;
9129895 -2.027725 -9.877810 -0.021373  0.000000;
9134956 -2.027725 -9.923269  0.407352  0.000000;
9140084 -2.027725 -9.923269  4.522714  0.000000;
9145158 -1.941592 -9.890969  6.484002  0.000000;
9150271 -1.800430 -9.890969  10.186898  0.000000;
9155377 -1.667642 -9.910708  7.320731  0.000000;
9160400 -1.667642 -9.928054  7.829552  0.000000;
9165498 -1.667642 -10.222341  6.960764  0.000000;
9170556 -0.144168 -10.222341  5.397651  0.000000;
9175654  2.238242 -10.222341  7.835064  0.000000;
9180750  3.030783 -10.412551  4.263951  0.000000;
9185794  3.030783 -10.669155  1.789399  0.000000;
9190925  3.030783 -10.829458  0.492065  0.000000;
9196022  3.863400 -10.829458 -0.696180  0.000000;
9201077  3.863400 -10.829458 -3.683114  0.000000;
9206210  3.365744 -10.669155 -2.496161  0.000000;
9211338  2.725730 -10.669155 -3.100403  0.000000;
9216474  2.057602 -10.669155 -4.258799  0.000000;
9221515  2.057602 -10.456216 -2.400607  0.000000;
9226637  2.057602 -10.412551 -1.349997  0.000000;
9231642 -0.708218 -10.242678 -1.075994  0.000000;
9236784 -1.216641 -10.242678 -0.898987  0.000000;
9241945 -2.373452 -10.242678 -1.143185  0.000000;
9247041 -2.373452 -9.955569  1.908677  0.000000;
9252100 -2.373452 -9.867642 -2.939862  0.000000;
9257149 -4.959231 -9.629580 -4.749207  0.000000;
9262233 -5.190713 -9.629580 -1.392601  0.000000;
9267250 -5.304958 -9.629580 -0.131127  0.000000;
9272438 -5.304958 -9.599673 -2.232761  0.000000;
9277491 -5.304958 -9.599673 -3.788363  0.000000;
9282539 -5.190713 -9.623599 -1.908077  0.000000;
9287548 -5.190713 -9.623599 -13.386011  0.000000;
9292548 -5.190713 -9.623599 -1.210630  0.000000;
9297608 -4.777395 -9.623599 -2.148737  0.000000;
9302682 -4.746291 -9.593093 -3.140669  0.000000;
9307843 -4.647597 -9.623599  1.376928  0.000000;
9313000 -4.647597 -9.670254 -2.961811  0.000000;
9317994 -4.647597 -9.670254 -3.309073  0.000000;
9323117 -4.086538 -9.670254 -1.275336  0.000000;
9328264 -3.459682 -9.651113  1.852330  0.000000;
9333328 -3.121133 -9.670254 -2.244029  0.000000;
9338369 -3.121133 -9.764761 -4.723501  0.000000;
9343405 -3.121133 -9.764761 -0.888168  0.000000;
9348405 -3.052346 -9.752798 -1.761083  0.000000;
9353457 -2.353713 -9.752798 -1.534054  0.000000;
9358596 -2.329189 -9.848501 -0.018641  0.000000;
9363750 -2.329189 -9.848501 -0.086609  0.000000;
9368936 -2.329189 -9.848501 -1.739298  0.000000;
9373975 -2.086343 -9.848501 -0.950855  0.000000;
9379125 -1.933218 -9.848501  0.718411  0.000000;
9384134 -1.787270 -9.911306  1.272072  0.000000;
9389171 -1.787270 -10.026748 -1.415803  0.000000;
9394172 -1.787270 -10.026748  0.553884  0.000000;
9399327 -1.533059 -9.934036  1.893022  0.000000;
9404488 -1.387710 -9.911306  7.510895  0.000000;
9409600 -1.359597 -9.871829  7.677006  0.000000;
9414665 -1.359597 -9.871829  7.931218  0.000000;
9419720 -1.359597 -9.934036  7.588057  0.000000;
9424844 -1.075479 -9.934036  8.362042  0.000000;
9429986  0.946848 -9.934036  5.179584  0.000000;
9435141  2.723337 -11.420425  6.456510  0.000000;
9440276  2.723337 -11.420425  6.357980  0.000000;
9445390  2.723337 -11.420425  7.084316  0.000000;
9450462  4.616464 -10.740334  0.856299  0.000000;
9455572  4.616464 -10.740334 -4.492750  0.000000;
9460573  4.254587 -10.842617 -1.030575  0.000000;
9465631  2.967978 -10.993350 -4.247403  0.000000;
9470727  2.596530 -10.993350 -2.868164  0.000000;
9475792  2.596530 -10.842617 -1.402239  0.000000;
9480867  2.596530 -10.525601 -1.298588  0.000000;
9485888  0.759031 -10.168508 -3.245789  0.000000;
9490964 -0.919363 -10.168508  0.002872  0.000000;
9496091 -2.022341 -10.388027  1.876776  0.000000;
9501170 -2.022341 -10.293521 -0.105245  0.000000;
9506241 -2.022341 -10.168508 -0.366091  0.000000;
9511274 -4.567446 -9.921475 -1.324652  0.000000;
9516445 -4.768423 -9.921475 -2.766991  0.000000;
9521617 -4.768423 -9.921475 -1.631962  0.000000;
9526717 -4.768423 -9.691787 -4.425494  0.000000;
9531721 -4.768423 -9.691787 -2.357921  0.000000;
9536876 -4.717580 -9.777322 -1.563257  0.000000;
9542019 -4.717580 -9.777322 -2.152483  0.000000;
9547042 -4.717580 -9.777322 -2.963073  0.000000;
9552087 -4.644607 -9.483035 -2.949940  0.000000;
9557183 -4.577614 -9.483035 -4.480523  0.000000;
9562261 -4.533950 -9.812014 -3.100481  0.000000;
9567387 -4.533950 -9.853884  0.321799  0.000000;
9572558 -4.533950 -9.853884 -2.727896  0.000000;
9577685 -4.093716 -9.814407 -1.485041  0.000000;
9582761 -3.395083 -9.812014 -2.218557  0.000000;
9587942 -3.081057 -9.625991 -1.896507  0.000000;
9593066 -3.081057 -9.625991 -2.725425  0.000000;
9598316 -3.081057 -9.688796 -1.898686  0.000000;
9603305 -3.023037 -9.688796 -1.710021  0.000000;
9608383 -2.695254 -9.688796  0.639578  0.000000;
9613499 -2.528970 -9.934634 -3.121314  0.000000;
9618555 -2.528970 -9.934634 -1.275876  0.000000;
9623567 -2.528970 -9.934634  0.378842  0.000000;
9628704 -2.236477 -9.890969  0.416190  0.000000;
9633878 -1.911685 -9.875418 -1.377570  0.000000;
9638962 -1.760354 -9.890969 -0.025174  0.000000;
9644032 -1.760354 -9.962149  0.398352  0.000000;
9649131 -1.760354 -9.962149 -0.565432  0.000000;
9654296 -1.542031 -9.898745  0.962399  0.000000;
9659456 -1.248940 -9.898745  0.683121  0.000000;
9664582 -1.216641 -9.904128  5.122173  0.000000;
9669621 -1.216641 -9.978897  5.716075  0.000000;
9674784 -1.216641 -9.991458  12.799651  0.000000;
9679915 -1.117349 -9.991458  6.471324  0.000000;
9685034 -1.092227 -9.991458  5.957384  0.000000;
9690157  0.614878 -10.458010  5.417744  0.000000;
9695284  0.614878 -10.513638  6.779058  0.000000;
9700426  0.614878 -10.642837  2.161255  0.000000;
9705585  2.259177 -10.513638  1.419324  0.000000;
9710765  3.189890 -10.458608 -1.741697  0.000000;
9715866  2.326169 -10.458010  1.193853  0.000000;
9720990  2.259177 -10.513638 -2.449515  0.000000;
9726133  1.930796 -10.513638 -2.278217  0.000000;
9731208  1.930796 -10.501675 -3.938964  0.000000;
9736356  1.930796 -10.458010 -4.503139  0.000000;
9741409  1.291977 -10.139797 -1.173404  0.000000;
9746555  0.583176 -10.139797  5.580606  0.000000;
9751610 -0.579019 -10.139797 -0.371177  0.000000;
9756636 -0.579019 -9.828164 -0.201849  0.000000;
9761741 -0.579019 -9.767153  0.475849  0.000000;
9766912 -3.906496 -9.743826 -1.345951  0.000000;
9772001 -3.906496 -9.743826 -1.855051  0.000000;
9777102 -4.105080 -9.805435 -1.266869  0.000000;
9782175 -3.906496 -9.743826 -3.095663  0.000000;
9787259 -3.906496 -9.666665 -0.770880  0.000000;
9792365 -4.096706 -9.665469 -3.274827  0.000000;
9797504 -4.158913 -9.665469 -1.732666  0.000000;
9802578 -4.158913 -9.743826 -0.249227  0.000000;
9807583 -4.096706 -9.743826 -2.455827  0.000000;
9812592 -3.998611 -9.665469 -1.390311  0.000000;
9817718 -3.720473 -9.609841 -2.009411  0.000000;
9822798 -3.720473 -9.609841 -1.540677  0.000000;
9827910 -3.720473 -9.698367 -1.040761  0.000000;
9833051 -3.567947 -9.698367 -5.248457  0.000000;
9838186 -3.183340 -9.698367 -1.459442  0.000000;
9843275 -3.107375 -9.647525 -0.431217  0.000000;
9848279 -3.107375 -9.686404 -1.283761  0.000000;
9853394 -3.107375 -9.686404  1.531212  0.000000;
9858520 -3.001504 -9.686404 -1.163638  0.000000;
9863544 -2.697646 -9.686404 -0.345583  0.000000;
9868700 -2.555886 -9.737246 -1.391577  0.000000;
9873874 -2.555886 -9.738442 -1.741734  0.000000;
9878959 -2.555886 -9.804837 -0.866564  0.000000;
9884156 -2.124624 -9.797659 -1.806441  0.000000;
9889242 -1.904507 -9.797659  0.496532  0.000000;
9894288 -1.747793 -9.826968 -1.845914  0.000000;
9899434 -1.747793 -9.957363  0.275045  0.000000;
9904508 -1.747793 -9.957363  1.050151  0.000000;
9909559 -1.483413 -9.927456  0.162057  0.000000;
9914767 -1.420010 -9.912503  4.914193  0.000000;
9919876 -1.305166 -9.826968  4.443700  0.000000;
9924990 -1.305166 -9.927456  10.501576  0.000000;
9930125 -1.305166 -9.982485  6.550237  0.000000;
9935302 -1.225613 -9.982485  10.342350  0.000000;
9940450  0.140549 -9.982485  3.991363  0.000000;
9945567  1.364951 -10.704446  6.685089  0.000000;
9950667  1.364951 -10.704446  4.257052  0.000000;
9955774  1.364951 -10.704446  1.530992  0.000000;
9960821  3.497934 -10.696072  3.058993  0.000000;
9965995  3.954916 -10.696072 -0.856631  0.000000;
9971100  3.497934 -10.800149 -1.498826  0.000000;
9976181  2.816049 -10.822878 -1.725998  0.000000;
9983622  2.468527 -10.822878 -5.169813  0.000000;
9988801  2.468527 -10.800149 -0.092737  0.000000;
9994232  2.468527 -10.418533 -0.447763  0.000000;
9999400  0.728525 -10.029141 -1.961134  0.000000;
10004936 -0.798538 -10.029141 -1.526047  0.000000;
