389702  0.000000  0.000000  0.000000;
396058  0.000000  0.000000  0.000000;
401179  0.000000  0.000000  0.000000;
406224  0.000000  0.000000  0.000000;
411271  0.000000  0.000000  0.000000;
416323  0.000000  0.000000  0.000000;
421415  0.000000  0.000000  0.000000;
426481  1.500000  0.000000  0.000000;
431486  1.500000  0.000000  0.015596;
436634  1.500000  0.046806  0.045234;
441701  1.500000  0.088903  0.103056;
446866  1.500000  0.173549  0.155133;
451922  1.500000  0.249639  0.233045;
457001  1.500000  0.318045  0.303129;
462014  1.500000  0.394785  0.396867;
467061  1.500000  0.479554  0.481428;
472171  1.500000  0.571876  0.573563;
477292  1.500000  0.654882  0.656373;
482376  1.500000  0.729616  0.730985;
487559  1.500000  0.796074  0.828289;
492609  1.500000  0.855997  0.884990;
497790  1.500000  0.894669  0.936296;
502952  1.500000  0.976516  0.982833;
508044  1.500000  1.019170  1.008846;
513158  1.500000  1.056838  1.048017;
518254  1.500000  1.106648  1.083132;
523407  1.500000  1.136233  1.099510;
528442  1.500000  1.162609  1.114003;
533550  1.500000  1.171015  1.142852;
538579  1.500000  1.194191  1.153258;
543668  1.500000  1.199487  1.178238;
548707  1.500000  1.204354  1.185229;
553733  1.500000  1.208634  1.191422;
558736  1.500000  1.212018  1.196527;
563845  1.500000  1.215113  1.216735;
569051  1.500000  1.218070  1.235061;
574131  1.500000  1.205346  1.236197;
579251  1.500000  1.209182  1.221401;
584308  1.500000  1.197412  1.224002;
589358  1.500000  1.186473  1.210447;
594384  1.500000  1.192369  1.213896;
599499  1.500000  1.182107  1.201503;
604710  1.500000  1.172936  1.190392;
609798  1.500000  1.164316  1.180005;
614863  1.500000  1.157054  1.171196;
619956  1.500000  1.134904  1.163246;
624997  1.500000  1.130475  1.155961;
630018  1.500000  1.142143  1.165106;
635111  1.500000  1.137055  1.141799;
640333  1.500000  1.132002  1.152211;
645548  1.500000  1.127820  1.146008;
650627  1.500000  1.108556  1.124926;
655669  1.500000  1.106611  1.105785;
660828  1.500000  1.104537  1.103773;
665985  1.500000  1.087398  1.086747;
671004  1.500000  1.086946  1.086339;
676243  1.500000  1.071198  1.086143;
681391  1.500000  1.057486  1.070917;
686480  1.500000  1.060690  1.057214;
691494  1.500000  1.048158  1.045048;
696530  1.500000  1.036620  1.033839;
701693  1.500000  1.026532  1.008418;
706835  1.500000  1.017360  1.001058;
711848  1.500000  1.009013  1.009905;
716890  1.500000  1.001058  1.001861;
721955  1.500000  1.009134  0.994402;
727006  1.500000  1.016851  0.988074;
732136  1.500000  1.008076  0.997661;
737285  1.500000  1.000824  0.975858;
742459  1.500000  0.993779  0.971329;
747632  1.500000  0.987920  0.983257;
752690  1.500000  0.982535  0.978339;
757768  1.500000  0.977615  0.973838;
762863  1.500000  0.988958  0.969973;
767980  1.500000  0.983488  0.966401;
773081  1.500000  0.978306  0.962928;
778257  1.500000  0.958145  0.959839;
783340  1.500000  0.955682  0.972765;
788354  1.500000  0.953577  0.968970;
793388  1.500000  0.951737  0.981156;
798521  1.500000  0.949915  0.960833;
803609  1.500000  0.963748  0.958028;
808689  1.500000  0.960836  0.955688;
813925  1.500000  0.957772  0.968664;
818941  1.500000  0.970219  0.964543;
823986  1.500000  0.966660  0.961570;
829078  1.500000  0.963438  0.958838;
834198  1.500000  0.960298  0.956158;
839227  1.500000  0.973135  0.953857;
844379  1.500000  0.968750  0.951400;
849472  1.500000  0.964858  0.964719;
854529  1.500000  0.961613  0.961524;
859588  1.500000  0.958711  0.958613;
864689  1.500000  0.956303  0.956214;
869823  1.500000  0.954117  0.969611;
874947  1.500000  0.952112  0.966057;
880027  1.500000  0.950142  0.978254;
885141  1.500000  0.948387  0.989231;
890340  1.500000  0.962609  0.983789;
895453  1.500000  0.959848  0.978910;
900610  1.500000  0.957178  0.989886;
905616  1.500000  0.970478  0.984323;
910627  1.500000  0.982449  0.978984;
915818  1.500000  0.977224  0.990039;
920870  1.500000  0.972983  0.984516;
925982  1.500000  0.984789  0.979565;
930988  1.500000  0.978964  0.989705;
936050  1.500000  0.989827  0.983975;
941225  1.500000  0.984067  0.978506;
946412  1.500000  0.977663  0.988328;
951482  1.500000  0.973267  0.982865;
956550  1.500000  0.969199  0.977838;
961627  1.500000  0.965428  0.973221;
966748  1.500000  0.973685  0.980002;
971843  1.500000  0.969668  0.975335;
977013  1.500000  0.966276  0.986993;
982133  1.500000  0.978796  0.981831;
987217  1.500000  0.974342  0.992644;
992260  1.500000  0.985840  0.986750;
997357  1.500000  0.980718  0.981537;
1002386  1.500000  0.975777  0.976514;
1007422  1.500000  0.956069  0.972307;
1012464  1.500000  0.969286  0.968354;
1017615  1.500000  0.965876  0.980623;
1022662  1.500000  0.962733  0.976005;
1027863  1.500000  0.959811  0.971775;
1032771  1.500000  0.957422  0.968171;
1037945  1.500000  0.954939  0.964613;
1043031  1.500000  0.952705  0.976954;
1048061  1.500000  0.950934  0.988342;
1053102  1.500000  0.964514  0.982656;
1058343  1.500000  0.961488  0.977816;
1063391  1.500000  0.958506  0.988708;
1068485  1.500000  0.956211  0.983430;
1073584  1.500000  0.954071  0.978531;
1078781  1.500000  0.951831  0.973864;
1083919  1.500000  0.965602  0.985431;
1088924  1.500000  0.978146  0.980424;
1094029  1.500000  0.973906  0.975937;
1099082  1.500000  0.969700  0.987039;
1104167  1.500000  0.981813  0.981853;
1109312  1.500000  0.977225  0.977260;
1114326  1.500000  0.988672  0.988704;
1119399  1.500000  0.982678  0.998164;
1124521  1.500000  0.977817  0.991774;
1129664  1.500000  0.973628  1.001788;
1134727  1.500000  0.969914  0.995257;
1139808  1.500000  0.966237  0.989028;
1144919  1.500000  0.962836  0.983366;
1150021  1.500000  0.959978  0.978473;
1155113  1.500000  0.957129  0.973756;
1160225  1.500000  0.955027  0.969992;
1165311  1.500000  0.953117  0.966585;
1170501  1.500000  0.951028  0.978686;
1175540  1.500000  0.948963  0.973856;
1180644  1.500000  0.962719  0.969582;
1185808  1.500000  0.959798  0.981556;
1191034  1.500000  0.957393  0.976974;
1196179  1.500000  0.954986  0.988144;
1201231  1.500000  0.953062  0.982922;
1206375  1.500000  0.951330  0.978204;
1211503  1.500000  0.965258  0.989445;
1216604  1.500000  0.962195  0.983963;
1221664  1.500000  0.959143  0.978715;
1226710  1.500000  0.956840  0.990079;
1231865  1.500000  0.954711  0.984626;
1236876  1.500000  0.968150  0.979497;
1241927  1.500000  0.964835  0.990652;
1247090  1.500000  0.961944  0.985179;
1252195  1.500000  0.959324  0.995831;
1257243  1.500000  0.956965  0.989822;
1262343  1.500000  0.969493  0.983603;
1267345  1.500000  0.965914  0.994175;
1272425  1.500000  0.962693  0.988109;
1277446  1.500000  0.959923  0.982835;
1282550  1.500000  0.957505  1.009292;
1287706  1.500000  0.955198  1.001807;
1292741  1.500000  0.968546  1.010472;
1297914  1.500000  0.965043  1.002776;
1303855  1.500000  0.961909  1.011452;
1309461  1.500000  0.912283  0.956844;
1314590  1.500000  0.914332  0.954493;
1319774  1.500000  0.931701  0.967825;
1324871  1.500000  0.931809  0.964338;
1329985  1.500000  0.931980  0.976815;
1335005  1.500000  0.932189  0.972540;
1340030  1.500000  0.947536  0.983831;
1345075  1.500000  0.946245  0.978929;
1350129  1.500000  0.945046  0.990033;
1355294  1.500000  0.944060  0.999703;
1360421  1.500000  0.957033  1.007532;
1365654  1.500000  0.968142  0.993479;
1370676  1.500000  0.980087  1.002912;
1375745  1.500000  0.990196  0.995275;
1380865  1.500000  0.984695  1.004852;
1386035  1.500000  0.979706  1.013428;
1391140  1.500000  0.989981  1.004867;
1396208  1.500000  0.984520  0.997936;
1401354  1.500000  0.979235  1.022365;
1406421  1.500000  0.974830  1.029233;
1411488  1.500000  0.986538  1.019921;
1416521  1.500000  0.981421  1.011447;
1421614  1.500000  0.976502  1.003525;
1426632  1.500000  0.987978  1.012299;
1431699  1.500000  0.982773  1.004662;
1436747  1.500000  0.993687  0.997788;
1441764  1.500000  0.986863  1.005957;
1446795  1.500000  0.981547  0.998750;
1451912  1.500000  0.976929  0.992412;
1456993  1.500000  0.972829  0.986763;
1462144  1.500000  0.968972  0.981513;
1467191  1.500000  0.965574  0.992444;
1472258  1.500000  0.962424  0.986626;
1477276  1.500000  0.959626  0.996960;
1482329  1.500000  0.972660  0.990671;
1487341  1.500000  0.968285  0.999999;
1492355  1.500000  0.964513  1.008565;
1497485  1.500000  0.961525  1.001171;
1502535  1.500000  0.958909  0.994591;
1507712  1.500000  0.956555  1.004258;
1512850  1.500000  0.954474  1.013002;
1517964  1.500000  0.952582  1.005257;
1523124  1.500000  0.950860  1.013858;
1528150  1.500000  0.964555  0.990173;
1533310  1.500000  0.961544  1.015748;
1538442  1.500000  0.958926  1.007691;
1543468  1.500000  0.972117  1.000441;
1548590  1.500000  0.968386  1.009436;
1553617  1.500000  0.979921  1.001403;
1558789  1.500000  0.975448  0.994799;
1563871  1.500000  0.971125  0.988523;
1568912  1.500000  0.983009  0.998667;
1574033  1.500000  0.978282  0.992375;
1579177  1.500000  0.974028  0.986711;
1584345  1.500000  0.970255  0.981670;
1589370  1.500000  0.966581  0.992392;
1594428  1.500000  0.963238  0.986486;
1599496  1.500000  0.960451  0.981374;
1604599  1.500000  0.957776  0.976625;
1609740  1.500000  0.955554  0.988089;
1614985  1.500000  0.953276  0.982558;
1620127  1.500000  0.951541  0.977895;
1625343  1.500000  0.949683  0.973401;
1630460  1.500000  0.948233  0.985166;
1635652  1.500000  0.946614  0.979853;
1640792  1.500000  0.960906  0.990800;
1645874  1.500000  0.958001  0.984924;
1651011  1.500000  0.955349  0.979580;
1656132  1.500000  0.953388  0.990813;
1661178  1.500000  0.951235  0.984881;
1666435  1.500000  0.964935  0.995238;
1671463  1.500000  0.961572  0.988844;
1676554  1.500000  0.958878  0.983441;
1681558  1.500000  0.956304  0.993943;
1686603  1.500000  0.985192  0.987937;
1691671  1.500000  0.980080  0.982550;
1696762  1.500000  0.975368  0.977592;
1701847  1.500000  0.971294  0.973295;
1707029  1.500000  0.966892  0.984147;
1712076  1.500000  0.963517  0.979047;
1717202  1.500000  0.975326  0.973833;
1722305  1.500000  0.971108  0.985317;
1727349  1.500000  0.967367  0.980155;
1732426  1.500000  0.964075  0.991158;
1737550  1.500000  0.961019  1.000952;
1742701  1.500000  0.973913  0.994283;
1747804  1.500000  0.969763  0.988114;
1752916  1.500000  0.966212  0.998277;
1757931  1.500000  0.962943  0.991820;
1763046  1.500000  0.975667  0.986082;
1768058  1.500000  0.986218  0.995570;
1773063  1.500000  0.981021  0.989439;
1778214  1.500000  0.991657  0.983717;
1783267  1.500000  0.985843  0.994256;
1788383  1.500000  0.980481  0.988052;
1793492  1.500000  0.975896  0.982691;
1798496  1.500000  0.987195  0.977755;
1803595  1.500000  0.981624  0.988653;
1808865  1.500000  0.976906  0.998806;
1813942  1.500000  0.972382  0.992092;
1818989  1.500000  0.968219  0.985958;
1824021  1.500000  0.964619  0.980585;
1829128  1.500000  0.976960  0.975804;
1834247  1.500000  0.972523  0.971464;
1839361  1.500000  0.968752  0.967799;
1844577  1.500000  0.965247  0.964389;
1849725  1.500000  0.962092  0.961321;
1854761  1.500000  0.958848  0.942674;
1859841  1.500000  0.956389  0.957382;
1864960  1.500000  0.954194  0.955106;
1870122  1.500000  0.952145  0.952966;
1875170  1.500000  0.950393  0.951132;
1880229  1.500000  0.948521  0.964692;
1885277  1.500000  0.947131  0.961704;
1890466  1.500000  0.945899  0.959015;
1895537  1.500000  0.958500  0.970304;
1900688  1.500000  0.955633  0.966257;
1905723  1.500000  0.953200  0.978261;
1910976  1.500000  0.963314  1.000705;
1916033  1.500000  0.976109  0.994152;
1921215  1.500000  0.987668  1.003950;
1926293  1.500000  1.013001  1.012121;
1931379  1.500000  1.005201  1.004409;
1936485  1.500000  0.998162  0.997449;
1941616  1.500000  0.991920  0.991278;
1946773  1.500000  0.986302  0.985725;
1951790  1.500000  0.981153  0.980633;
1956823  1.500000  0.976630  0.976163;
1961977  1.500000  0.972467  0.972065;
1967016  1.500000  0.968516  0.968136;
1972266  1.500000  0.964961  0.980146;
1977399  1.500000  0.977526  0.991215;
1982499  1.500000  0.973033  0.985353;
1987580  1.500000  0.969211  0.980280;
1992788  1.500000  0.965864  0.975845;
1997789  1.500000  0.962463  0.986998;
2002949  1.500000  0.959420  0.997015;
