391133  0.000000  0.000000  0.000000;
397170  0.000000  0.000000  0.000000;
406156  0.000000  0.000000  0.000000;
411293  0.000000  0.000000  0.000000;
416347  0.000000  0.000000  0.000000;
421452  0.000000  0.000000  0.000000;
426495  0.000000  0.000000  0.000000;
431548  1.500000  0.000000  0.000000;
436746  1.500000  0.000000  0.015586;
441905  1.500000  0.046685  0.060713;
446998  1.500000  0.088692  0.132235;
452003  1.500000  0.157248  0.181110;
457151  1.500000  0.250563  0.240885;
462249  1.500000  0.334395  0.325663;
467314  1.500000  0.409974  0.402115;
472410  1.500000  0.493273  0.486200;
477569  1.500000  0.583558  0.592736;
482738  1.500000  0.634134  0.673462;
487807  1.500000  0.725571  0.760996;
492985  1.500000  0.884889  0.912073;
498118  1.500000  0.884889  0.912073;
503407  1.500000  1.026893  1.064379;
508616  1.500000  1.080160  1.113373;
513615  1.500000  1.142883  1.173350;
518642  1.500000  1.198494  1.225881;
523719  1.500000  1.234416  1.274641;
528748  1.500000  1.296831  1.317579;
533830  1.500000  1.354073  1.388324;
538948  1.500000  1.390184  1.420975;
544101  1.500000  1.437943  1.450158;
549191  1.500000  1.450043  1.475982;
554256  1.500000  1.506146  1.499190;
559377  1.500000  1.494951  1.504152;
564502  1.500000  1.470196  1.494098;
569698  1.500000  1.462817  1.468788;
574913  1.500000  1.456618  1.446427;
580096  1.500000  1.450956  1.441784;
585223  1.500000  1.430403  1.437716;
590315  1.500000  1.411048  1.433090;
595337  1.500000  1.379026  1.414448;
600422  1.500000  1.380516  1.412395;
605585  1.500000  1.351525  1.395797;
610815  1.500000  1.355573  1.379951;
615893  1.500000  1.359326  1.412223;
620912  1.500000  1.363587  1.411167;
625992  1.500000  1.367284  1.410106;
631056  1.500000  1.370361  1.408901;
636145  1.500000  1.388849  1.408011;
641150  1.500000  1.374089  1.422365;
646365  1.500000  1.376514  1.404401;
651494  1.500000  1.394602  1.404155;
656716  1.500000  1.379784  1.403961;
661840  1.500000  1.381777  1.403537;
666980  1.500000  1.368316  1.387899;
672156  1.500000  1.371318  1.388943;
677285  1.500000  1.374296  1.390159;
682354  1.500000  1.377033  1.422457;
687446  1.500000  1.363947  1.420378;
692498  1.500000  1.367746  1.449688;
697667  1.500000  1.371110  1.444886;
702821  1.500000  1.374165  1.440536;
707932  1.500000  1.376943  1.436732;
713132  1.500000  1.379498  1.433280;
718252  1.500000  1.396276  1.444650;
723355  1.500000  1.380871  1.439963;
728403  1.500000  1.382645  1.435828;
733503  1.500000  1.384353  1.432217;
738662  1.500000  1.370140  1.444274;
743823  1.500000  1.373320  1.455587;
748890  1.500000  1.376016  1.450055;
753952  1.500000  1.362809  1.460543;
758958  1.500000  1.366611  1.469860;
763972  1.500000  1.369811  1.478583;
769124  1.500000  1.403704  1.470531;
774300  1.500000  1.402863  1.478480;
779475  1.500000  1.387169  1.470826;
784643  1.500000  1.387515  1.478258;
789750  1.500000  1.372913  1.470100;
794918  1.500000  1.360041  1.463062;
799941  1.500000  1.364231  1.472496;
805046  1.500000  1.366762  1.464228;
810127  1.500000  1.369947  1.473206;
815165  1.500000  1.372125  1.480492;
820584  1.500000  1.373539  1.471096;
825647  1.500000  1.376435  1.464236;
830704  1.500000  1.378763  1.457785;
835809  1.500000  1.380831  1.451951;
840833  1.500000  1.382251  1.446230;
845949  1.500000  1.368544  1.488421;
850991  1.500000  1.371578  1.479441;
856160  1.500000  1.374281  1.471385;
861272  1.500000  1.376714  1.464080;
866393  1.500000  1.394722  1.457811;
871453  1.500000  1.395111  1.467400;
876531  1.500000  1.380068  1.460715;
881597  1.500000  1.366309  1.454422;
886728  1.500000  1.369594  1.479955;
891780  1.500000  1.357203  1.472126;
896901  1.500000  1.361454  1.464885;
902081  1.500000  1.364866  1.473430;
907100  1.500000  1.399287  1.481488;
912185  1.500000  1.399553  1.473533;
917193  1.500000  1.414234  1.480786;
922358  1.500000  1.412921  1.488417;
927359  1.500000  1.411629  1.479575;
932540  1.500000  1.394566  1.471230;
937555  1.500000  1.395053  1.448502;
942608  1.500000  1.395078  1.443181;
947754  1.500000  1.395072  1.453805;
952769  1.500000  1.395648  1.448563;
957792  1.500000  1.395944  1.459077;
962941  1.500000  1.396294  1.437589;
968116  1.500000  1.396498  1.418102;
973254  1.500000  1.381465  1.400933;
978360  1.500000  1.367862  1.385383;
983520  1.500000  1.373344  1.371983;
988564  1.500000  1.360577  1.374923;
993603  1.500000  1.364769  1.377681;
998719  1.500000  1.352711  1.395406;
1003797  1.500000  1.342131  1.396171;
1009046  1.500000  1.378455  1.411556;
1014109  1.500000  1.396473  1.426296;
1019268  1.500000  1.396136  1.453934;
1024281  1.500000  1.396883  1.448874;
1030135  1.500000  1.412997  1.459449;
1035205  1.500000  1.442032  1.453199;
1040244  1.500000  1.422470  1.463651;
1045299  1.500000  1.420195  1.457285;
1050415  1.500000  1.402892  1.436273;
1055460  1.500000  1.417208  1.431791;
1060482  1.500000  1.399981  1.444228;
1065716  1.500000  1.384773  1.424596;
1070869  1.500000  1.386490  1.406310;
1075984  1.500000  1.371892  1.405706;
1081145  1.500000  1.359419  1.389851;
1086241  1.500000  1.363144  1.390562;
1091396  1.500000  1.366003  1.390678;
1096539  1.500000  1.385112  1.391749;
1101571  1.500000  1.385773  1.422674;
1106617  1.500000  1.371370  1.420102;
1111747  1.500000  1.373543  1.417402;
1116808  1.500000  1.360337  1.415302;
1121984  1.500000  1.364359  1.413827;
1127093  1.500000  1.383632  1.412582;
1132303  1.500000  1.385241  1.411324;
1137487  1.500000  1.386744  1.410191;
1142799  1.500000  1.388292  1.409422;
1147821  1.500000  1.388882  1.423360;
1152992  1.500000  1.374611  1.405665;
1158049  1.500000  1.377150  1.405099;
1163068  1.500000  1.379324  1.404450;
1168118  1.500000  1.381557  1.388597;
1173288  1.500000  1.399049  1.389848;
1178412  1.500000  1.383613  1.390863;
1183563  1.500000  1.385224  1.376221;
1188663  1.500000  1.386729  1.378598;
1193692  1.500000  1.387476  1.364692;
1198836  1.500000  1.373000  1.368001;
1204067  1.500000  1.375644  1.371173;
1209119  1.500000  1.362106  1.389058;
1214278  1.500000  1.381389  1.374547;
1219401  1.500000  1.367793  1.392802;
1224476  1.500000  1.371097  1.393577;
1229558  1.500000  1.373215  1.393064;
1234804  1.500000  1.375727  1.394007;
1239838  1.500000  1.378154  1.394578;
1244938  1.500000  1.395647  1.394899;
1249968  1.500000  1.380502  1.395408;
1255095  1.500000  1.382286  1.395701;
1260206  1.500000  1.368255  1.380329;
1265342  1.500000  1.371651  1.398098;
1270387  1.500000  1.373304  1.397106;
1275510  1.500000  1.360566  1.428676;
1280663  1.500000  1.364647  1.425974;
1285681  1.500000  1.367795  1.438471;
1290687  1.500000  1.369398  1.448383;
1295706  1.500000  1.372264  1.458884;
1300724  1.500000  1.374954  1.452940;
1305817  1.500000  1.362051  1.447121;
1310967  1.500000  1.364391  1.457076;
1316162  1.500000  1.367510  1.466462;
1321203  1.500000  1.370897  1.459927;
1326291  1.500000  1.373669  1.453795;
1331450  1.500000  1.376191  1.448332;
1336526  1.500000  1.377635  1.457983;
1341559  1.500000  1.409670  1.450730;
1346780  1.500000  1.422673  1.444639;
1351850  1.500000  1.419825  1.439594;
1357039  1.500000  1.418065  1.435829;
1362043  1.500000  1.416369  1.447956;
1367137  1.500000  1.414898  1.427777;
1372246  1.500000  1.398050  1.440740;
1377314  1.500000  1.396954  1.435374;
1382385  1.500000  1.397369  1.416404;
1387406  1.500000  1.381536  1.414129;
1392482  1.500000  1.383355  1.412688;
1397632  1.500000  1.368534  1.410400;
1402803  1.500000  1.355707  1.393362;
1407830  1.500000  1.359942  1.409396;
1412980  1.500000  1.363892  1.408401;
1418109  1.500000  1.366923  1.406981;
1423197  1.500000  1.369898  1.405923;
1428294  1.500000  1.373075  1.421102;
1433418  1.500000  1.406337  1.418549;
1438620  1.500000  1.404928  1.400808;
1443678  1.500000  1.404574  1.385295;
1448699  1.500000  1.388807  1.371457;
1453874  1.500000  1.390037  1.358854;
1458923  1.500000  1.375527  1.363024;
1464145  1.500000  1.377339  1.350601;
1469283  1.500000  1.379716  1.355652;
1475627  1.500000  1.366485  1.344827;
1480739  1.500000  1.354453  1.319363;
1485749  1.500000  1.359035  1.343043;
1490917  1.500000  1.362744  1.348324;
1495954  1.500000  1.366442  1.369047;
1501111  1.500000  1.369964  1.387882;
1506262  1.500000  1.373189  1.389288;
1511458  1.500000  1.374934  1.404904;
1516601  1.500000  1.377412  1.404386;
1521828  1.500000  1.379893  1.388589;
1526951  1.500000  1.397243  1.373977;
1531921  1.500000  1.412951  1.392042;
1536960  1.500000  1.426628  1.392285;
1542040  1.500000  1.408582  1.377674;
1547185  1.500000  1.423341  1.364400;
1552240  1.500000  1.404960  1.351913;
1557337  1.500000  1.404602  1.356888;
1562551  1.500000  1.388883  1.345940;
1567445  1.500000  1.374710  1.336062;
1572605  1.500000  1.376139  1.325922;
1577863  1.500000  1.362944  1.348854;
1583088  1.500000  1.351267  1.354162;
1588229  1.500000  1.356334  1.374517;
1593455  1.500000  1.360895  1.377260;
1598508  1.500000  1.379533  1.394261;
1603554  1.500000  1.381718  1.394974;
1608756  1.500000  1.383104  1.395006;
1613878  1.500000  1.400195  1.426481;
1619078  1.500000  1.400341  1.423999;
1624182  1.500000  1.415832  1.405994;
1629346  1.500000  1.398373  1.405062;
1634529  1.500000  1.383005  1.404584;
1639556  1.500000  1.384648  1.404069;
1644563  1.500000  1.386378  1.403856;
1649740  1.500000  1.372332  1.388063;
1655168  1.500000  1.358881  1.388512;
1660181  1.500000  1.378456  1.374031;
1665189  1.500000  1.379509  1.375527;
1670192  1.500000  1.397145  1.409119;
1675268  1.500000  1.397264  1.423578;
1680322  1.500000  1.381981  1.405664;
1685420  1.500000  1.384005  1.405292;
1690481  1.500000  1.369338  1.403963;
1695500  1.500000  1.372570  1.388159;
1700607  1.500000  1.359413  1.404498;
1705745  1.500000  1.363666  1.419820;
1711031  1.500000  1.367271  1.417810;
1716110  1.500000  1.355013  1.415752;
1721163  1.500000  1.358548  1.444478;
1726290  1.500000  1.362859  1.440196;
1731325  1.500000  1.366767  1.436371;
1736433  1.500000  1.369813  1.447981;
1741623  1.500000  1.403375  1.468413;
1746657  1.500000  1.402871  1.476911;
1751674  1.500000  1.402667  1.469331;
1757101  1.500000  1.401875  1.461873;
1762083  1.500000  1.401107  1.455105;
1767217  1.500000  1.385737  1.449928;
1772239  1.500000  1.387552  1.429281;
1777290  1.500000  1.388603  1.426658;
1782422  1.500000  1.374384  1.424214;
1787518  1.500000  1.392655  1.406360;
1792613  1.500000  1.378155  1.406085;
1797788  1.500000  1.411247  1.389773;
1802912  1.500000  1.394888  1.391185;
1808110  1.500000  1.411016  1.376535;
1813118  1.500000  1.394482  1.379020;
1818280  1.500000  1.410867  1.381340;
1823403  1.500000  1.393978  1.413978;
1828454  1.500000  1.378951  1.396951;
1836826  1.500000  1.364643  1.380843;
1843865  1.500000  1.315694  1.313369;
1849093  1.500000  1.307712  1.305619;
1854216  1.500000  1.332589  1.330767;
1859302  1.500000  1.369866  1.352723;
1864306  1.500000  1.403923  1.372914;
1869381  1.500000  1.419055  1.406733;
1874458  1.500000  1.416817  1.405728;
1879578  1.500000  1.430721  1.420741;
1884734  1.500000  1.427843  1.418861;
1889858  1.500000  1.440645  1.417002;
1894909  1.500000  1.436221  1.414914;
1900030  1.500000  1.417191  1.429194;
1905135  1.500000  1.446718  1.426413;
1910297  1.500000  1.442240  1.423938;
1915430  1.500000  1.437850  1.421378;
1920451  1.500000  1.432855  1.433421;
1925518  1.500000  1.429597  1.414597;
1930679  1.500000  1.426831  1.413304;
1935867  1.500000  1.424175  1.396417;
1940893  1.500000  1.421178  1.396223;
1945973  1.500000  1.403553  1.381094;
1951154  1.500000  1.387963  1.383346;
1956298  1.500000  1.373562  1.384928;
1961403  1.500000  1.360749  1.370978;
1966769  1.500000  1.364757  1.373991;
1971926  1.500000  1.352602  1.360913;
1977102  1.500000  1.357148  1.364600;
1982230  1.500000  1.361073  1.398811;
1987372  1.500000  1.379572  1.398075;
1992374  1.500000  1.381503  1.413700;
1997505  1.500000  1.383270  1.412246;
2002707  1.500000  1.368481  1.394560;
