377733  0.000000  0.000000  0.000000;
383720  0.000000  0.000000  0.000000;
392702  0.000000  0.000000  0.000000;
397826  0.000000  0.000000  0.000000;
402867  0.000000  0.000000  0.000000;
408023  0.000000  0.000000  0.000000;
413068  0.000000  0.000000  0.000000;
418116  1.500000  0.000000  0.000000;
423207  1.500000  0.000000  0.015593;
428238  1.500000  0.046768  0.060792;
433284  1.500000  0.104289  0.132460;
438454  1.500000  0.187082  0.196899;
443459  1.500000  0.246291  0.255126;
448640  1.500000  0.345737  0.322505;
453698  1.500000  0.435337  0.414649;
458764  1.500000  0.530867  0.527699;
463882  1.500000  0.617891  0.615068;
468941  1.500000  0.696129  0.709085;
474071  1.500000  0.766655  0.778315;
479171  1.500000  0.845637  0.856162;
484249  1.500000  0.916813  0.926255;
489356  1.500000  0.996412  1.004944;
494600  1.500000  1.052295  1.075526;
499744  1.500000  1.118041  1.154492;
504824  1.500000  1.161977  1.210357;
509890  1.500000  1.216924  1.260466;
514922  1.500000  1.324690  1.361592;
519975  1.500000  1.324690  1.361592;
525056  1.500000  1.427359  1.458732;
530320  1.500000  1.471511  1.499747;
535359  1.500000  1.495708  1.536698;
540449  1.500000  1.517486  1.569953;
545499  1.500000  1.537153  1.584408;
550519  1.500000  1.553739  1.596235;
555764  1.500000  1.554353  1.623797;
561031  1.500000  1.570164  1.632698;
566201  1.500000  1.568795  1.656168;
571370  1.500000  1.536409  1.646076;
576470  1.500000  1.538231  1.637023;
581600  1.500000  1.540427  1.629340;
586689  1.500000  1.540868  1.636338;
591849  1.500000  1.542368  1.628291;
596977  1.500000  1.559343  1.605517;
602102  1.500000  1.542281  1.583864;
607350  1.500000  1.543979  1.612589;
612370  1.500000  1.545136  1.606885;
617485  1.500000  1.529576  1.600590;
622595  1.500000  1.516785  1.580697;
627689  1.500000  1.520415  1.562433;
632723  1.500000  1.508624  1.561992;
637940  1.500000  1.498039  1.546070;
642999  1.500000  1.488568  1.531796;
648102  1.500000  1.495421  1.518783;
653383  1.500000  1.470150  1.506683;
658528  1.500000  1.478907  1.480656;
663552  1.500000  1.487004  1.488578;
668556  1.500000  1.477284  1.494114;
673560  1.500000  1.469639  1.469220;
678684  1.500000  1.447193  1.446817;
683822  1.500000  1.442169  1.441830;
688889  1.500000  1.438146  1.453418;
694008  1.500000  1.434637  1.448382;
699087  1.500000  1.430483  1.489290;
704227  1.500000  1.443052  1.495425;
709247  1.500000  1.438139  1.501315;
714422  1.500000  1.465877  1.507140;
719490  1.500000  1.474937  1.512074;
724537  1.500000  1.481897  1.515320;
729556  1.500000  1.489510  1.504010;
734586  1.500000  1.495531  1.493084;
739716  1.500000  1.486200  1.515158;
744730  1.500000  1.477774  1.519444;
749752  1.500000  1.470163  1.507610;
754910  1.500000  1.463313  1.497071;
760066  1.500000  1.456953  1.487308;
765219  1.500000  1.465227  1.477123;
770221  1.500000  1.442927  1.484720;
775249  1.500000  1.438413  1.476053;
780291  1.500000  1.450034  1.483880;
785439  1.500000  1.460586  1.491047;
790599  1.500000  1.470268  1.482109;
795694  1.500000  1.463241  1.504975;
800784  1.500000  1.472657  1.510218;
805881  1.500000  1.512242  1.514382;
811036  1.500000  1.500493  1.518468;
816180  1.500000  1.490610  1.522362;
821282  1.500000  1.481382  1.525496;
826372  1.500000  1.472912  1.512614;
831462  1.500000  1.464821  1.515989;
836575  1.500000  1.457129  1.503180;
841634  1.500000  1.451167  1.508172;
846711  1.500000  1.445856  1.512663;
851861  1.500000  1.441464  1.501619;
856919  1.500000  1.452658  1.506766;
862062  1.500000  1.446729  1.526424;
867087  1.500000  1.457427  1.529152;
872167  1.500000  1.451712  1.531823;
877306  1.500000  1.446429  1.534073;
882433  1.500000  1.457527  1.520832;
887475  1.500000  1.451774  1.524273;
892631  1.500000  1.462337  1.543194;
897781  1.500000  1.471781  1.560087;
902882  1.500000  1.480344  1.559850;
907935  1.500000  1.487465  1.543505;
913060  1.500000  1.478414  1.544371;
918232  1.500000  1.486066  1.545428;
923383  1.500000  1.477099  1.577072;
931568  1.500000  1.412676  1.462610;
938403  1.500000  1.410335  1.470772;
944112  1.500000  1.424672  1.479066;
949320  1.500000  1.422177  1.502270;
954461  1.500000  1.435023  1.522647;
959569  1.500000  1.446554  1.525385;
964682  1.500000  1.456383  1.542779;
969847  1.500000  1.481483  1.559274;
974985  1.500000  1.503804  1.573815;
980189  1.500000  1.529082  1.585819;
985312  1.500000  1.531822  1.582854;
990316  1.500000  1.534565  1.580526;
995359  1.500000  1.537097  1.562862;
1000411  1.500000  1.538665  1.561823;
1005443  1.500000  1.540416  1.545696;
1010530  1.500000  1.526735  1.531516;
1015674  1.500000  1.529833  1.534104;
1020737  1.500000  1.532713  1.520999;
1025906  1.500000  1.533593  1.507635;
1031078  1.500000  1.520483  1.497093;
1036112  1.500000  1.508796  1.487773;
1041214  1.500000  1.497833  1.478912;
1046323  1.500000  1.472371  1.455317;
1051481  1.500000  1.465495  1.465742;
1056629  1.500000  1.443636  1.459446;
1061689  1.500000  1.439522  1.469334;
1066800  1.500000  1.435431  1.477771;
1071861  1.500000  1.447474  1.501139;
1077127  1.500000  1.458436  1.491191;
1082164  1.500000  1.483839  1.497750;
1087309  1.500000  1.475206  1.487754;
1092339  1.500000  1.481896  1.493159;
1097400  1.500000  1.504919  1.483899;
1102503  1.500000  1.509982  1.475536;
1107665  1.500000  1.514755  1.468177;
1112731  1.500000  1.503446  1.461525;
1117759  1.500000  1.539694  1.486416;
1122794  1.500000  1.525752  1.477801;
1127847  1.500000  1.513398  1.485823;
1132889  1.500000  1.501671  1.476854;
1137992  1.500000  1.491587  1.469223;
1143070  1.500000  1.482789  1.478289;
1148249  1.500000  1.459251  1.470821;
1153289  1.500000  1.453548  1.463933;
1158485  1.500000  1.463318  1.472634;
1163777  1.500000  1.457236  1.496855;
1168875  1.500000  1.451595  1.487225;
1173970  1.500000  1.460738  1.508235;
1179030  1.500000  1.454914  1.497661;
1184116  1.500000  1.465194  1.488061;
1189298  1.500000  1.458149  1.494257;
1194336  1.500000  1.468105  1.500603;
1199485  1.500000  1.460331  1.504996;
1204532  1.500000  1.470069  1.510268;
1209683  1.500000  1.463089  1.514858;
1214753  1.500000  1.472120  1.503178;
1219998  1.500000  1.464880  1.523937;
1224975  1.500000  1.473824  1.526945;
1230103  1.500000  1.496475  1.528856;
1235215  1.500000  1.486994  1.531711;
1240229  1.500000  1.478377  1.534187;
1245272  1.500000  1.470567  1.551913;
1250281  1.500000  1.463704  1.536916;
1255430  1.500000  1.457167  1.523058;
1260530  1.500000  1.467006  1.541863;
1265712  1.500000  1.460305  1.543201;
1270731  1.500000  1.469399  1.528521;
1276056  1.500000  1.462709  1.531471;
1281212  1.500000  1.472086  1.565175;
1286378  1.500000  1.464794  1.564059;
1291514  1.500000  1.473993  1.563362;
1296680  1.500000  1.464760  1.545192;
1301799  1.500000  1.489124  1.561513;
1306923  1.500000  1.480433  1.576744;
1312022  1.500000  1.503467  1.574563;
1317087  1.500000  1.493259  1.557273;
1322092  1.500000  1.499457  1.541186;
1327264  1.500000  1.504331  1.542223;
1333045  1.500000  1.508747  1.527393;
1338059  1.500000  1.497789  1.514046;
1343173  1.500000  1.503074  1.502724;
1348345  1.500000  1.492905  1.476527;
1353404  1.500000  1.482705  1.468515;
1358593  1.500000  1.458780  1.461552;
1363644  1.500000  1.453013  1.439473;
1368645  1.500000  1.447242  1.435553;
1373691  1.500000  1.442406  1.447429;
1378760  1.500000  1.453782  1.458334;
1383873  1.500000  1.464114  1.468210;
1389101  1.500000  1.457480  1.476668;
1394260  1.500000  1.466857  1.499706;
1399582  1.500000  1.483482  1.539592;
1404711  1.500000  1.474802  1.540819;
1409765  1.500000  1.483124  1.542570;
1414950  1.500000  1.475117  1.559763;
1419987  1.500000  1.467135  1.558820;
1425168  1.500000  1.476347  1.543271;
1430183  1.500000  1.484669  1.544932;
1435426  1.500000  1.491113  1.545319;
1440497  1.500000  1.482251  1.546620;
1445679  1.500000  1.489859  1.532208;
1450859  1.500000  1.496583  1.565838;
1455954  1.500000  1.486924  1.549254;
1461016  1.500000  1.478287  1.534384;
1466018  1.500000  1.470764  1.521251;
1471149  1.500000  1.464048  1.509487;
1476296  1.500000  1.457091  1.512962;
1481531  1.500000  1.481952  1.501693;
1486668  1.500000  1.473923  1.507264;
1491707  1.500000  1.481197  1.495738;
1496891  1.500000  1.473161  1.501812;
1501910  1.500000  1.465983  1.507340;
1506937  1.500000  1.459579  1.496772;
1511987  1.500000  1.469330  1.502866;
1517252  1.500000  1.462675  1.508412;
1522295  1.500000  1.456435  1.528716;
1527401  1.500000  1.466408  1.531430;
1532466  1.500000  1.459656  1.533750;
1537660  1.500000  1.469184  1.535869;
1542797  1.500000  1.477975  1.553562;
1547967  1.500000  1.485825  1.553823;
1553152  1.500000  1.492521  1.553750;
1558173  1.500000  1.499071  1.554208;
1563345  1.500000  1.488639  1.553698;
1570808  1.500000  1.511225  1.538633;
1575865  1.500000  1.452757  1.508309;
1580958  1.500000  1.461814  1.511780;
1586031  1.500000  1.471218  1.516188;
1591117  1.500000  1.479252  1.519725;
1596134  1.500000  1.471133  1.523123;
1601206  1.500000  1.494792  1.526058;
1606305  1.500000  1.500930  1.529069;
1611360  1.500000  1.490064  1.530860;
1616432  1.500000  1.480974  1.533237;
1621444  1.500000  1.487849  1.534885;
1626445  1.500000  1.479064  1.521396;
1631500  1.500000  1.471046  1.540232;
1636564  1.500000  1.479682  1.541364;
1641659  1.500000  1.486655  1.542783;
1646758  1.500000  1.493514  1.543968;
1651925  1.500000  1.488287  1.530865;
1657095  1.500000  1.488287  1.530865;
1662107  1.500000  1.479597  1.517917;
1667117  1.500000  1.487008  1.505959;
1672197  1.500000  1.494109  1.495585;
1677262  1.500000  1.483352  1.515459;
1682379  1.500000  1.475128  1.504024;
1687403  1.500000  1.467559  1.493566;
1692524  1.500000  1.460306  1.483739;
1697790  1.500000  1.449130  1.482105;
1702827  1.500000  1.475770  1.489883;
1707889  1.500000  1.468331  1.495866;
1713065  1.500000  1.476623  1.502144;
1718295  1.500000  1.484701  1.507639;
1723560  1.500000  1.476453  1.512677;
1728579  1.500000  1.484548  1.517180;
1733639  1.500000  1.475595  1.504937;
1738650  1.500000  1.483900  1.525894;
1743823  1.500000  1.475815  1.529199;
1748882  1.500000  1.483451  1.546984;
1753903  1.500000  1.490938  1.532591;
1759148  1.500000  1.497832  1.550884;
1764459  1.500000  1.486812  1.534586;
1769488  1.500000  1.509343  1.521183;
1774494  1.500000  1.497637  1.523762;
1779641  1.500000  1.502753  1.510805;
1784757  1.500000  1.492228  1.499420;
1789823  1.500000  1.483255  1.520962;
1795000  1.500000  1.475124  1.524606;
1800154  1.500000  1.467334  1.511869;
1805315  1.500000  1.460739  1.516391;
1810432  1.500000  1.454859  1.520523;
1815473  1.500000  1.464836  1.523903;
1820646  1.500000  1.457910  1.542117;
1825638  1.500000  1.467643  1.543399;
1830687  1.500000  1.476650  1.560441;
1835880  1.500000  1.500368  1.560168;
1840913  1.500000  1.536518  1.559338;
1846067  1.500000  1.538730  1.559268;
1851230  1.500000  1.539798  1.558282;
1856264  1.500000  1.541590  1.558225;
1861294  1.500000  1.542037  1.541521;
1866426  1.500000  1.543450  1.543016;
1871573  1.500000  1.529271  1.544424;
1876695  1.500000  1.531622  1.529732;
1881782  1.500000  1.533831  1.516620;
1886840  1.500000  1.536219  1.505152;
1892006  1.500000  1.522791  1.510408;
1897094  1.500000  1.510069  1.467912;
1902306  1.500000  1.499173  1.445639;
1907393  1.500000  1.473798  1.456784;
1912450  1.500000  1.466668  1.451356;
1917467  1.500000  1.444544  1.446331;
1922535  1.500000  1.471370  1.472978;
1927574  1.500000  1.463846  1.480805;
1932739  1.500000  1.473263  1.472947;
1937827  1.500000  1.480209  1.495318;
1943093  1.500000  1.487990  1.486036;
1948127  1.500000  1.494531  1.477238;
1953128  1.500000  1.484086  1.499380;
1958225  1.500000  1.491233  1.505028;
1963458  1.500000  1.482304  1.494719;
1968526  1.500000  1.474101  1.485275;
1973690  1.500000  1.481510  1.476085;
1978762  1.500000  1.472916  1.499046;
1983936  1.500000  1.481303  1.504820;
1988978  1.500000  1.488666  1.509832;
1994162  1.500000  1.479938  1.498987;
1999238  1.500000  1.486368  1.503512;
2004325  1.500000  1.477731  1.508716;
