388250  0.000000  0.000000  0.000000;
395130  0.000000  0.000000  0.000000;
400168  0.000000  0.000000  0.000000;
405272  0.000000  0.000000  0.000000;
410349  0.000000  0.000000  0.000000;
415494  0.000000  0.000000  0.000000;
420559  0.000000  0.000000  0.000000;
425624  1.500000  0.000000  0.000000;
430993  1.500000  0.000000  0.015596;
435844  1.500000  0.046806  0.060832;
440974  1.500000  0.088940  0.132774;
446102  1.500000  0.157993  0.197444;
451248  1.500000  0.235731  0.255647;
456327  1.500000  0.305621  0.339122;
461333  1.500000  0.384250  0.414012;
466407  1.500000  0.470146  0.497377;
471583  1.500000  0.563409  0.587944;
476724  1.500000  0.646488  0.668515;
481840  1.500000  0.722089  0.741941;
486920  1.500000  0.790297  0.839333;
492039  1.500000  0.867038  0.911233;
497147  1.500000  0.951649  0.991390;
502329  1.500000  1.012039  1.047775;
507550  1.500000  1.081574  1.160344;
512721  1.500000  1.143751  1.214611;
517959  1.500000  1.184839  1.279742;
523072  1.500000  1.237500  1.322913;
528288  1.500000  1.284826  1.392803;
533307  1.500000  1.343121  1.440300;
538427  1.500000  1.380123  1.451487;
543464  1.500000  1.412211  1.477010;
548685  1.500000  1.426792  1.531811;
553715  1.500000  1.455291  1.549843;
558755  1.500000  1.480568  1.550137;
563919  1.500000  1.503996  1.582197;
569047  1.500000  1.509491  1.611014;
574065  1.500000  1.514499  1.605900;
579197  1.500000  1.519006  1.600282;
584387  1.500000  1.521407  1.642076;
589591  1.500000  1.524392  1.633024;
594673  1.500000  1.572782  1.608758;
599838  1.500000  1.540121  1.619196;
605069  1.500000  1.510824  1.566424;
610239  1.500000  1.484384  1.550004;
615481  1.500000  1.476084  1.535142;
620591  1.500000  1.468475  1.521627;
625773  1.500000  1.446269  1.509659;
630954  1.500000  1.426062  1.514217;
636064  1.500000  1.437516  1.532295;
641078  1.500000  1.433875  1.534713;
646371  1.500000  1.430404  1.552285;
651439  1.500000  1.458576  1.552704;
656558  1.500000  1.468273  1.552989;
661641  1.500000  1.477063  1.553307;
666844  1.500000  1.485159  1.553747;
671946  1.500000  1.491249  1.537545;
676955  1.500000  1.497218  1.523348;
682045  1.500000  1.518438  1.526415;
687177  1.500000  1.506041  1.513248;
692265  1.500000  1.510532  1.517018;
697337  1.500000  1.515065  1.505343;
702514  1.500000  1.503613  1.510395;
707648  1.500000  1.508684  1.499272;
712759  1.500000  1.482408  1.489511;
717907  1.500000  1.473724  1.480090;
723033  1.500000  1.482154  1.472330;
728113  1.500000  1.504711  1.480314;
733168  1.500000  1.494295  1.487931;
738226  1.500000  1.483520  1.508604;
743305  1.500000  1.490569  1.497604;
748240  1.500000  1.481512  1.487816;
753388  1.500000  1.488486  1.494190;
758459  1.500000  1.479195  1.484328;
763461  1.500000  1.471302  1.475923;
768484  1.500000  1.464061  1.483732;
773493  1.500000  1.472688  1.474916;
778665  1.500000  1.465613  1.482826;
783843  1.500000  1.472931  1.473361;
789010  1.500000  1.465444  1.465803;
794134  1.500000  1.488498  1.473404;
799266  1.500000  1.479234  1.465648;
804325  1.500000  1.486896  1.490262;
809431  1.500000  1.475808  1.494126;
814447  1.500000  1.490941  1.491762;
819496  1.500000  1.490941  1.491762;
824648  1.500000  1.481598  1.482309;
829761  1.500000  1.488288  1.488958;
834786  1.500000  1.493398  1.478608;
839855  1.500000  1.483947  1.501722;
845001  1.500000  1.475358  1.506890;
849874  1.500000  1.483594  1.511972;
854911  1.500000  1.473753  1.530075;
859987  1.500000  1.466460  1.517150;
865095  1.500000  1.475462  1.521083;
870225  1.500000  1.468082  1.524715;
875267  1.500000  1.475971  1.526941;
880390  1.500000  1.476834  1.516600;
885488  1.500000  1.469289  1.520680;
890635  1.500000  1.478069  1.524322;
895789  1.500000  1.470624  1.543408;
900880  1.500000  1.479240  1.544746;
905904  1.500000  1.471593  1.530549;
911122  1.500000  1.495071  1.532619;
916088  1.500000  1.532379  1.519468;
921177  1.500000  1.519085  1.507465;
926203  1.500000  1.491719  1.465694;
931293  1.500000  1.467238  1.443815;
936341  1.500000  1.445305  1.439823;
941488  1.500000  1.440663  1.435702;
946632  1.500000  1.436763  1.447933;
951639  1.500000  1.448765  1.458788;
956689  1.500000  1.459198  1.483715;
961734  1.500000  1.453444  1.506692;
966738  1.500000  1.448211  1.511701;
971766  1.500000  1.490426  1.516395;
976806  1.500000  1.497062  1.504866;
981891  1.500000  1.503313  1.510336;
987016  1.500000  1.507801  1.514122;
992154  1.500000  1.512792  1.502932;
997256  1.500000  1.501818  1.508502;
1002380  1.500000  1.507593  1.498013;
1007390  1.500000  1.497167  1.504138;
1012419  1.500000  1.503221  1.493890;
1017512  1.500000  1.493149  1.500365;
1022603  1.500000  1.499667  1.506161;
1027720  1.500000  1.489978  1.495851;
1032789  1.500000  1.496074  1.501299;
1037925  1.500000  1.486689  1.522619;
1042939  1.500000  1.478409  1.510746;
1047974  1.500000  1.486092  1.499616;
1053097  1.500000  1.477788  1.504994;
1058200  1.500000  1.484951  1.494439;
1063206  1.500000  1.476594  1.500704;
1068218  1.500000  1.468879  1.506097;
1073250  1.500000  1.477577  1.495542;
1078392  1.500000  1.470181  1.517540;
1083464  1.500000  1.478996  1.506008;
1088619  1.500000  1.471346  1.511271;
1093695  1.500000  1.480137  1.531052;
1098800  1.500000  1.486274  1.532613;
1103890  1.500000  1.477924  1.519657;
1109154  1.500000  1.485257  1.522817;
1114327  1.500000  1.476344  1.525660;
1119476  1.500000  1.484511  1.513316;
1124520  1.500000  1.476171  1.517663;
1129630  1.500000  1.484510  1.506258;
1134680  1.500000  1.476281  1.527014;
1139892  1.500000  1.484393  1.530053;
1144849  1.500000  1.476204  1.517297;
1149993  1.500000  1.468750  1.521308;
1155024  1.500000  1.477862  1.540798;
1160094  1.500000  1.485940  1.542551;
1165134  1.500000  1.477679  1.544253;
1170186  1.500000  1.485682  1.545568;
1175293  1.500000  1.461756  1.515652;
1180588  1.500000  1.471321  1.519827;
1185644  1.500000  1.480083  1.523709;
1190750  1.500000  1.487939  1.527233;
1195957  1.500000  1.493720  1.529054;
1201060  1.500000  1.484210  1.531550;
1206072  1.500000  1.491683  1.534321;
1211128  1.500000  1.497855  1.536229;
1216177  1.500000  1.487599  1.537639;
1221214  1.500000  1.494611  1.524069;
1226301  1.500000  1.485344  1.527464;
1231330  1.500000  1.492457  1.530304;
1236562  1.500000  1.483239  1.532921;
1241628  1.500000  1.490686  1.535369;
1246722  1.500000  1.496254  1.521005;
1251838  1.500000  1.486850  1.524738;
1256926  1.500000  1.477805  1.527389;
1262077  1.500000  1.484722  1.513850;
1267084  1.500000  1.476305  1.518082;
1272208  1.500000  1.483311  1.520941;
1277280  1.500000  1.490751  1.524618;
1282312  1.500000  1.481731  1.527742;
1287430  1.500000  1.489298  1.530739;
1292482  1.500000  1.480174  1.532974;
1297634  1.500000  1.503301  1.535263;
1302751  1.500000  1.523440  1.521211;
1307801  1.500000  1.511235  1.524830;
1312808  1.500000  1.499586  1.527289;
1317877  1.500000  1.504906  1.514310;
1322909  1.500000  1.494083  1.518096;
1327934  1.500000  1.515616  1.506148;
1333107  1.500000  1.519548  1.495477;
1338240  1.500000  1.507676  1.501547;
1343415  1.500000  1.496908  1.506978;
1348495  1.500000  1.487467  1.512082;
1353739  1.500000  1.493540  1.515724;
1358771  1.500000  1.483523  1.518940;
1363785  1.500000  1.475393  1.507296;
1368937  1.500000  1.481974  1.510656;
1373959  1.500000  1.473832  1.515238;
1379053  1.500000  1.481696  1.503355;
1384207  1.500000  1.488713  1.508236;
1389350  1.500000  1.495551  1.528727;
1394445  1.500000  1.485526  1.515384;
1399515  1.500000  1.491124  1.533412;
1404642  1.500000  1.497229  1.535287;
1409663  1.500000  1.487173  1.552497;
1414939  1.500000  1.478484  1.568358;
1420042  1.500000  1.486252  1.551605;
1425125  1.500000  1.477350  1.567217;
1430257  1.500000  1.485262  1.566112;
1435543  1.500000  1.476653  1.549445;
1440677  1.500000  1.484235  1.549749;
1445817  1.500000  1.476006  1.550514;
1450861  1.500000  1.483224  1.550312;
1455980  1.500000  1.475124  1.566663;
1461017  1.500000  1.483167  1.581108;
1466067  1.500000  1.474407  1.593567;
1471085  1.500000  1.480815  1.588059;
1476100  1.500000  1.503473  1.584470;
1481113  1.500000  1.508281  1.565636;
1486155  1.500000  1.497370  1.564535;
1491244  1.500000  1.503311  1.563760;
1496357  1.500000  1.507952  1.546859;
1501505  1.500000  1.497184  1.563352;
1506683  1.500000  1.502744  1.562264;
1511979  1.500000  1.498831  1.544990;
1517128  1.500000  1.488643  1.546232;
1522141  1.500000  1.480168  1.531387;
1530428  1.500000  1.425061  1.471507;
1535569  1.500000  1.422195  1.479543;
1542680  1.500000  1.430221  1.490544;
1547724  1.500000  1.441896  1.527163;
1552833  1.500000  1.453354  1.545659;
1558109  1.500000  1.463944  1.562577;
1563363  1.500000  1.473352  1.593319;
1568502  1.500000  1.481850  1.589820;
1573590  1.500000  1.489220  1.586393;
1578647  1.500000  1.496131  1.583587;
1583697  1.500000  1.517832  1.580938;
1588734  1.500000  1.521758  1.578584;
1593890  1.500000  1.525385  1.576528;
1598920  1.500000  1.513179  1.559236;
1603982  1.500000  1.516650  1.542595;
1609114  1.500000  1.505207  1.544137;
1614193  1.500000  1.494964  1.530001;
1619338  1.500000  1.501146  1.532680;
1624396  1.500000  1.506988  1.535368;
1629400  1.500000  1.496261  1.521804;
1634419  1.500000  1.502159  1.509595;
1639442  1.500000  1.492026  1.514252;
1644616  1.500000  1.483157  1.518784;
1649725  1.500000  1.490643  1.522677;
1654745  1.500000  1.497288  1.541723;
1659899  1.500000  1.487365  1.527329;
1664994  1.500000  1.509841  1.530306;
1670187  1.500000  1.499023  1.532984;
1675240  1.500000  1.504584  1.519575;
1680301  1.500000  1.494236  1.523327;
1685343  1.500000  1.484757  1.510911;
1690367  1.500000  1.491806  1.515375;
1695531  1.500000  1.482458  1.519208;
1700613  1.500000  1.474129  1.522719;
1705711  1.500000  1.482549  1.526311;
1710735  1.500000  1.521146  1.529359;
1715860  1.500000  1.493205  1.531334;
1720910  1.500000  1.468205  1.502792;
1726035  1.500000  1.461191  1.476785;
1731078  1.500000  1.455433  1.469468;
1736251  1.500000  1.465506  1.478138;
1741289  1.500000  1.459233  1.486188;
1746349  1.500000  1.468465  1.492725;
1751513  1.500000  1.477328  1.514699;
1756558  1.500000  1.485181  1.518846;
1761695  1.500000  1.476359  1.522147;
1766853  1.500000  1.484432  1.525642;
1771978  1.500000  1.506391  1.543513;
1777093  1.500000  1.495696  1.544656;
1782272  1.500000  1.485822  1.545376;
1787314  1.500000  1.491906  1.545506;
1792492  1.500000  1.497994  1.561795;
1797630  1.500000  1.488222  1.576726;
1802840  1.500000  1.495109  1.574763;
1807862  1.500000  1.501246  1.588499;
1812876  1.500000  1.506369  1.553847;
1817922  1.500000  1.495566  1.569404;
1822976  1.500000  1.485705  1.583202;
1828012  1.500000  1.508211  1.564854;
1833032  1.500000  1.513254  1.564233;
1838251  1.500000  1.516748  1.562598;
1843337  1.500000  1.505267  1.562140;
1848418  1.500000  1.494491  1.561174;
1853678  1.500000  1.500535  1.529452;
1858783  1.500000  1.490648  1.532278;
1863856  1.500000  1.497262  1.534728;
1868867  1.500000  1.487757  1.537058;
1873886  1.500000  1.494598  1.538969;
1878987  1.500000  1.485333  1.556420;
1883988  1.500000  1.491558  1.555536;
1889101  1.500000  1.498142  1.586834;
1894315  1.500000  1.488051  1.583000;
1899406  1.500000  1.493821  1.564175;
1904416  1.500000  1.484578  1.563498;
1909591  1.500000  1.476314  1.562919;
1914798  1.500000  1.484115  1.562029;
1919676  1.500000  1.491412  1.561535;
1924943  1.500000  1.482160  1.560844;
1930132  1.500000  1.489192  1.560008;
1935423  1.500000  1.479802  1.559010;
1940608  1.500000  1.487408  1.589849;
1945735  1.500000  1.494069  1.586265;
1950759  1.500000  1.499940  1.582917;
1955828  1.500000  1.490140  1.611551;
1960883  1.500000  1.512373  1.606043;
1966011  1.500000  1.516845  1.601179;
1971052  1.500000  1.520962  1.580757;
1976225  1.500000  1.508149  1.593521;
1981227  1.500000  1.512796  1.574113;
1986254  1.500000  1.501240  1.571950;
1991431  1.500000  1.506456  1.570094;
1996504  1.500000  1.511211  1.584026;
2001513  1.500000  1.499483  1.580504;
