388548 0.000000 0.000000;
400308 -2.139050 0.000000;
423144 -2.004271 0.000000;
446547 -2.041372 0.000000;
469973 -2.199252 0.000000;
493594 -1.807991 -1.807991;
517034 -2.976773 -1.807991;
540928 -1.310384 -1.807991;
566842 0.483444 -1.807991;
589499 -3.249470 -1.807991;
611572 -0.971527 -1.807991;
634948 -2.150426 -1.807991;
657572 2.256614 -1.807991;
682120 -4.451663 -1.807991;
705057 -0.993350 -1.807991;
726184 3.523202 -1.807991;
749731 -3.303463 -3.303463;
771281 -6.588259 -3.303463;
794945 -1.236839 -3.303463;
816937 -4.879102 -4.879102;
840505 0.685736 0.685736;
863268 2.827272 0.685736;
887890 10.586566 0.685736;
910567 -15.198446 0.685736;
935712 -1.504239 -1.504239;
958480 -0.637857 -1.504239;
979453 -3.356016 -1.504239;
1003735 3.960315 -1.504239;
1025120 -2.061260 -2.061260;
1048696 -0.374149 -2.061260;
1070733 -1.323368 -2.061260;
1094136 3.026571 -2.061260;
1117170 -1.016621 -2.061260;
1141559 -0.619351 -2.061260;
1164269 -6.577939 -2.061260;
1189515 -4.348845 -2.061260;
1212193 1.525930 -2.061260;
1233820 -6.547693 -2.061260;
1257259 -4.025898 -2.061260;
1280190 -3.173517 -2.061260;
1301150 -8.773387 -2.061260;
1324563 -4.048950 -2.061260;
1345853 2.401231 -2.061260;
1369266 -7.968064 -2.061260;
1391445 0.889782 -2.061260;
1414870 1.194212 -2.061260;
1437395 -1.704318 -2.061260;
1461787 -3.418998 -3.418998;
1484284 6.050960 -3.418998;
1504950 -2.568849 -3.418998;
1528382 -2.170424 -3.418998;
1549743 -7.222404 -3.418998;
1573268 2.347900 -3.418998;
1595459 3.440307 3.440307;
1618869 -3.648221 3.440307;
1641521 33.511397 3.440307;
1665874 1.862423 3.440307;
1688569 0.958582 3.440307;
1713786 -5.354082 3.440307;
1736475 3.244252 3.440307;
1758193 -2.426176 3.440307;
1781729 -12.468744 3.440307;
1804601 8.433173 3.440307;
1828232 7.019708 3.440307;
1851131 5.752526 3.440307;
1876065 -5.110270 3.440307;
1900238 0.215792 3.440307;
1925702 -12.929146 3.440307;
1948599 -9.996814 3.440307;
1970550 -4.328721 3.440307;
1994155 -4.688380 3.440307;
2016928 12.240277 3.440307;
2041552 11.754231 3.440307;
2064304 8.536307 3.440307;
2088970 9.592518 3.440307;
2111760 5.876397 3.440307;
2132905 1.837732 3.440307;
2156305 -5.368502 3.440307;
2178550 11.781553 3.440307;
2202128 -14.994907 3.440307;
2224370 6.963308 3.440307;
2247790 -13.079103 3.440307;
2270467 1.234744 3.440307;
2291033 -7.317311 3.440307;
2315919 4.227338 3.440307;
2340930 3.733784 3.440307;
2363564 14.570578 3.440307;
2384557 3.253617 3.440307;
2408131 -13.196821 3.440307;
2429554 3.236742 3.440307;
2452944 -11.673920 3.440307;
2475136 1.178552 3.440307;
2498576 -12.140353 3.440307;
2521292 6.263635 3.440307;
2545557 0.120113 3.440307;
2568238 2.750289 3.440307;
2593828 6.670713 3.440307;
2615991 7.396510 3.440307;
2638661 -8.636102 3.440307;
2663006 5.164915 3.440307;
2685511 -8.684328 3.440307;
2706455 -2.586875 3.440307;
2729880 9.983845 3.440307;
2751035 -8.485499 3.440307;
2774850 -6.766367 3.440307;
2796053 3.041558 3.440307;
2819460 -9.330668 3.440307;
2841343 -0.268109 3.440307;
2864762 9.467260 3.440307;
2887284 -5.087585 3.440307;
2911979 1.944325 3.440307;
2934829 -18.030500 3.440307;
2959962 -8.963956 3.440307;
2982483 -5.196699 3.440307;
3004134 -8.105270 3.440307;
3027557 10.389121 3.440307;
3050173 -14.436162 3.440307;
3073990 8.326038 3.440307;
3096636 6.070565 3.440307;
3121496 -0.632176 3.440307;
3144319 -8.206018 3.440307;
3164852 -19.794811 3.440307;
3188253 -13.837581 3.440307;
3210037 5.998644 3.440307;
3233444 1.405963 3.440307;
3255905 3.364163 3.440307;
3279638 -9.093356 3.440307;
3302634 1.748621 3.440307;
3326839 1.971643 3.440307;
3349770 2.041337 3.440307;
3371280 5.423172 3.440307;
3392911 10.670536 3.440307;
3416331 -10.554090 3.440307;
3438656 6.197404 3.440307;
3462521 -6.179725 3.440307;
3485171 4.258859 3.440307;
3509354 -4.133149 3.440307;
3532180 7.491951 3.440307;
3552833 -0.601093 3.440307;
3576244 -9.065142 3.440307;
3597633 3.828728 3.440307;
3621059 -2.933734 3.440307;
3642677 13.648080 3.440307;
3666092 3.014617 3.440307;
3688938 14.505952 3.440307;
3713336 0.567788 3.440307;
3736133 5.490106 5.490106;
3761711 0.909497 5.490106;
3783949 -4.427281 5.490106;
3806524 2.093569 5.490106;
3830882 -9.244861 5.490106;
3853433 -17.723814 5.490106;
3873953 -31.683340 5.490106;
3897390 5.728387 5.490106;
3918462 7.233576 5.490106;
3941878 30.476475 5.490106;
3963483 -17.667191 5.490106;
3986891 18.964113 5.490106;
4009358 -24.495361 5.490106;
4033077 58.718178 5.490106;
4055578 -28.346444 5.490106;
4080274 -31.789661 5.490106;
4102844 50.733463 5.490106;
4128847 -29.112969 5.490106;
4150673 30.703848 5.490106;
4173185 -12.997653 5.490106;
4197859 -13.450577 5.490106;
4220388 -19.052528 5.490106;
4241390 42.938449 5.490106;
4264945 -34.425559 5.490106;
4286351 -7.455459 5.490106;
4309778 -26.598050 5.490106;
4331813 -30.908703 5.490106;
4355211 3.918051 5.490106;
4377766 -31.758518 5.490106;
4402110 -28.168705 5.490106;
4424637 40.557615 5.490106;
4445295 -44.332329 5.490106;
4468712 -29.450227 5.490106;
4489771 -33.800874 5.490106;
4513185 -8.034568 5.490106;
4534802 -22.192047 5.490106;
4558308 37.462360 5.490106;
4580839 43.120845 5.490106;
4604543 -29.154785 5.490106;
4627077 51.255213 5.490106;
4652214 8.851469 5.490106;
4674846 -34.090094 5.490106;
4696423 37.932136 5.490106;
4719959 -18.743012 5.490106;
4742395 10.872477 5.490106;
4766166 25.819878 5.490106;
4788739 -38.230945 5.490106;
4813425 -31.417203 5.490106;
4836025 58.629269 5.490106;
4857006 -38.052065 5.490106;
4880473 -12.590374 5.490106;
4900974 30.888584 5.490106;
4923530 60.341722 5.490106;
4944632 -31.318857 5.490106;
4968159 -16.887066 5.490106;
4989680 -30.334245 5.490106;
