397389 0.000000 0.000000;
409304 17.987569 0.000000;
432414 17.987569 0.000000;
453000 17.267079 0.000000;
478346 16.486536 0.000000;
503921 16.004238 0.000000;
525018 15.238712 0.000000;
548729 14.573876 0.000000;
569116 13.301787 0.000000;
591919 13.496716 0.000000;
617046 12.880736 0.000000;
638455 12.510904 0.000000;
663819 11.743912 11.743912;
685244 10.773436 11.743912;
708801 10.901065 11.743912;
728878 10.579293 11.743912;
754411 9.615998 11.743912;
774914 8.874723 11.743912;
800075 8.804687 11.743912;
825894 7.758343 11.743912;
850718 7.186407 11.743912;
874253 6.551801 6.551801;
895117 5.845365 6.551801;
918945 5.286034 6.551801;
940378 4.645648 6.551801;
964345 4.075684 6.551801;
987119 3.228083 6.551801;
1008112 2.619380 6.551801;
1032654 2.037689 6.551801;
1053088 1.170650 1.170650;
1074595 0.790050 1.170650;
1095723 0.790050 1.170650;
1115952 -1.094216 1.170650;
1141836 -1.268281 1.170650;
1162121 -1.559981 1.170650;
1182880 -2.030752 1.170650;
1207400 -2.632421 1.170650;
1228180 -3.246046 1.170650;
1253399 -3.812474 1.170650;
1274282 -4.419026 1.170650;
1295884 -5.169019 1.170650;
1319656 -5.812751 1.170650;
1344593 -6.257564 1.170650;
1365023 -6.944291 -6.944291;
1386437 -7.034940 -6.944291;
1410224 -9.927063 -6.944291;
1433555 -5.351483 -5.351483;
1458860 -6.522011 -5.351483;
1478953 -8.954109 -8.954109;
1504385 -8.472249 -8.954109;
1529721 -9.739074 -9.739074;
1551520 -5.175444 -9.739074;
1572056 -9.390767 -9.390767;
1597329 -10.087063 -10.087063;
1619270 -9.638560 -10.087063;
1640174 -11.083130 -10.087063;
1665370 -11.200817 -11.200817;
1687370 -12.115604 -11.200817;
1712634 -12.332382 -12.332382;
1737962 -13.078180 -12.332382;
1759170 -13.717671 -12.332382;
1784324 -14.119340 -12.332382;
1808163 -14.952800 -12.332382;
1829432 -15.031209 -12.332382;
1853350 -15.569152 -12.332382;
1876000 -16.403006 -12.332382;
1901435 -16.745123 -12.332382;
1924005 -17.557999 -12.332382;
1949259 -17.940434 -12.332382;
1974542 -19.672363 -19.672363;
2005429 -19.298820 -19.672363;
2030953 -20.564858 -19.672363;
2055147 -21.186947 -19.672363;
2080028 -21.348309 -19.672363;
2105329 -22.448975 -19.672363;
2125953 -22.448975 -19.672363;
2151601 -23.827786 -19.672363;
2172588 -23.333993 -19.672363;
2193303 -24.523653 -19.672363;
2218899 -24.535152 -19.672363;
2244619 -25.430787 -19.672363;
2269734 -25.526959 -19.672363;
2290116 -25.107563 -25.107563;
2315074 -25.303978 -25.107563;
2338963 -25.376301 -25.107563;
2363960 -25.822916 -25.107563;
2389017 -25.446975 -25.107563;
2414951 -24.634452 -25.107563;
2440053 -24.407863 -25.107563;
2463233 -23.806391 -25.107563;
2488252 -23.370515 -25.107563;
2513268 -22.572377 -25.107563;
2533913 -22.333330 -25.107563;
2557128 -21.400125 -25.107563;
2578634 -20.848009 -25.107563;
2599536 -19.871221 -25.107563;
2624550 -19.401891 -25.107563;
2644912 -18.553931 -25.107563;
2667646 -18.117105 -25.107563;
2691579 -17.588924 -25.107563;
2716934 -17.016886 -25.107563;
2742100 -16.139720 -25.107563;
2767972 -15.601471 -25.107563;
2793915 -14.762870 -25.107563;
2817788 -14.163394 -25.107563;
2842846 -13.498389 -13.498389;
2863133 -13.121765 -13.498389;
2886623 -12.461699 -13.498389;
2910985 -11.840068 -13.498389;
2932101 -11.195133 -13.498389;
2955180 -10.637835 -13.498389;
2980502 -10.192466 -13.498389;
3005517 -10.248155 -10.248155;
3026004 -8.954109 -8.954109;
3048073 -8.216300 -8.954109;
3072982 -6.988295 -8.954109;
3098251 -7.270362 -8.954109;
3119491 -7.270362 -8.954109;
3139962 -6.236166 -6.236166;
3165296 -5.742524 -6.236166;
3190706 -5.087665 -6.236166;
3216331 -4.503680 -6.236166;
3241078 -3.551003 -6.236166;
3262434 -3.240492 -6.236166;
3286367 -2.126996 -6.236166;
3311742 -1.592826 -6.236166;
3332096 -0.561658 -6.236166;
3355674 -0.032584 -0.032584;
3376037 0.474594 -0.032584;
3400842 0.130704 -0.032584;
3421243 1.366185 -0.032584;
3445925 2.005051 -0.032584;
3469825 2.305332 -0.032584;
3494530 2.610056 -0.032584;
3519655 3.265784 -0.032584;
3544790 4.012609 -0.032584;
3569652 4.684460 -0.032584;
3590421 5.436543 -0.032584;
3615521 6.309530 -0.032584;
3636210 29.282115 -0.032584;
3661770 -3.014994 -0.032584;
3682938 -3.014994 -0.032584;
3708138 9.140996 -0.032584;
3729049 0.159674 -0.032584;
3755530 9.908862 -0.032584;
3780372 6.780367 -0.032584;
3805517 9.653923 -0.032584;
3830617 11.684370 -0.032584;
3855778 10.412071 10.412071;
3876629 11.814638 10.412071;
3898006 12.483762 10.412071;
3923360 12.634541 10.412071;
3944714 13.724391 10.412071;
3966950 14.816651 14.816651;
3991964 14.766092 14.816651;
4018959 15.353304 14.816651;
4043425 16.542357 14.816651;
4065819 17.211952 14.816651;
4086703 18.460747 18.460747;
4110478 18.361467 18.460747;
4134117 18.971826 18.460747;
4158810 19.822207 18.460747;
4179749 20.504169 18.460747;
4200315 21.283773 18.460747;
4224446 21.683129 18.460747;
4249382 22.758725 18.460747;
4269938 23.432586 18.460747;
4293739 24.445561 18.460747;
4318843 25.415144 18.460747;
4343556 25.575417 25.575417;
4368704 26.558767 25.575417;
4389174 27.117970 25.575417;
4414115 27.219878 25.575417;
4440110 28.392308 25.575417;
4465282 29.760487 25.575417;
4490269 30.642851 25.575417;
4512630 30.597509 25.575417;
4536994 30.329974 30.329974;
4560968 31.046781 30.329974;
4585328 31.300408 30.329974;
4606553 32.588188 30.329974;
4626907 32.588188 30.329974;
4651560 31.254839 30.329974;
4672967 31.051208 30.329974;
4698763 30.745450 30.329974;
4723291 30.015681 30.015681;
4746828 29.910596 30.015681;
4766948 29.434810 30.015681;
4792773 28.874503 30.015681;
4816754 28.209054 30.015681;
4837470 27.482855 30.015681;
4861868 26.673324 30.015681;
4883680 25.944220 30.015681;
4908217 25.372576 30.015681;
4929499 24.574911 30.015681;
4952955 23.845429 30.015681;
4978107 23.970944 30.015681;
5005185 22.002720 30.015681;
