379607 0.000000 0.000000;
396854 0.000000 0.000000;
420134 -1.115975 0.000000;
443572 -0.884781 -0.884781;
466999 4.321871 -0.884781;
490409 3.993591 -0.884781;
513823 -4.733494 -0.884781;
537233 -5.754117 -0.884781;
560671 -1.233827 -0.884781;
584204 -4.140250 -0.884781;
607687 -3.367667 -3.367667;
629943 2.866099 -3.367667;
653353 46.330037 -3.367667;
677261 6.254787 -3.367667;
701792 13.485049 -3.367667;
724340 13.796546 -3.367667;
749117 12.181508 -3.367667;
771795 10.893109 -3.367667;
792574 -34.303048 -3.367667;
815991 -22.506465 -3.367667;
837042 -8.042704 -3.367667;
860516 -14.349895 -3.367667;
883039 13.344291 -3.367667;
907919 17.753330 -3.367667;
930442 30.902536 -3.367667;
955559 9.597988 -3.367667;
978113 -16.789748 -3.367667;
999749 15.794692 -3.367667;
1023183 5.212701 -3.367667;
1047199 35.943403 -3.367667;
1070866 32.249388 32.249388;
1093461 16.091489 32.249388;
1118132 -49.009352 32.249388;
1140665 14.986794 32.249388;
1161631 -17.945370 32.249388;
1185050 5.054965 32.249388;
1206622 -12.951444 32.249388;
1230058 -1.394751 32.249388;
1252631 -13.225166 32.249388;
1276320 -26.281102 32.249388;
1298839 -17.176197 -17.176197;
1323728 -34.617597 -17.176197;
1346194 37.433763 -17.176197;
1366750 15.431605 -17.176197;
1390161 18.463561 -17.176197;
1411301 32.089629 -17.176197;
1434719 -8.133743 -17.176197;
1456843 2.791950 -17.176197;
1480284 -11.486960 -11.486960;
1502810 -1.264604 -11.486960;
1526998 23.237658 -11.486960;
1549530 46.188779 -11.486960;
1575159 22.918329 -11.486960;
1597351 26.655074 -11.486960;
1619850 -22.005669 -11.486960;
1644052 8.510062 -11.486960;
1666568 -2.933421 -11.486960;
1692160 -5.079826 -11.486960;
1714384 -66.337610 -11.486960;
1736900 -0.324664 -11.486960;
1761253 -37.999407 -11.486960;
1784006 -34.104846 -11.486960;
1804525 -33.851623 -11.486960;
1827943 -7.513826 -11.486960;
1848997 -9.864755 -11.486960;
1872598 -15.971636 -11.486960;
1897788 0.990605 -11.486960;
1923034 53.062710 -11.486960;
1945540 -22.754049 -11.486960;
1967029 6.451534 -11.486960;
1990476 9.957773 9.957773;
2012939 -51.779226 9.957773;
2036672 25.106910 9.957773;
2059203 21.646932 9.957773;
2083856 1.381539 9.957773;
2106393 10.788415 9.957773;
2128219 28.223802 9.957773;
2151638 -2.247416 9.957773;
2173205 -15.667204 9.957773;
2196601 -8.109307 9.957773;
2219092 -21.869912 9.957773;
2243851 -1.882628 9.957773;
2266717 50.923691 9.957773;
2291976 35.496421 9.957773;
2314578 16.951108 9.957773;
2336273 -3.779967 9.957773;
2359677 18.933489 9.957773;
2382476 10.342998 9.957773;
2406027 10.666126 9.957773;
2428529 4.655342 9.957773;
2453250 -8.537346 9.957773;
2475777 -5.371166 9.957773;
2496758 -19.986023 9.957773;
2520166 -3.663706 9.957773;
2541755 -15.388338 9.957773;
2565429 -19.205977 9.957773;
2587795 -34.017112 9.957773;
2611536 -18.085674 9.957773;
2634195 -17.828295 9.957773;
2658742 -4.345735 9.957773;
2681422 -6.373088 9.957773;
2707194 1.937719 9.957773;
2729640 12.300688 9.957773;
2752471 9.075581 9.957773;
2776725 -0.017191 -0.017191;
2799258 -3.383086 -3.383086;
2819796 -6.131576 -3.383086;
2843285 36.334819 -3.383086;
2864551 -17.986191 -3.383086;
2887979 -2.901320 -3.383086;
2909986 -42.478602 -3.383086;
2933392 -0.358316 -3.383086;
2956026 -59.357376 -59.357376;
2980683 -10.392772 -59.357376;
3003253 5.889851 5.889851;
3024216 56.598680 5.889851;
3047657 -61.992470 5.889851;
3069217 -34.761867 5.889851;
3092618 -34.238572 5.889851;
3115132 -54.807136 5.889851;
3140334 -17.330647 5.889851;
3162854 -13.176006 5.889851;
3184790 -13.803359 5.889851;
3208267 -0.640489 5.889851;
3230775 -0.080411 5.889851;
3255424 -8.277554 5.889851;
3277942 -31.746237 5.889851;
3298946 -9.836157 5.889851;
3322914 29.342465 5.889851;
3344501 14.523584 5.889851;
3368091 10.722060 5.889851;
3390695 -1.139155 5.889851;
3413561 -2.728347 5.889851;
3438710 1.267586 5.889851;
3463228 14.430839 5.889851;
3485752 10.263982 5.889851;
3510935 -1.729206 5.889851;
3533448 -24.200830 5.889851;
3555574 -4.368705 5.889851;
3579099 -27.117963 5.889851;
3601604 -70.056670 5.889851;
3625816 -34.405321 5.889851;
3648321 -14.404394 5.889851;
3674258 -32.715545 5.889851;
3696645 2.474336 5.889851;
3719358 -3.682115 5.889851;
3743570 -6.865537 5.889851;
3766074 12.819997 5.889851;
3786725 -38.272847 5.889851;
3810159 -10.416470 5.889851;
3831230 -19.361447 5.889851;
3854652 14.647526 5.889851;
3877037 -23.192017 5.889851;
3900482 6.909792 5.889851;
3923123 3.291454 5.889851;
3946798 -15.980960 5.889851;
3969458 -14.004795 5.889851;
3994103 -14.170975 5.889851;
4016894 15.589678 5.889851;
4037889 -40.408378 5.889851;
4061300 -18.349505 5.889851;
4083471 -22.272581 5.889851;
4106984 27.516289 5.889851;
4131549 -8.895270 5.889851;
4155740 -14.326268 5.889851;
4178318 -34.070170 -34.070170;
4204439 0.192725 -34.070170;
4227070 35.494994 -34.070170;
4251750 9.802132 -34.070170;
4274479 10.268683 -34.070170;
4295466 -4.053869 -34.070170;
4318875 24.873415 -34.070170;
4340433 -39.648399 -34.070170;
4363854 -0.745868 -34.070170;
4386396 -5.810145 -34.070170;
4411060 34.694897 -34.070170;
4433570 -62.170670 -34.070170;
4454699 65.624682 -34.070170;
4478173 33.361986 -34.070170;
4499911 -11.324258 -34.070170;
4523346 17.343522 -34.070170;
4545752 -37.563132 -34.070170;
4569451 35.106408 -34.070170;
4591941 34.550554 -34.070170;
4616629 58.529096 -34.070170;
4639148 28.881936 -34.070170;
4660139 73.195022 -34.070170;
4683539 54.054334 -34.070170;
4705361 13.696742 -34.070170;
4728764 -9.603283 -34.070170;
4751284 5.027434 -34.070170;
4775109 -4.179249 -34.070170;
4797763 -4.880503 -34.070170;
4822191 34.331022 -34.070170;
4844692 30.959834 -34.070170;
4869930 17.877665 -34.070170;
4892427 30.504303 -34.070170;
4915725 30.504303 -34.070170;
4938404 22.336831 -34.070170;
4963571 42.277124 -34.070170;
4986181 58.733270 -34.070170;
5007802 39.525441 -34.070170;
