391628  0.000000  95.416000  95.416000;
412242 -0.006924 -0.411578 -0.411578;
440012 -0.006924 -0.483220 -0.418799;
468529 -0.015403 -0.748012 -0.451528;
494655 -0.024111 -0.077610 -0.413946;
523229 -0.031689 -0.699793 -0.442049;
549661 -0.039978 -0.595079 -0.457292;
578431 -0.052084  2.360806 -0.185861;
606982 -0.062187 -1.097472 -0.279386;
635546 -0.045623 -2.020244 -0.451536;
664055 -0.037773 -2.157589 -0.621042;
692574 -0.029938 -3.261805 -0.886849;
721076 -0.038647  0.351202 -0.763291;
749758 -0.041257  3.218033 -0.362928;
778417 -0.021990 -3.318842 -0.663895;
806940  0.008200 -0.122187 -0.610097;
835467  0.012120  0.289156 -0.520571;
862074  0.016039  1.353771 -0.334357;
890777  0.023757 -0.366742 -0.337609;
919528  0.035589 -2.785732 -0.592421;
948055  0.047002 -0.634548 -0.596611;
975696 -0.000471  1.814323 -0.360072;
1004758 -0.021993  0.949071 -0.229911;
1033413  0.004185 -1.947394 -0.402353;
1062104  0.039621 -0.353943 -0.397656;
1091569  0.073350  1.728163 -0.182436;
1120547  0.050857  0.757691 -0.088245;
1149253  0.045991 -0.427491 -0.122059;
1177912  0.071848 -1.496965 -0.261510;
1206571  0.097663 -0.839708 -0.319668;
1235242  0.109477 -0.538007 -0.341305;
1263780  0.111665 -0.999890 -0.407858;
1289377  0.112101  0.501640 -0.317299;
1317892  0.118354  1.033645 -0.184396;
1346414  0.125319 -2.569036 -0.421101;
1374929  0.127061  0.555198 -0.323640;
1402574  0.130979 -2.087819 -0.498226;
1431257  0.141531  2.427992 -0.205785;
1459864  0.148099 -2.234126 -0.419672;
1488536  0.154650 -1.507481 -0.529877;
1514412  0.171722 -0.210028 -0.498151;
1542927  0.187524 -3.196662 -0.774249;
1571437  0.209292 -0.508470 -0.747792;
1600095  0.224526 -0.645648 -0.737577;
1628748  0.239839 -1.177471 -0.782317;
1657389  0.262587 -2.746421 -0.977442;
1685909  0.295819 -2.777517 -1.156061;
1714600  0.327169  0.694539 -0.977805;
1743114  0.352575 -1.647728 -1.044197;
1771741  0.382177 -0.680595 -1.007423;
1800260  0.411897 -1.787856 -1.086473;
1827699  0.440198 -3.017783 -1.275474;
1856346  0.482090  5.223424 -0.650976;
1885005  0.523639  0.008503 -0.584199;
1913521  0.537203 -5.535303 -1.072209;
1941787  0.550699 -7.031019 -1.630116;
1970450  0.602052  8.074671 -0.633250;
2000333  0.631809 -5.099876 -1.096370;
2029065  0.678801  2.313505 -0.753887;
2057725  0.720473 -3.289575 -0.997293;
2086393  0.783482  6.826602 -0.234252;
2115049  0.821122 -4.227708 -0.654185;
2141383  0.858747 -8.757396 -1.536352;
2170057  0.960866  1.309723 -1.288836;
2198720  1.023030  8.428615 -0.347529;
2227244  1.059351  2.157962 -0.083986;
2255125  1.095496 -2.444269 -0.328370;
2283736  1.133806 -4.377895 -0.747827;
2312268  1.226409  11.129843  0.375132;
2340800  1.258644 -3.010154  0.017889;
2370961  1.236428  5.255870  0.535312;
2399690  1.283857 -1.498897  0.323259;
2428209  1.369386 -11.309160 -0.829081;
2456743  1.454290  0.445661 -0.713704;
2485301  1.535753  6.780040  0.022514;
2513821  1.594613 -2.800679 -0.240762;
2542493  1.665587  29.737304  2.065232;
2571842  1.754010 -25.209047 -1.779590;
2600348  1.811364 -38.860357 -9.030812;
2629028  1.849662 -14.593454 -9.507926;
2657829  1.888194 -8.998575 -9.469835;
2683085  2.035937  22.930847 -6.687824;
2711600  2.163952 -9.448777 -6.957839;
2740256  2.232736  17.035886 -5.067794;
2768834  2.301860  10.316687 -3.431999;
2797512  2.346800  6.061734 -2.530793;
2826182  2.438745  6.672912 -1.551263;
2854896  2.548610 -10.055883 -2.525245;
2883426  2.616997  0.578046 -2.251846;
2912080  2.733295 -8.971913 -2.951198;
2940708  2.850099 -15.555385 -4.498023;
2969377  2.993457 -0.343813 -4.052753;
2997175  3.059987  8.399242 -2.742465;
3025840  3.092665 -13.858896 -4.085245;
3054511  3.249776 -8.146926 -4.448335;
3083176  3.434496 -4.523659 -4.458494;
3109070  3.619177 -2.550949 -4.282410;
3138431  3.771774 -30.201569 -7.460345;
3167092  3.966767  2.643498 -6.064732;
3195842  3.985145  0.116183 -5.516813;
3224379  3.767435  24.888595 -3.131998;
3252896  3.551338  40.415068  0.271310;
3281398  3.316671  12.080728  1.441042;
3309923  3.072120 -7.635414  0.464689;
3338449  2.677560  25.941239  2.989045;
3366977  2.130993  10.119467  3.667258;
3395530  1.458952 -16.885896  1.436485;
3423516  0.786322  17.218410  3.072650;
3452084  0.101413  47.165368  8.160591;
3485281 -0.032922  13.690771  8.700053;
3514363  0.725794 -10.156981  6.844530;
3543381  1.421542 -22.163478  3.905417;
3571927  1.460085  20.885922  5.545489;
3600477  1.284015 -13.398232  3.625041;
3629002  1.069127  1.067802  3.378649;
3657547  0.849637  2.274057  3.270212;
3686060  0.629993  10.097121  3.920978;
3714617  0.384912  7.229850  4.245339;
3742241  0.093674  3.759757  4.210393;
3770797 -0.147562 -11.192123  2.345576;
3799445  0.033802 -5.152019  1.538966;
3828195  0.215749 -1.325366  1.272701;
3855978  0.379032 -19.162999 -0.814612;
3884510  0.124531  5.786619 -0.132439;
3913143 -0.275353  32.425889  3.508198;
3941837 -0.513160 -5.759640  2.432042;
3970451 -0.474609 -0.969713  2.085939;
3998972 -0.436166 -1.281034  1.786543;
4027501 -0.412217 -0.918995  1.523144;
4056181 -0.498021 -2.199962  1.141533;
4084723 -0.679297 -4.347373  0.556383;
4113474 -0.919398  29.591521  3.266263;
4142128 -0.980850  0.478003  2.984554;
4168248 -1.042096 -2.046869  2.475277;
4196780 -1.243479  4.103473  2.653879;
4225583 -1.292702  9.217281  3.278681;
4254113 -1.255764  4.843897  3.435917;
4281775 -1.219176  0.923025  3.182281;
4310304 -1.200594 -1.231537  2.720470;
4338986 -1.212354 -2.869115  2.123987;
4367518 -1.244320 -12.928551  0.416574;
4398038 -1.290929  5.190277  0.861919;
4426627 -1.340321  1.391624  0.913093;
4455428 -1.301474 -5.514995  0.272115;
4483956 -1.262340 -2.856000 -0.041627;
4512476 -1.254936  1.537428  0.117667;
4540996 -1.284109 -5.384798 -0.478586;
4569523 -1.192671  5.731587  0.097416;
4598408 -1.190493 -8.469102 -0.792215;
4627090 -1.255760 -8.605910 -1.643339;
4655607 -1.320568 -7.253168 -2.218357;
4684274 -1.342337 -3.338778 -2.335835;
4715079 -1.384791  4.198815 -1.739422;
4743740 -1.501897 -0.862669 -1.659447;
4772436 -1.497958  4.685935 -1.037377;
4800959 -1.476053 -10.732626 -2.064325;
4829490 -1.445570 -5.594647 -2.453412;
4858153 -1.429454  9.427976 -1.372154;
4886804 -1.413262 -1.670312 -1.401769;
4915695 -1.384393 -5.869327 -1.894251;
4944228 -1.407770  4.098797 -1.337252;
4972907 -1.370307  7.065664 -0.544171;
5002623 -1.352355  16.623717  1.035381;
5032086 -1.296553 -0.866602  0.847392;
5060604 -1.308248 -4.181148  0.323308;
5089162 -1.341337 -6.725556 -0.379310;
5118446 -1.373165 -6.488292 -1.045265;
5147013 -1.335163  4.995701 -0.483189;
5175537 -1.298092 -6.669470 -1.083631;
5204231 -1.277624  4.796651 -0.512770;
5235016 -1.264920  0.559399 -0.406335;
5263615 -1.249410 -4.597762 -0.820789;
5292138 -1.237184 -6.171430 -1.363528;
5320781 -1.248071 -10.926471 -2.363088;
5350152 -1.269499 -0.698804 -2.198264;
5378863 -1.259185 -2.646943 -2.240680;
5407435 -1.249103  14.545981 -0.534635;
5435964 -1.187161 -11.987027 -1.811864;
5464721 -1.238557 -1.916775 -1.822389;
5493408 -1.368951 -0.673138 -1.689640;
5522078 -1.450851 -5.062599 -2.018686;
5548122 -1.365936 -5.428547 -2.366873;
5576641 -1.330945 -5.424120 -2.666484;
5605175 -1.270859  12.376219 -1.387582;
5633704 -1.190703  3.247477 -0.907375;
5661342 -1.140614 -4.689916 -1.313355;
5689860 -1.121204 -6.379653 -1.827453;
5718373 -1.135572 -4.286591 -2.066964;
5747054 -1.171703 -2.030557 -2.063401;
5778021 -1.239574  5.922161 -1.198429;
5806685 -1.327038 -4.827563 -1.584564;
5835202 -1.260957 -1.053340 -1.533674;
5863728 -1.251379 -1.512023 -1.531600;
5892251 -1.256170 -10.033642 -2.385059;
5920771 -1.260960 -4.595792 -2.617137;
5949420 -1.294052 -1.399423 -2.490957;
5977966 -1.262123  2.154385 -2.062062;
6006521 -1.235973  1.435721 -1.700506;
6035170 -1.197610  7.457471 -0.733706;
6063685 -1.198922 -2.796543 -0.933330;
6090157 -1.200228  8.095702 -0.080410;
6118889 -1.296416  13.694511  1.136869;
6147435 -1.256498  9.957554  1.992889;
6175964 -1.186768 -8.224903  0.918056;
6204473 -1.144083 -0.316521  0.792956;
6232997 -1.101429  4.213369  1.118197;
6261515 -1.078348 -2.264301  0.772186;
6290038 -1.040905 -0.796066  0.614630;
6318565 -1.037421 -3.832554  0.158504;
6347115 -1.038292  1.512242  0.295014;
6375722 -1.055291 -7.837599 -0.549230;
6402667 -1.072324 -8.475838 -1.314075;
6431362 -1.037769 -3.483990 -1.537918;
6460023 -1.002722 -4.320862 -1.823723;
6487169 -0.997908  1.118781 -1.530240;
6515218 -0.993349  2.545315 -1.120874;
6543878 -0.972366  2.842630 -0.702521;
6572456 -0.961865 -0.189154 -0.649989;
6601126 -0.894674  2.400488 -0.355417;
6631546 -0.836021 -0.057980 -0.325756;
6660092 -0.814193 -1.021589 -0.396354;
6688649 -0.759280  0.157830 -0.340933;
6717184 -0.704346 -1.683047 -0.470627;
6745701 -0.633770  4.000792 -0.019923;
6774240 -0.578913 -3.237264 -0.337206;
6802765 -0.508328  0.891376 -0.214613;
6831280 -0.471747 -2.183038 -0.447486;
6859805 -0.389031  1.407433 -0.269966;
6888388 -0.306287  5.961279  0.352827;
6916948 -0.112097  0.147085  0.332053;
6943832 -0.011810 -45.200413 -4.254823;
6972354 -0.214158 -8.131116 -4.658854;
7001536 -0.395741  2.054770 -4.006088;
7030191 -0.581526  10.606719 -2.446722;
7058805 -0.510654  0.924918 -2.097827;
7087676 -0.253346  0.094404 -1.879733;
7116262 -0.023701 -24.539314 -4.369652;
7144839 -0.213110 -1.501158 -4.070448;
7173488 -0.339634  0.936261 -3.563056;
7202035 -0.466477  13.033097 -1.818183;
7230556 -0.384977  0.416140 -1.594641;
7257709 -0.029226  2.413846 -1.236740;
7286234  0.345112 -12.294964 -2.347423;
7314763  0.177011  1.715605 -1.902396;
7343324  0.008885  9.762859 -0.805213;
7371218 -0.070475  26.307449  2.104893;
7399869 -0.019371  1.562463  2.050790;
7428545  0.319192 -2.256174  1.646024;
7457809  0.751740 -15.281097 -0.101981;
7486638  0.733422  7.265542  0.538409;
7515184  0.715376  7.140913  1.230008;
7543712  0.693585  9.160556  1.967649;
7572395  0.817715  6.600963  2.460448;
7600899  0.979741  2.118288  2.424637;
7629553  1.099849  5.087974  2.696714;
7658211  1.255149  6.326198  3.074108;
7688876  1.410471  3.588116  3.120758;
7717469  1.600079 -5.626394  2.129779;
7746156  1.776876  40.691790  5.128546;
7774941  1.945494  15.151868  6.298935;
7803799  2.123038  5.057212  6.189845;
7832453  2.259177  10.710795  6.619001;
7860968  2.470911 -5.520116  5.144132;
7889489  2.617186 -9.288521  3.601257;
7918143  2.763492 -18.491918  1.016425;
7946789  3.001474 -17.505113 -1.150210;
7975333  3.183408 -11.348978 -2.272903;
8002269  3.501533 -10.406897 -3.045425;
8030805  3.707562  15.615025 -1.300504;
8059358  3.925830 -9.353851 -2.159584;
8087888  4.193051  2.763407 -1.797487;
8117183  4.395157 -15.004738 -3.316873;
8145784  4.625044  16.482558 -1.474603;
8174354  5.065631  57.383911  2.628736;
8203394  5.406290 -39.720381 -3.009103;
8232024  5.989307  6.546186 -1.740121;
8260668  6.564093 -64.865409 -8.613469;
8289245  7.208692 -3.141990 -7.871983;
8319838  8.038516 -2.140632 -7.213244;
8348437  9.003480  42.647667 -1.708941;
8377199  10.129102  6.831060 -0.753117;
8405764  11.242696  59.584674  5.056453;
8435104  11.571957 -33.566930 -3.511347;
8463859  11.752476  52.856661  1.570409;
8492436  11.929396 -1.747400  1.335723;
8521074  11.818578  46.846532  4.990960;
8549694  11.239697  1.436657  4.518121;
8578246  10.316428  40.354407  8.813473;
8606955  9.092834  70.322023  15.712308;
8632173  7.520632 -22.723480  9.760348;
8660694  6.139610 -28.268979  4.522512;
8689221  4.520226 -21.906280  2.577422;
8717890  2.876549  18.925626  4.267844;
8745756  1.262769  47.543738  9.730049;
8774366  0.451889  21.610500  10.807786;
8803300  0.597778  2.082341  9.902228;
8831840  0.906113 -25.628531  5.815495;
8857666  0.860362  5.575805  5.788720;
8886466  0.447540  5.768994  5.786761;
8915137 -0.104716  24.551635  8.003742;
8943803 -0.516616 -16.713703  5.189565;
8972336 -0.429086  8.354301  5.472814;
9000999 -0.253096 -1.352224  4.821095;
9029639 -0.599240 -6.753636  3.670303;
9058165 -1.116946 -1.980833  3.098168;
9086798 -1.632592  45.882488  8.134066;
9115464 -1.825373  5.511094  7.895822;
9144037 -1.651189  19.126561  8.869233;
9171683 -1.540823  1.827572  8.131168;
9200361 -1.502414  10.881859  8.405699;
9228896 -1.462571  28.654422  10.207486;
9257568 -1.621583  10.145207  10.201560;
9283984 -1.899110  20.570097  11.428260;
9312634 -2.160447  30.222323  13.519455;
9341308 -2.189753  2.411282  12.254912;
9369853 -2.219084 -8.006701  9.904202;
9398501 -2.315832 -1.718002  8.636015;
9426992 -2.387124 -24.645256  4.820579;
9455654 -2.444541  37.336721  7.694377;
9488195 -2.534246 -13.699205  5.332783;
9517149 -2.616220 -7.202083  4.110144;
9545812 -2.689157 -10.802368  2.424692;
9574485 -2.783679  2.447103  2.426343;
9601364 -2.842339  12.259952  3.412666;
9629896 -2.850956 -6.829488  2.094707;
9658549 -2.839195  0.469072  1.934756;
9687066 -2.827384  11.159056  2.886903;
9714845 -2.838268  5.275407  3.117404;
9743531 -2.945992  4.130368  3.216002;
9772234 -2.977962  1.043198  2.996662;
9800889 -3.006446 -2.143430  2.540538;
9830203 -3.044945 -2.578713  2.058777;
9858869 -3.084328 -5.134508  1.347122;
9887526 -3.165731 -4.329351  0.855412;
9916089 -3.240546  6.013453  1.360486;
9944682 -3.191269 -1.308416  1.114931;
9973205 -3.115312  2.946152  1.297815;
