396930  0.000000  95.416000  95.416000;
417543 -0.000315 -0.544411 -0.544411;
445150 -0.000315 -0.503833 -0.532297;
473677 -0.001158 -0.638060 -0.563981;
502398 -0.004206  0.186292 -0.337916;
531068 -0.008591 -0.732680 -0.456465;
559627  0.003665 -3.140866 -1.260189;
588286 -0.017264  0.448743 -0.754420;
616927 -0.038266 -0.955341 -0.815007;
645470 -0.052259  2.404185  0.140589;
674124 -0.060103  0.918585  0.379494;
702659 -0.027293 -2.215398 -0.399983;
731455  0.012787 -1.056572 -0.596472;
757470  0.011468  0.779031 -0.186550;
785995  0.005511 -0.132369 -0.170144;
814511  0.006382 -0.167634 -0.169396;
843051  0.005946 -0.615357 -0.302061;
870984  0.008996 -0.003603 -0.212093;
899518  0.011129 -0.762351 -0.377355;
929392  0.009822 -0.444647 -0.397530;
957964  0.010734 -0.836372 -0.529435;
986481  0.010734 -0.602269 -0.551212;
1015185  0.003332  1.181687 -0.029755;
1043754 -0.007185  0.016428 -0.016023;
1073491  0.005900 -1.371053 -0.427096;
1102301  0.016342  0.322372 -0.202698;
1130987  0.026458 -0.254086 -0.218122;
1159541  0.047918 -0.103640 -0.183887;
1189629  0.053150 -1.296989 -0.514931;
1218266  0.018698  1.095279 -0.030613;
1248802  0.003833  1.227428  0.348917;
1277508  0.016420  0.293306  0.332149;
1306141  0.057616 -0.406311  0.110647;
1334783  0.113571 -4.610264 -1.305382;
1363554  0.169543 -2.300715 -1.600462;
1389996  0.128693  0.935315 -0.833871;
1418535  0.091553  1.398421 -0.163684;
1447251  0.079789  1.848054  0.439893;
1475761  0.151250  0.729556  0.526720;
1503637  0.222198 -10.256029 -2.683596;
1532304  0.284760 -6.840812 -3.921471;
1560843  0.283009  0.753440 -2.488250;
1589517  0.217217  1.784954 -1.203793;
1619511  0.189200 -0.143543 -0.881629;
1648064  0.223544 -2.570777 -1.392852;
1676728  0.208722 -1.983332 -1.572519;
1705271  0.193843 -0.321385 -1.194030;
1733800  0.187743  0.702090 -0.631637;
1762333  0.194276 -1.725839 -0.963556;
1790867  0.197325 -1.715996 -1.189781;
1820115  0.209087  0.691277 -0.637610;
1848656  0.231861 -2.533781 -1.216100;
1877527  0.254083 -1.968644 -1.440604;
1906567  0.284938 -0.997455 -1.312364;
1932778  0.311539  0.271373 -0.835848;
1961443  0.329547  0.657750 -0.383046;
1989966  0.347052 -1.240648 -0.649097;
2018668  0.364471  0.592268 -0.284992;
2047213  0.386819  3.479897  0.837081;
2075890  0.395099  2.339085  1.283969;
2104574  0.421806  1.803224  1.435564;
2133229  0.457716 -2.108544  0.350758;
2161876  0.478277 -0.768319  0.010049;
2190514  0.508018  0.253713  0.081585;
2219172  0.537749 -0.830365 -0.196351;
2246635  0.565313  3.020720  0.756544;
2275310  0.582084 -6.270649 -1.449520;
2303976  0.618858  3.672055  0.000755;
2332694  0.620609  0.900501  0.286108;
2360346  0.622363  0.220669  0.267354;
2389061  0.660780 -2.507693 -0.580523;
2417570  0.716456  1.951541  0.116286;
2446231  0.782615  5.222798  1.630725;
2474882  0.836874 -9.802626 -2.070445;
2503532  0.847372  1.707137 -0.971077;
2532097  0.857869 -5.008423 -2.189533;
2560799  0.919797  0.105712 -1.482685;
2589607  0.982021  5.379276  0.477355;
2618170  1.056350  1.173017  0.676366;
2646978  1.140077  2.528975  1.261954;
2673293  1.217484  21.892121  7.002077;
2701960  1.304263  2.363089  5.533474;
2729969  1.396095 -10.886564  0.220634;
2755964  1.396095 -8.961381 -2.815722;
2782248  1.473088 -18.468898 -7.941699;
2810931  1.485127 -4.948710 -7.010764;
2839503  1.566578  9.365244 -2.223357;
2868201  1.647713 -2.533448 -2.308250;
2895873  1.746294  16.039737  3.738273;
2924401  1.828254  13.718201  6.462054;
2953232  1.840449  8.989424  7.257099;
2981753  2.019157  3.064438  6.055222;
3011759  2.195944 -1.307946  3.772629;
3040327  2.228928 -6.021396  0.938320;
3069000  2.329679  16.042081  5.438036;
3097569  2.517039  20.982424  9.739214;
3126215  2.612996 -9.493037  3.662730;
3154921  2.662853 -14.247362 -2.346732;
3183469  2.692654 -0.545624 -1.735551;
3213208  2.722292 -23.694443 -9.496101;
3241761  2.791759  7.162489 -4.667005;
3270453  2.926459  0.209704 -3.221001;
3299126  3.021077 -9.820433 -4.977971;
3324292  3.213251 -20.328391 -9.696926;
3352839  3.353873 -8.990196 -9.467052;
3381370  3.461524 -16.167406 -11.230410;
3410219  3.671477 -14.725486 -12.548782;
3438745  3.773660 -12.705884 -12.598526;
3467256  3.966156  12.969014 -5.319690;
3495909  4.179880  48.145545  8.689824;
3524443  4.394668  53.709423  20.438831;
3552972  4.710502  54.073712  31.007402;
3581519  4.938734  1.459699  22.858979;
3610112  5.218538  33.017008  25.789771;
3638181  5.552487 -43.040590  1.841297;
3666755  5.978450  41.644951  12.184739;
3695506  6.412076  59.748480  24.629308;
3724026  6.929155  2.511390  18.532336;
3750730  7.570964  13.865354  16.770350;
3779446  8.247330 -2.553189  9.290494;
3808140  8.825157  2.790365  6.177994;
3836737  9.402542  3.572834  5.360673;
3865428  9.822110  39.176501  13.761105;
3894355  10.053391  0.828727  9.379400;
3922899  10.175282 -13.887165 -0.209834;
3951637  9.896814 -10.764414 -2.744073;
3980225  9.053540  55.030650  14.674848;
4008917  8.214668  6.418314  12.443359;
4037464  7.017051 -40.585905 -10.163129;
4064623  5.321664  20.483200  0.191482;
4093153  3.724052  36.227132  12.000994;
4121808  2.848551  54.837104  28.318578;
4150727  2.777242  15.978497  25.640626;
4178549  2.705275 -16.857327  14.648099;
4207218  2.711647 -31.708846  0.563709;
4238254  2.225368  3.037614  1.381558;
4267119  1.457760 -1.176190  0.585309;
4295676  0.775136  29.149106  11.194258;
4324206  0.489566 -2.001285  7.258554;
4352935  0.631127 -0.880887  4.963706;
4380537  0.773675 -24.470424 -3.385109;
4409080  0.838993  7.533323 -0.434772;
4437761  0.438955  4.063161  0.956420;
4466512 -0.039207  5.903864  2.648778;
4494067 -0.132264 -0.923733  1.570193;
4522784  0.079762 -9.942261 -2.106933;
4551438  0.198138 -4.092523 -2.686655;
4580106  0.288256 -25.516045 -10.230148;
4608672  0.064164 -6.061137 -9.009304;
4637408 -0.297818  16.757899 -0.313099;
4666083 -0.148215 -14.989127 -4.905438;
4694666 -0.068100 -0.916031 -3.788301;
4723314  0.011758 -19.441267 -8.336330;
4751976  0.018318  10.698076 -2.776634;
4780520 -0.336128 -1.508529 -2.415615;
4806744 -0.714390  36.327072  11.231743;
4835393 -0.782452 -2.670029  6.941799;
4863915 -0.641176 -4.490006  3.525678;
4892476 -0.563230 -5.607933  0.909739;
4920263 -0.595061 -1.335131  0.291215;
4948966 -0.676938 -8.488389 -2.630598;
4977608 -0.779918  0.478472 -1.627941;
5006239 -0.882679 -2.466575 -1.870815;
5036816 -0.972288  1.256041 -0.970501;
5065354 -1.074055 -3.991534 -1.827120;
5094025 -1.184286 -2.103493 -1.911328;
5122715 -1.270518  5.140142  0.304493;
5151255 -1.374328  2.875356  1.046504;
5179922 -1.562997  16.333543  4.790978;
5208630 -1.752505 -1.142090  2.886525;
5237877 -1.840163  22.073674  8.770821;
5266414 -1.824089  4.515582  7.465571;
5294947 -1.900768  15.682890  10.059794;
5323627 -2.006188 -8.564362  4.664692;
5349486 -2.171262  8.561694  5.866580;
5378010 -2.178763  6.531622  6.058335;
5406549 -2.220569 -0.055962  4.294296;
5435236 -2.339518  7.485118  5.500921;
5463798 -2.601861  12.148651  7.397967;
5492476 -2.732680 -26.464062 -1.838871;
5521120 -2.864029  18.198940  3.063395;
5549907 -3.014028  32.242104  10.763031;
5578626 -3.120386  4.888052  8.625024;
5607137 -3.267269  11.487407  9.483624;
5635791 -3.315150 -34.203927 -11.113666;
5663537 -3.677372  23.926697 -2.775947;
5692071 -3.895951  68.693694  24.813769;
5720747 -3.939950  13.531412  21.125396;
5750929 -4.145279 -5.834333  12.071747;
5779647 -4.575660  27.705031  14.965767;
5808201 -4.752353 -20.418915 -1.614376;
5836864 -5.226654 -5.678217 -2.969097;
5865427 -5.792037 -21.778269 -9.015522;
5893973 -6.355448  7.398970 -4.519710;
5922513 -6.957311  15.563762  1.466441;
5951069 -7.627892 -22.255518 -9.144339;
5978748 -8.378195 -4.918483 -8.356836;
6007270 -9.012910 -20.576414 -11.430923;
6035792 -9.578560 -9.315811 -11.058167;
6064324 -10.144210 -2.430468 -8.924151;
6090497 -10.391632 -2.280452 -7.428690;
6119048 -10.410812  33.146088  7.124502;
6147545 -9.986253  0.924286  5.178565;
6176068 -9.562496 -16.409322 -3.706827;
6204627 -9.041244 -34.684119 -16.250785;
6233330 -8.422974 -38.101066 -24.364723;
6261896 -7.601761  36.336378 -13.652102;
6290444 -6.877798 -16.535216 -14.760584;
6319043 -6.150805 -15.581619 -14.909850;
6347545 -5.422513 -30.209647 -21.484736;
6376065 -4.848991 -55.276279 -35.566683;
6402704 -3.992521 -12.040168 -28.331425;
6431230 -3.170982 -23.675473 -27.202230;
6459748 -2.225487  3.904513 -22.283152;
6488779 -1.280256 -0.475195 -14.977751;
6516802 -0.292759 -60.281816 -33.631866;
6545460 -0.110075 -22.052650 -30.552001;
6574003 -0.868746 -5.557432 -23.509162;
6602698 -1.838772  12.285511 -9.706521;
6631653 -1.769992 -11.207282 -10.207657;
6660184 -1.700588  22.424979 -3.121775;
6688723 -1.586900 -24.991848 -9.580189;
6717246 -1.470565 -10.039194 -9.710601;
6745756 -1.491903 -7.000760 -8.919886;
6774446 -1.659916 -6.859704 -8.267246;
6802978 -1.708098  3.492665 -4.382965;
6828842 -1.756014 -8.738788 -5.731106;
6857392 -1.690466 -6.963891 -6.075878;
6885933 -1.610264 -9.581386 -7.041554;
6915435 -1.393265 -1.359293 -5.083121;
6943173 -1.168960  13.930112  1.075400;
6971874 -0.782746 -5.695653 -1.032725;
7000409 -0.237646 -31.522363 -11.584835;
7029076  0.069922 -8.574661 -10.825914;
7058849 -0.325726  0.050862 -7.927745;
7087391 -0.709820  42.522083  8.656513;
7115914 -0.524188 -10.333368  2.424838;
7144459 -0.404000 -0.320681  1.659433;
7173132 -0.283719 -13.832218 -2.579681;
7201660 -0.247385 -7.521971 -4.133627;
7234581 -0.536585 -7.108464 -5.060878;
7262680 -0.932140  31.590350  7.516774;
7291242 -0.947583 -8.028484  2.899478;
7319773 -0.842929  4.100877  3.251029;
7348295 -0.767136 -6.460487  0.451065;
7374386 -0.726204 -8.579358 -2.327661;
7402922 -0.807066  6.090500  0.258253;
7432357 -0.799660 -6.291762 -1.713957;
7460965 -0.497670 -5.664881 -2.912676;
7489691 -0.130789 -9.558525 -4.886949;
7518214 -0.207099 -12.600793 -7.328650;
7546729 -0.282870 -0.413953 -5.368914;
7575403 -0.329452  14.043178  0.733627;
7603929 -0.199434 -4.314888 -0.770099;
7632686  0.253062 -14.473249 -5.198767;
7661226  0.601220 -10.956035 -6.957264;
7688596  0.492724 -0.994099 -5.335572;
7717109  0.338533 -8.767033 -6.446022;
7745914  0.144383  9.928242 -2.159758;
7774447 -0.028007  2.886979 -0.782201;
7802126  0.359258 -3.692974 -1.643047;
7830811  0.428983 -46.211653 -19.617420;
7859350  0.501243  0.500973 -13.566433;
7887914  0.245046  6.980669 -7.267187;
7917194 -0.007015  1.497031 -4.879861;
7945972  0.279080 -7.344749 -5.634590;
7974754  0.532590 -11.221014 -7.432036;
8003494  0.297500 -2.476225 -5.888663;
8032043  0.005273  1.008114 -3.892446;
8060789 -0.285011  28.178599  5.630188;
8089469 -0.084886 -2.252590  3.138158;
8115648  0.360420 -22.088951 -4.223491;
8144315  0.197750 -1.472362 -3.411320;
8172902 -0.075352 -4.773928 -3.819699;
8201794 -0.347692  29.922645  7.311305;
8229736 -0.456644  7.545580  7.385031;
8258262 -0.226709  0.234536  5.284704;
8286915  0.118652 -9.480323  0.737930;
8315617  0.084968 -24.526244 -7.513734;
8345714 -0.156479  3.375986 -4.360072;
8374337 -0.113746  34.334862  9.140515;
8402890 -0.073106 -0.727998  6.338610;
8431686  0.370229 -33.970408 -6.298104;
8460236  0.712703  3.038029 -3.360692;
8488775  0.538788 -9.019837 -5.094280;
8517293  0.311347  4.634353 -2.272032;
8546682  0.280870  34.344330  10.714699;
8575337  0.249462 -3.789664  6.378612;
8603856  0.707504 -20.874131 -2.912916;
8632390  1.224765 -2.386967 -2.773322;
8663149  1.026552 -0.601374 -2.125237;
8691838  0.694542  6.367386  0.430367;
8720748  0.397578  48.094468  18.666015;
8750656  0.317248  2.535811  14.073606;
8779336  0.818150 -20.159106  2.306002;
8807894  1.225800 -29.252031 -7.568363;
8836423  1.275068 -3.902323 -6.545809;
8866359  1.201895 -8.412070 -7.144852;
8894871  1.117800  10.209344 -2.187444;
8923452  1.037705  9.991061  1.262699;
8952040  1.063450 -12.340148 -3.391659;
8982062  1.121935  3.462916 -1.526658;
9010740  1.176021  11.870540  2.292526;
9039454  1.226371  1.090805  1.935461;
9067988  1.335528  7.168955  3.457324;
9096639  1.359052 -16.269627 -3.312857;
9125165  1.382673  1.860253 -1.815389;
9153724  1.453226 -3.548832 -2.325177;
9183905  1.561794  16.940746  3.147320;
9212576  1.698645  54.174474  15.148971;
9241279  1.733663  67.025178  31.409079;
9269821  1.795889 -37.714915  18.964590;
9299493  1.957555 -25.704231  1.677792;
9328016  2.037284  23.304040  9.728458;
9356800  2.113926  1.766455  6.652156;
9385348  2.231699  6.801513  6.704595;
9414009  2.282693  45.193557  17.628381;
9442544  2.462973  39.813917  24.984658;
9471244  2.671649 -1.084034  16.211934;
9501173  2.853050  11.639111  15.034179;
9529864  2.937583 -19.410384  3.287764;
9558522  3.018618 -4.533336  0.735323;
9587052  3.086435  14.201193  5.055793;
9616813  3.211880 -7.674399  0.715853;
9645343  3.361821 -11.660274 -3.331467;
9673907  3.536485  28.174587  4.986275;
9702444  3.707870  45.189747  17.010391;
9731094  3.906975  18.021502  17.226438;
9759934  4.106869  3.140203  12.003059;
9788598  4.329663 -22.183427 -2.182910;
9818672  4.448696  1.937271 -0.865040;
9847455  4.627762  37.375509  13.244196;
9876074  4.794308 -33.915600 -7.286329;
9904644  5.180555  11.078935 -2.475891;
9930880  5.566141  9.568793  1.736624;
9959663  5.993127 -26.199819 -6.584692;
9988332  6.530117  4.042302 -4.178995;
10016827  7.153394  42.960302  13.000371;
