394172  0.000000  0.000000  179.999750;
405236  0.000000 -93.639480 -93.639480;
430489  0.048479 -93.438703 -93.539355;
456920  0.177635 -93.202104 -93.489095;
483343  0.343081 -92.887855 -93.340732;
508735  0.508477 -92.980302 -93.169073;
535216  0.696107 -92.859095 -93.082505;
560590  0.923722 -92.248901 -92.970793;
587020  1.172039 -92.212209 -92.614312;
612416  1.514620 -92.190612 -92.431296;
638904  1.843799 -91.285119 -92.317109;
665352  2.293892 -91.304464 -91.810991;
690714  2.743306 -90.880465 -91.557428;
717153  3.228088 -90.444605 -91.219811;
742517  3.776647 -89.665003 -90.831984;
768961  4.351694 -88.374459 -90.638117;
795388  5.046101 -88.349917 -89.508930;
821834  5.740062 -87.066065 -88.922051;
848307  6.476916 -86.502790 -88.628734;
873708  7.279998 -86.168827 -87.563619;
900163  8.050559 -85.085811 -86.868802;
925566  8.919737 -84.172340 -86.521845;
952006  9.754352 -83.452531 -85.345346;
977370  10.662596 -82.830430 -84.429252;
1003767  11.562533 -81.766040 -83.970124;
1034407  13.647142 -80.880690 -82.866814;
1061081  13.647142 -78.618331 -81.876124;
1086479  14.668900 -78.462122 -81.378965;
1112892  15.667758 -77.202339 -79.919632;
1139327  16.706535 -76.469861 -78.563123;
1164688  17.771603 -74.859801 -77.924923;
1191162  18.798046 -73.933503 -76.335460;
1216536  19.868727 -73.071839 -75.139080;
1242958  20.894146 -72.499884 -74.542882;
1268379  21.961918 -71.352863 -73.512380;
1294841  22.938784 -70.841089 -72.434632;
1321301  23.955652 -69.764867 -71.894203;
1346691  24.939722 -68.127153 -70.829499;
1373134  25.850273 -68.216676 -69.574958;
1398540  26.744087 -66.614371 -68.947052;
1424962  27.475624 -65.588524 -67.781941;
1451400  28.236416 -65.505838 -66.874541;
1477887  29.584137 -64.683051 -66.424667;
1504320  29.584137 -63.834536 -65.558752;
1529695  30.185438 -63.507337 -64.700849;
1556157  30.710758 -63.020007 -64.271001;
1581533  31.258583 -62.471501 -63.645891;
1607978  31.776176 -62.038463 -63.058606;
1634419  32.294579 -61.729877 -62.765023;
1660873  32.760021 -61.061925 -62.246702;
1686412  33.059700 -60.755172 -61.653528;
1712846  33.349010 -60.233896 -61.357523;
1739309  33.561291 -59.959715 -60.796402;
1764666  33.675224 -60.288463 -60.542125;
1791106  33.666706 -60.491576 -60.516861;
1816480  33.441460 -60.316011 -60.474302;
1842898  33.225296 -60.517048 -60.425240;
1869326  32.807449 -61.191904 -60.542343;
1894690  32.389442 -61.341222 -60.600900;
1921123  31.905010 -61.862367 -60.970802;
1946474  31.321062 -62.981976 -61.419399;
1972919  30.690189 -62.915554 -61.462137;
1999376  29.934387 -63.933402 -62.359822;
2025825  29.178242 -64.825995 -63.145643;
2052226  28.376696 -65.769708 -63.539298;
2077603  27.498812 -66.975794 -64.657935;
2104084  26.654978 -67.182824 -65.787274;
2129440  25.718641 -68.365499 -66.352004;
2155860  24.822084 -69.109168 -67.356337;
2181690  23.868141 -70.334762 -68.179502;
2208194  22.924065 -71.239954 -68.592186;
2233551  20.979841 -71.888446 -69.919431;
2259981  20.979841 -73.332777 -70.904832;
2285481  19.966221 -74.077185 -71.396899;
2311916  18.951672 -75.016689 -72.705956;
2338350  17.899921 -76.355623 -73.894273;
2363705  16.839333 -77.305837 -74.487740;
2389476  15.813519 -78.075013 -75.896736;
2415619  14.753958 -79.005947 -76.987094;
2442120  13.658746 -80.010944 -77.531407;
2467537  12.542063 -81.517782 -78.770425;
2493963  11.488519 -82.380790 -80.141913;
2519526  10.393151 -83.303806 -80.829398;
2545573  9.341751 -84.574023 -82.067218;
2572039  8.269251 -85.953122 -83.320807;
2597416  6.164147 -86.624883 -83.948025;
2623866  6.164147 -87.705122 -85.290398;
2650311  5.135626 -88.406456 -86.499137;
2675680  4.119815 -89.624436 -87.102540;
2702077  3.146110 -90.335477 -88.363525;
2727482  2.131740 -91.487640 -89.349843;
2753911  1.165962 -92.535042 -89.842782;
2780369  0.187080 -93.205953 -91.192424;
2806370 -0.757329 -94.133953 -92.186087;
2832861 -1.685426 -94.720034 -92.681612;
2859409 -3.542979 -96.152657 -93.725041;
2885871 -3.542979 -96.743476 -94.934508;
2912320 -4.435011 -97.759991 -95.556679;
2937705 -5.313683 -98.550059 -96.655620;
2964130 -6.155457 -99.498589 -97.604292;
2989555 -7.038980 -100.584199 -98.080449;
3016005 -7.897996 -101.002960 -99.242609;
3041370 -8.808199 -101.733145 -100.122693;
3067793 -9.724050 -102.654676 -100.571624;
3094237 -10.678102 -103.570418 -101.614709;
3119602 -11.662384 -104.420919 -102.535678;
3146105 -12.630514 -105.505855 -103.032955;
3171534 -13.669188 -106.619918 -104.269828;
3198032 -14.682078 -107.705063 -105.375882;
3223395 -15.752517 -108.015862 -106.037750;
3249839 -16.798014 -109.685086 -107.025122;
3276286 -17.888071 -110.963225 -108.349066;
3301645 -18.997633 -111.368076 -109.136903;
3328088 -20.086716 -112.915730 -110.253668;
3353537 -21.238096 -114.265029 -111.469265;
3379643 -22.368343 -115.366093 -112.229684;
3406105 -23.527769 -116.425169 -113.795745;
3431452 -24.690886 -117.630890 -115.041697;
3457967 -25.804993 -118.730548 -115.813536;
3484334 -26.956270 -119.924908 -117.274799;
3509711 -28.068918 -121.124103 -118.515919;
3536161 -29.095621 -121.542977 -119.435361;
3561510 -30.085779 -122.899739 -120.490042;
3587903 -31.034721 -122.702853 -121.368430;
3614319 -31.976408 -124.498860 -122.032864;
3639692 -32.852371 -125.039007 -123.264782;
3665382 -33.640678 -125.535370 -124.007057;
3691983 -34.389805 -127.214253 -124.725534;
3717394 -35.118389 -127.479433 -125.844473;
3743820 -35.733685 -128.205384 -126.664894;
3770276 -36.373558 -128.919952 -127.206196;
3795591 -36.967709 -129.152427 -128.065955;
3822003 -37.496426 -130.202770 -128.536715;
3847398 -38.005310 -130.022264 -129.017542;
3873830 -38.431789 -130.333570 -129.529538;
3899920 -38.808697 -131.075603 -129.932742;
3926353 -39.032154 -131.049569 -130.310938;
3952771 -39.258549 -131.111681 -130.680624;
3979211 -39.394875 -131.517756 -130.896364;
4004949 -39.338360 -131.931075 -131.062716;
4035210 -39.283348 -130.924421 -131.223712;
4060626 -39.106403 -130.948374 -131.162387;
4086631 -38.736610 -130.805197 -131.105937;
4113077 -38.358246 -130.791940 -130.964539;
4138417 -37.868488 -129.596718 -130.884850;
4164408 -37.319134 -129.150917 -130.521131;
4190890 -36.669556 -128.243631 -129.833510;
4217327 -35.936550 -127.673265 -129.291506;
4242721 -35.140614 -126.360658 -128.510819;
4269139 -34.288849 -125.564139 -127.438748;
4294516 -33.402737 -124.397104 -126.682050;
4320995 -32.521709 -123.746693 -125.828315;
4346363 -31.583424 -122.975509 -124.783511;
4372790 -30.674437 -122.314905 -124.167867;
4399227 -29.691998 -121.227572 -123.274859;
4424631 -28.709187 -120.161060 -122.250671;
4451089 -27.753531 -119.224642 -121.609483;
4476454 -26.758224 -118.794179 -120.544591;
4502869 -25.800163 -117.875432 -119.668378;
4529342 -24.793570 -116.756736 -119.144082;
4554703 -23.782745 -115.569600 -118.081264;
4581139 -22.845743 -114.051850 -116.824740;
4606509 -21.869024 -113.319299 -115.988841;
4632970 -20.937500 -112.645287 -114.704127;
4658361 -19.965918 -111.632847 -113.675676;
4684866 -19.045639 -111.337717 -113.090695;
4711310 -18.132330 -109.473008 -112.306013;
4736688 -17.221123 -108.667493 -110.913940;
4763081 -16.383455 -108.091909 -110.191003;
4788439 -15.512285 -107.394109 -109.150245;
4814862 -14.684569 -106.299182 -108.273321;
4841310 -13.824511 -105.674876 -107.746351;
4866674 -12.974541 -104.722402 -106.716236;
4893098 -12.177995 -104.033622 -105.719359;
4918484 -11.348160 -102.990652 -105.206527;
4944944 -10.579603 -102.522757 -104.137300;
4971356 -9.778532 -100.781928 -103.348210;
4997794 -9.003915 -100.787059 -102.934981;
5024192 -8.276163 -100.349016 -101.899501;
5049586 -7.549513 -99.453767 -101.125387;
5076034 -6.878801 -98.846894 -100.706829;
5101395 -6.180251 -98.108197 -99.796767;
5127841 -5.531319 -97.576481 -98.952168;
5154402 -4.867544 -96.881579 -98.529064;
5180709 -4.216698 -96.288114 -97.706321;
5207179 -3.593363 -95.697041 -97.001880;
5232540 -2.966165 -95.102395 -96.644997;
5259029 -2.370666 -94.571129 -95.892209;
5284544 -1.740592 -93.861770 -95.228994;
5311000 -1.128232 -93.449581 -94.896466;
5336371 -0.456128 -92.867323 -94.175042;
5362838  0.188412 -92.069522 -93.522127;
5389286  0.885443 -91.670187 -93.193672;
5414663  1.609432 -90.613164 -92.433193;
5441119  2.336261 -89.965616 -91.522941;
5466504  3.149732 -89.296062 -91.066956;
5492946  3.930272 -88.037788 -90.179577;
5519387  4.759058 -87.520655 -89.099457;
5546096  5.587811 -86.798008 -88.561712;
5571547  6.436383 -85.819326 -87.678732;
5598010  7.240324 -84.767232 -86.750760;
5623365  8.048759 -83.999652 -86.285446;
5649801  8.823344 -83.205450 -85.160313;
5676245  9.603106 -82.718055 -84.171504;
5701601  10.383102 -82.952822 -83.677971;
5728046  11.124040 -81.375774 -83.313720;
5753442  11.884686 -80.455945 -82.367535;
5780061  12.601203 -79.932194 -81.893562;
5805506  13.337188 -79.117950 -80.923062;
5831938  14.040713 -78.465139 -79.954601;
5858414  14.769914 -77.950729 -79.471313;
5885161  15.500328 -77.023724 -78.713039;
5910555  16.245569 -75.792863 -77.868885;
5936988  16.981026 -75.097374 -77.446407;
5962357  17.746574 -74.706060 -76.270890;
5988818  18.489828 -74.126138 -75.495486;
6015292  19.265076 -73.365649 -75.107942;
6040647  20.045553 -72.274089 -74.237014;
6067081  20.813559 -71.513932 -73.258286;
6092520  21.636442 -71.160301 -72.766838;
6118960  22.470297 -70.483469 -71.963648;
6145400  23.336964 -69.744874 -71.307704;
6172198  25.085718 -68.108910 -70.981777;
6197609  25.085718 -67.464031 -69.550396;
6224022  25.918268 -66.684967 -68.509616;
6249366  26.769533 -66.153085 -67.987383;
6275813  27.586346 -65.251923 -67.069096;
6302256  28.429016 -64.072515 -66.159779;
6327726  29.252180 -63.160956 -65.705640;
6354160  30.013168 -62.476326 -64.436247;
6379524  30.712963 -61.813381 -63.455758;
6405980  31.384432 -61.477474 -62.965874;
6432415  31.995544 -60.770546 -62.220007;
6458844  32.606174 -60.092057 -61.495151;
6485345  33.158562 -59.698123 -61.132803;
6510751  33.605236 -58.976595 -60.417048;
6537194  34.033455 -58.169453 -59.696720;
6562545  34.344715 -58.301047 -59.336618;
6588981  34.643120 -58.089664 -58.818179;
6615421  34.861065 -57.855530 -58.454352;
6641841  34.966423 -57.805394 -58.272114;
6668274  34.950287 -57.852530 -58.068030;
6693634  34.674656 -57.671317 -58.036406;
6720074  34.410213 -58.509415 -58.063040;
6745444  34.006550 -58.786939 -58.076353;
6771885  33.507282 -59.293417 -58.417262;
6798379  32.876331 -60.456453 -58.868425;
6824819  32.056839 -61.261215 -59.094840;
6851253  31.239016 -61.888377 -60.182868;
6876618  30.357613 -62.929066 -61.037403;
6903044  29.471968 -64.019605 -61.463357;
6928458  28.524666 -64.797156 -62.740763;
6954874  27.605494 -65.599833 -63.768751;
6981318  26.650082 -66.503196 -64.282943;
7006670  25.698097 -67.355632 -65.391623;
7038162  24.798971 -67.607080 -66.375750;
7063777  23.707569 -69.380118 -66.866256;
7090262  22.848391 -70.465802 -68.124701;
7115617  21.993187 -71.649369 -69.198007;
7142086  21.174473 -72.337425 -69.705061;
7167376  20.333931 -72.772326 -71.039590;
7193836  19.547432 -73.226326 -71.907848;
7220260  18.733433 -74.037690 -72.340582;
7245652  17.923367 -75.423645 -73.190773;
7272090  17.149590 -76.032680 -74.308542;
7297454  16.340303 -76.642039 -74.866479;
7323874  15.563894 -77.179742 -75.741121;
7350351  14.738623 -78.045039 -76.472352;
7375718  13.904294 -79.431489 -76.838199;
7402130  13.109591 -79.873302 -78.087783;
7427529  12.272068 -80.609301 -78.998931;
7453990  11.466668 -81.342535 -79.453377;
7479390  10.619108 -82.254783 -80.397247;
7505860  9.805532 -83.087354 -81.325564;
7532297  8.973849 -83.543753 -81.790091;
7557710  8.158944 -84.384655 -82.665330;
7584154  7.387630 -85.318186 -83.527046;
7609513  6.622168 -86.079346 -83.957898;
7635979  5.888112 -86.751423 -85.018394;
7662417  5.149892 -87.458820 -85.884675;
7688967  4.426984 -87.901264 -86.318016;
7715403  3.713580 -88.963890 -87.106493;
7741843  3.025436 -89.392164 -88.038504;
7768309  2.337189 -90.184927 -88.502100;
7793647  1.660387 -90.513008 -89.343965;
7820083  1.022488 -91.429056 -89.928739;
7845469  0.357754 -92.296993 -90.220925;
7872154 -0.261200 -92.497668 -91.256762;
7897510 -0.911825 -93.201242 -91.877311;
7923923 -1.534692 -93.681617 -92.189875;
7950374 -2.183524 -94.441890 -92.931772;
7976849 -2.830463 -95.187848 -93.711499;
8002504 -3.483244 -95.674050 -94.108063;
8028951 -4.115806 -95.477152 -94.793376;
8055389 -4.780009 -97.069363 -95.223912;
8081867 -5.451655 -97.568139 -95.451917;
8108286 -6.136041 -98.331863 -96.506401;
8133628 -6.836246 -98.951883 -97.418492;
8160084 -7.507905 -99.389018 -97.875046;
8186418 -8.219996 -100.143979 -98.684936;
8212861 -8.943679 -101.108565 -99.401836;
8239320 -9.674394 -101.368244 -99.772874;
8264685 -10.423729 -102.528683 -100.571179;
8291173 -11.142081 -103.072123 -101.527144;
8316533 -11.901943 -103.910311 -102.069075;
8342942 -12.634867 -104.322723 -102.911216;
8369422 -13.405767 -105.547542 -103.619900;
8395879 -14.196933 -106.075155 -104.066070;
8422315 -14.987411 -106.781295 -105.069005;
8447682 -15.789371 -107.515045 -105.914190;
8474138 -16.561998 -108.226297 -106.401756;
8499518 -17.379913 -109.188074 -107.342416;
8525964 -18.168825 -110.068818 -108.268042;
8552293 -18.981585 -110.949318 -108.805806;
8577682 -19.779093 -111.920546 -109.876479;
8604144 -20.548128 -111.666599 -110.765718;
8629519 -21.336737 -112.594884 -111.209051;
8655851 -22.068544 -113.743405 -111.920187;
8682308 -22.801016 -114.355996 -112.669469;
8707697 -23.505863 -115.058292 -113.282289;
8733852 -24.182257 -115.699997 -114.169219;
8760305 -24.847912 -116.176678 -114.849702;
8785672 -25.521151 -116.959849 -115.218353;
8812138 -26.161329 -118.091183 -116.086902;
8838362 -26.815100 -118.404058 -117.018281;
8864804 -27.444876 -118.906924 -117.630485;
8891335 -28.052437 -119.192195 -118.267500;
8916707 -28.662043 -119.617836 -118.659346;
8943081 -29.243467 -120.390648 -118.898522;
8968453 -29.839399 -121.446046 -119.644780;
8994873 -30.398745 -121.938721 -120.456737;
9021325 -30.954977 -122.278126 -121.004215;
9046675 -31.511883 -122.651998 -121.642226;
9073099 -32.007271 -123.190307 -122.070681;
9098467 -32.523647 -123.849046 -122.478663;
9124911 -32.982983 -123.968278 -123.125309;
9151324 -33.419411 -124.934143 -123.487702;
9177296 -33.794434 -125.063177 -123.866726;
9202665 -34.005383 -124.986983 -124.428433;
9229106 -34.211433 -125.321777 -124.730616;
9254508 -34.336979 -125.333385 -124.947926;
9280930 -34.373047 -125.149337 -125.048758;
9307365 -34.316170 -125.163544 -125.099079;
9333773 -34.065540 -125.204426 -125.131249;
9360234 -33.815166 -124.960105 -125.073106;
9385597 -33.476223 -124.776056 -125.044054;
9412022 -33.077774 -123.843146 -124.804694;
9437401 -32.592442 -123.019742 -124.325555;
9463839 -32.058125 -122.828836 -123.789291;
9490287 -31.437336 -122.109508 -123.312481;
9515700 -30.769070 -121.117227 -122.709746;
9542126 -30.085829 -120.562502 -122.372781;
9567667 -29.340252 -119.882166 -121.584246;
9594100 -28.597809 -118.890278 -120.735227;
9619497 -27.825804 -118.287769 -120.126185;
9645925 -27.094913 -117.477481 -119.287786;
9672402 -26.334352 -116.657863 -118.380884;
9698826 -25.584103 -116.253812 -117.826491;
9725280 -24.835356 -115.526427 -117.041946;
9750693 -24.089798 -114.632556 -116.286544;
9777183 -23.386770 -113.744911 -115.760773;
9802559 -22.653948 -113.256507 -114.830876;
9828992 -21.952330 -112.851730 -114.043929;
9854377 -21.221487 -111.719908 -113.598072;
9880884 -20.506832 -110.997762 -112.751312;
9907323 -19.746830 -110.380571 -111.872876;
9932690 -18.983530 -109.637363 -111.407365;
9959163 -18.219421 -108.968526 -110.612239;
9984532 -17.421999 -108.355627 -109.806336;
10010961 -16.640789 -107.059889 -109.386561;
