387766  0.000000  0.000000  179.999750;
407952 -0.008629 -94.155741 -94.155741;
433473 -0.008629 -95.216413 -94.896738;
460075 -0.022656 -94.102313 -95.092251;
486046 -0.038901 -94.666370 -94.794173;
512603 -0.054762 -94.388900 -94.510954;
538771 -0.071385 -95.222511 -94.990295;
564204 -0.082571 -94.794137 -94.895394;
590638 -0.089172 -89.066129 -94.541194;
617047 -0.086347 -94.082915 -94.387596;
643459 -0.083525 -92.404821 -94.235726;
669859 -0.075057 -96.620840 -94.297537;
695170 -0.068608 -96.127781 -95.570084;
721762 -0.061266 -94.768379 -94.989679;
747105 -0.041779 -94.248052 -94.550378;
773720 -0.023207 -94.953025 -94.807419;
799101  0.006862 -95.449386 -94.909112;
825673  0.053362 -94.576010 -94.696214;
851166  0.111374 -94.099434 -94.632600;
877555  0.186491 -94.233249 -94.307398;
903068  0.286406 -94.307077 -94.307174;
929466  0.417672 -94.203508 -94.307106;
956024  0.553490 -95.850891 -94.350679;
981492  0.701891 -93.860102 -94.205101;
1007911  0.865975 -92.435726 -94.154176;
1033366  1.057563 -92.328848 -92.970127;
1059922  1.322606 -90.752511 -92.521597;
1085374  1.599112 -94.528818 -93.651093;
1111912  1.884719 -94.506302 -93.992227;
1137411  2.232751 -86.997575 -92.829520;
1163831  2.619713 -98.125636 -94.013419;
1189290  3.121492 -97.982638 -94.368276;
1215496  3.605018 -95.329531 -94.994692;
1241045  4.242764 -87.447659 -95.098121;
1267493  4.864522 -78.084298 -89.731118;
1293883  5.605470 -100.221263 -93.544667;
1319288  6.390320 -87.722231 -94.618533;
1345211  7.195523 -83.166922 -89.776521;
1371834  8.072948 -92.820839 -91.750631;
1397448  8.974065 -75.594837 -92.349056;
1423215  9.869577 -87.948497 -89.385067;
1449843  10.770439 -94.395712 -91.680749;
1475406  11.681482 -79.448003 -92.102869;
1501869  12.575212 -76.100663 -82.472064;
1527394  13.495962 -70.890121 -80.142924;
1554093  14.443310 -69.303974 -79.518456;
1580620  15.434230 -90.904392 -78.671011;
1606288  15.427750 -75.768606 -76.671238;
1632873  16.376095 -70.335377 -76.042360;
1658447  17.367655 -76.943996 -75.851002;
1684962  18.429268 -66.912329 -73.716539;
1710408  19.529943 -77.930697 -74.638689;
1736832  20.559050 -87.952168 -74.924401;
1762529  20.531616 -61.382032 -73.298107;
1788367  21.636391 -75.921666 -75.130101;
1814930  22.745649 -71.822540 -73.438537;
1840629  23.960247 -61.235798 -70.260881;
1866428  24.987030 -70.562222 -70.475167;
1892132  26.017809 -56.317229 -69.401153;
1918912  27.122885 -67.569516 -68.468377;
1944708  28.197355 -74.380523 -69.966536;
1970458  29.246130 -36.835825 -68.650827;
1996224  30.224237 -73.884738 -70.016566;
2023036  31.202951 -9.565012 -70.400880;
2049981  32.246368 -73.575663 -67.779352;
2075652  33.201168 -51.947197 -56.317013;
2101358  34.172356 -51.755905 -55.001706;
2127891  34.098572 -76.068956 -54.609701;
2153446  34.022415 -47.234624 -51.220361;
2180053  34.897137 -58.246443 -56.161573;
2206578  35.807869 -99.340347 -55.207889;
2232310  36.626297 -44.361589 -49.961588;
2258074  37.318901 -81.314145 -69.554626;
2284849  38.012367 -40.530540 -57.572645;
2310596  38.728546 -77.036653 -70.629389;
2336308  39.272968 -52.142433 -74.877170;
2363104  39.855904 -32.910265 -58.586596;
2389907  40.460552 -61.619239 -59.953260;
2415618  40.931549 -44.160618 -60.335912;
2441368  41.217705 -62.089315 -60.448411;
2467226  41.504295 -45.597842 -51.072943;
2493803  41.763664 -38.832460 -48.116822;
2519559  41.897564 -47.169365 -45.889859;
2545185  41.938065 -35.507148 -40.888889;
2572044  41.766705 -51.081534 -44.557027;
2598902  41.587097 -33.126111 -40.809090;
2624640  41.332050 -61.518055 -44.521018;
2650253  40.976040 -31.080004 -45.605693;
2676892  40.543941 -32.659291 -38.147043;
2702846  39.841972 -55.896602 -43.811211;
2728853  39.158054 -58.200630 -51.412810;
2754672  38.489418 -68.219514 -53.712295;
2780049  37.739681 -71.596968 -62.722107;
2807024  37.020214 -54.571801 -65.357079;
2832557  36.263268 -57.986653 -62.879913;
2858302  35.514038 -48.947316 -55.112818;
2885085  34.747192 -91.838037 -59.312488;
2911052  33.949429 -68.729109 -58.921148;
2937404  33.130775 -38.696712 -49.790521;
2963351  32.316074 -73.994156 -64.095224;
2989240  32.279232 -41.324339 -53.841994;
3015860  31.354738 -52.019556 -54.295301;
3041469  30.404140 -68.782970 -64.812943;
3067689  29.477915 -58.528278 -60.703091;
3093348  28.455135 -81.651223 -66.327450;
3120003  27.411539 -44.485117 -67.656991;
3145665  26.265171 -87.015078 -67.258938;
3171471  25.161509 -82.498618 -76.960822;
3198002  24.145027 -61.318725 -80.976157;
3223659  23.099989 -72.330445 -70.690871;
3249255  22.092119 -46.252926 -63.371918;
3276009  21.074532 -36.448228 -73.626191;
3301807  19.997837 -69.027873 -69.450248;
3327471  18.997820 -79.374916 -76.134145;
3353245  18.002996 -70.902489 -78.435156;
3379927  17.110153 -57.587754 -69.785670;
3405612  16.185856 -72.670943 -69.777149;
3431319  15.215316 -16.957779 -69.774656;
3457954  14.370713 -74.270082 -68.103458;
3484037  13.479762 -80.469466 -73.748244;
3510610  12.670990 -77.938269 -76.705878;
3536086  11.847024 -90.063266 -77.570835;
3562714  11.099857 -74.932277 -76.678739;
3588464  10.349395 -89.876864 -86.590170;
3614137  9.635471 -74.514741 -80.551726;
3640906  8.927602 -98.596479 -86.733914;
3666679  8.189513 -87.459645 -89.048831;
3692161  7.526891 -73.205688 -87.620359;
3719011  6.849187 -92.503253 -89.239912;
3744077  6.131411 -83.033185 -89.681714;
3771035  5.496533 -92.254606 -89.797130;
3797915  4.808383 -90.735903 -90.458052;
3823704  4.127150 -82.707286 -90.652883;
3849161  3.481834 -90.381393 -90.464277;
3875573  2.845604 -90.050956 -90.173933;
3901959  2.205667 -89.228118 -90.084584;
3927293  1.592545 -88.953005 -89.414178;
3953679  1.035197 -90.193347 -89.854891;
3979047  0.454705 -80.050967 -89.990125;
4005450 -0.079766 -98.152083 -90.030973;
4031865 -0.636043 -90.394870 -90.280109;
4057194 -1.132887 -73.399406 -90.359904;
4083784 -1.572954 -96.815178 -90.384331;
4109210 -2.087704 -95.224920 -93.859518;
4135698 -2.507718 -88.094273 -94.822688;
4161032 -2.945275 -82.182858 -90.266350;
4187567 -3.337856 -108.111640 -93.866564;
4213844 -3.796040 -91.970621 -94.827702;
4239425 -4.250572 -123.167571 -95.133226;
4265868 -4.730558 -101.980582 -101.208947;
4291184 -5.256996 -98.800426 -102.975867;
4317602 -5.760997 -94.407094 -100.078280;
4343043 -6.332916 -87.143415 -96.158338;
4369561 -6.863099 -110.387667 -101.542451;
4395229 -7.395888 -100.197222 -100.239177;
4421670 -8.002124 -86.336193 -96.422921;
4447171 -8.613295 -96.395039 -96.429009;
4473590 -9.229601 -83.362134 -94.941142;
4500002 -9.868093 -120.932801 -96.400411;
4525380 -10.537869 -108.164622 -104.798726;
4551789 -11.330593 -80.255142 -99.243597;
4577132 -12.074077 -108.295894 -105.570533;
4603591 -12.858743 -75.472817 -107.394666;
4629033 -13.677962 -99.798296 -102.661029;
4655566 -14.576395 -106.248358 -105.702778;
4681030 -15.513354 -110.833106 -106.779421;
4707474 -16.504702 -104.645463 -107.647551;
4733952 -17.460320 -115.378569 -108.563701;
4759774 -18.451527 -101.959862 -108.478388;
4785361 -19.477310 -112.298371 -108.823075;
4811834 -20.493759 -120.088366 -110.257618;
4837194 -21.593904 -112.543598 -111.140515;
4863733 -22.640053 -116.618563 -111.549788;
4889276 -23.739294 -120.117987 -114.970514;
4915864 -24.828089 -123.532188 -118.950121;
4941255 -25.988218 -108.467052 -117.308732;
4967679 -27.131783 -121.094524 -119.044907;
4993101 -28.321871 -112.954790 -117.841056;
5019563 -29.445097 -120.416826 -118.465894;
5046081 -30.634069 -118.823186 -117.671963;
5072495 -31.805719 -124.849405 -119.136311;
5098928 -32.919544 -118.725216 -119.632737;
5124274 -34.034168 -129.707488 -121.692496;
5150742 -35.137783 -135.864907 -127.452690;
5176336 -36.193676 -139.408052 -131.406884;
5202988 -37.231113 -124.240622 -126.425676;
5228468 -38.245110 -134.726770 -128.908518;
5254976 -39.214516 -137.957721 -131.030028;
5280303 -40.187824 -133.327610 -132.613820;
5306725 -41.099983 -136.860343 -135.666858;
5332181 -41.997120 -133.169365 -134.069060;
5358742 -42.857182 -140.231726 -133.445393;
5384402 -43.709568 -134.206442 -133.252739;
5411025 -44.534607 -141.661296 -133.503876;
5437055 -45.390606 -134.600266 -134.254558;
5463617 -46.136932 -140.898186 -139.099302;
5489522 -46.909054 -137.618603 -137.929317;
5515967 -47.646259 -143.112571 -140.632528;
5541346 -48.268826 -127.131984 -141.401019;
5567810 -48.866299 -146.786156 -141.799107;
5593597 -49.444466 -132.045558 -135.604880;
5620008 -49.908630 -144.303277 -140.260346;
5645963 -50.249756 -131.064603 -136.916175;
5671562 -50.384087 -153.796701 -142.200859;
5697113 -50.516575 -140.407911 -141.596724;
5723446 -50.609806 -132.852668 -139.003450;
5749781 -50.541058 -131.163127 -136.684530;
5775612 -50.403553 -148.970012 -135.940457;
5802063 -50.158257 -139.409206 -135.712628;
5828522 -49.773403 -140.792703 -139.314169;
5854964 -49.288658 -141.154847 -140.353295;
5880433 -48.804226 -127.368145 -138.488960;
5906246 -48.239632 -146.428872 -137.747400;
5932853 -47.680023 -137.851659 -137.543644;
5958250 -46.972805 -139.867266 -137.484052;
5984832 -46.353195 -141.039289 -137.734296;
6010340 -45.704674 -137.309064 -137.427180;
6036875 -44.992008 -142.308633 -139.727639;
6062291 -44.296021 -142.299744 -141.536145;
6088730 -43.530823 -143.505921 -141.759213;
6114203 -42.668224 -146.040511 -142.408565;
6140660 -41.837143 -138.095849 -142.112022;
6166154 -40.929123 -91.277807 -139.616657;
6192748 -40.054153 -136.579837 -138.903472;
6218385 -39.216137 -133.646212 -135.247025;
6244875 -38.272068 -134.093917 -134.128363;
6270234 -37.284859 -129.206826 -134.104356;
6296672 -36.327412 -138.009996 -133.782838;
6322257 -35.329227 -128.209454 -133.687127;
6348635 -34.314812 -91.349908 -128.977036;
6374327 -33.268955 -119.105393 -123.163682;
6400847 -32.264420 -133.358717 -129.757342;
6426351 -31.211718 -99.727092 -122.551464;
6452937 -30.137434 -128.556172 -126.800890;
6478301 -29.050451 -88.500180 -128.033961;
6505058 -28.013432 -124.314715 -128.399907;
6531472 -26.995031 -104.506177 -112.163199;
6557990 -25.974361 -97.776503 -106.823849;
6583377 -25.036716 -113.938513 -105.202552;
6609951 -24.226271 -118.347751 -112.549896;
6635529 -23.377932 -104.456164 -113.544250;
6661950 -22.556311 -119.041728 -113.822109;
6687479 -21.668888 -120.541369 -118.534817;
6714054 -20.856247 -114.249802 -117.257132;
6740633 -20.058996 -115.116116 -116.914840;
6766171 -19.261625 -96.203138 -116.179169;
6792321 -18.499775 -111.750333 -115.944018;
6818765 -17.719667 -101.463255 -112.625296;
6844300 -16.906969 -112.638373 -112.783622;
6870744 -16.181463 -111.053734 -112.951490;
6896191 -15.407119 -117.133530 -113.150165;
6922784 -14.809600 -102.636549 -112.791349;
6948257 -14.185172 -105.913718 -112.684215;
6974703 -13.551264 -118.309637 -113.022068;
7000038 -13.033245 -113.813266 -113.864880;
7026492 -12.485931 -118.649824 -115.588399;
7052186 -11.948370 -90.053574 -114.747341;
7078653 -11.426252 -118.651425 -115.846274;
7104094 -10.944998 -100.776823 -116.170329;
7130696 -10.482399 -114.566244 -116.267042;
7156077 -10.057579 -95.311373 -105.311789;
7182556 -9.631333 -104.195057 -104.595968;
7208434 -9.138137 -79.584107 -101.497922;
7235025 -8.720928 -100.522850 -100.820451;
7260515 -8.376666 -82.023779 -100.612596;
7286935 -8.046659 -86.893153 -91.113931;
7312421 -7.634023 -90.682190 -90.877842;
7338878 -7.335973 -110.662393 -97.673084;
7364278 -7.042320 -91.784950 -93.619375;
7390838 -6.735194 -102.167911 -98.205200;
7416421 -6.458645 -92.366162 -99.465454;
7442843 -6.162976 -94.082590 -95.373485;
7468315 -5.857611 -97.708730 -97.536201;
7494871 -5.567502 -87.743941 -97.836985;
7520219 -5.265048 -94.872814 -95.755880;
7546624 -4.934556 -91.427652 -92.726200;
7573036 -4.585849 -99.238090 -96.802200;
7599446 -4.239469 -85.973697 -93.044962;
7625868 -3.863680 -87.951250 -89.608285;
7651211 -3.484898 -100.197706 -96.011702;
7677642 -2.754771 -99.371831 -97.919132;
7704072 -2.754771 -93.973527 -94.981536;
7730474 -2.323014 -93.937034 -94.250029;
7756871 -1.872769 -106.417904 -94.030898;
7782440 -1.410922 -82.597136 -93.793794;
7808879 -0.878853 -88.669362 -93.583699;
7834231 -0.259252 -96.632943 -93.523543;
7860649  0.334875 -82.313924 -90.122526;
7886047  1.043926 -95.271597 -93.995863;
7912519  1.725601 -71.480898 -90.292285;
7938092  2.428422 -89.780449 -89.934833;
7964914  3.187023 -84.233376 -89.826839;
7990414  4.029356 -87.240307 -88.016197;
8017019  4.866769 -80.212187 -85.408748;
8042576  5.740469 -58.863808 -84.589705;
8068036  6.649596 -97.421730 -84.340611;
8094673  7.555272 -88.889134 -87.560062;
8120532  8.582118 -78.368610 -88.499845;
8146985  9.485407 -78.143066 -81.585221;
8172508  10.403386 -79.647348 -80.154150;
8198174  11.358063 -69.679719 -79.729371;
8225049  12.318089 -75.083324 -77.774245;
8251796  13.315130 -62.727921 -70.465218;
8277565  14.311507 -75.525523 -74.069957;
8303177  15.313941 -73.118341 -73.407007;
8329968  16.405678 -74.582294 -73.047052;
8355608  17.421690 -78.350393 -75.509685;
8381150  18.424194 -15.547260 -73.704546;
8407796  19.450554 -78.811457 -74.847931;
8433555  21.517286 -78.228117 -75.998371;
8459481  21.517286 -57.258603 -75.442684;
8485324  22.561451 -75.333270 -74.178474;
8511890  23.499689 -79.473070 -76.192520;
8537570  24.464176 -59.816449 -74.378086;
8563117  25.480398 -60.987418 -65.100623;
8589768  26.442604 -65.588158 -65.682232;
8615370  27.465515 -50.395170 -62.284125;
8641064  28.387188 -58.641587 -59.745599;
8667704  29.312172 -77.501528 -64.228226;
8693401  30.269585 -45.746988 -60.442026;
8719789  31.193108 -69.628575 -64.386937;
8745729  32.120918 -42.874624 -65.452084;
8771312  33.051193 -51.910840 -61.805415;
8797623  33.913593 -68.257444 -64.682047;
8823182  34.779243 -53.942584 -65.535043;
8849734  35.620155 -30.377255 -56.969493;
8875500  35.522865 -71.360341 -63.065380;
8901123  36.285618 -33.979092 -65.031738;
8927849  37.914516 -40.220977 -48.064353;
8953384  37.914516 -71.624752 -59.697876;
8980059  38.516830 -35.209170 -62.908696;
9006709  39.092278 -58.968018 -60.202502;
9032338  39.667187 -24.905676 -42.512396;
9058045  40.210678 -62.232937 -48.648366;
9084613  40.644753 -69.756948 -51.030278;
9110266  41.014675 -27.112140 -38.653554;
9136855  41.214809 -51.410064 -47.628711;
9162595  41.422245 -62.688777 -50.997041;
9188519  41.521667 -38.777874 -41.713049;
9214127  41.622593 -56.992653 -50.733044;
9240846  41.482628 -58.213634 -53.589463;
9266353  41.135891 -30.151503 -42.774669;
9293081  40.804886 -72.703613 -53.542750;
9319767  40.313580 -34.509042 -42.988531;
9345532  39.766823 -59.670495 -53.538879;
9371133  39.078445 -51.548121 -56.807739;
9398046  38.362007 -25.498416 -53.121624;
9424957  37.565300 -62.561412 -56.684459;
9450381  36.590340 -48.409411 -58.523738;
9476073  35.627720 -77.207969 -59.081279;
9502914  34.587486 -45.152168 -54.731469;
9528372  33.445820 -76.591547 -65.782345;
9554902  32.362980 -80.722269 -69.811092;
9580542  32.300606 -92.687958 -71.730722;
9606433  32.240322 -79.046832 -77.627097;
9632214  31.106651 -70.545733 -78.653099;
9658089  30.109261 -37.777742 -55.020914;
9684627  29.054508 -76.543105 -71.079853;
9710326  28.101166 -45.831520 -57.432127;
9736826  27.177963 -57.464365 -57.453632;
9762224  26.203329 -73.779118 -68.907068;
9788529  25.269226 -62.573219 -65.021362;
9814425  24.278070 -83.512814 -67.709310;
9840175  23.245789 -82.882259 -78.432898;
9867049  22.276331 -44.192572 -72.081308;
9893737  22.184835 -83.374934 -79.639355;
9919329  22.093973 -56.477867 -81.656961;
9945973  21.187899 -67.699331 -72.424240;
9971515  20.128647 -53.711235 -61.035579;
9997399  19.227852 -82.663596 -75.834772;
10023273  18.290495 -75.191068 -74.527735;
