391173  0.000000  0.000000  179.999750;
402480  0.000000 -94.336433 -94.336433;
428785 -0.004143 -94.349043 -94.337798;
458228 -0.013362 -94.399425 -94.343121;
483842 -0.013362 -94.200535 -94.343817;
510295 -0.020009 -94.060362 -94.331621;
536684 -0.025260 -94.389950 -94.337026;
563138 -0.026871 -94.210556 -94.325505;
588526 -0.027275 -94.269200 -94.319873;
614954 -0.019135 -94.226689 -94.314805;
641295 -0.011066 -94.469877 -94.310244;
667735  0.001401 -94.149261 -94.300985;
694161  0.013915 -94.237333 -94.294594;
720249  0.028842 -94.056670 -94.284753;
745695  0.051146 -94.166640 -94.272932;
772127  0.097458 -94.180275 -94.263660;
797477  0.097458 -94.035073 -94.253951;
824110  0.120679 -94.108252 -94.238899;
849488  0.155648 -93.977595 -94.225049;
875829  0.188968 -94.086772 -94.210156;
902297  0.222347 -94.068212 -94.195987;
928738  0.261948 -93.947932 -94.182331;
955185  0.302720 -93.966636 -94.163219;
980551  0.344308 -94.052599 -94.152170;
1006977  0.384196 -93.934338 -94.139853;
1033148  0.426559 -93.857503 -94.121195;
1058541  0.471709 -93.586704 -94.093577;
1085172  0.520944 -93.608066 -94.068731;
1110498  0.587217 -93.685602 -94.030396;
1136903  0.650242 -93.667416 -93.992282;
1163332  0.767149 -93.492129 -93.957221;
1189930  0.884163 -93.277057 -93.911042;
1216323  1.029945 -93.145906 -93.847286;
1242723  1.168961 -92.694146 -93.789914;
1268785  1.308015 -92.654070 -93.679623;
1295225  1.426985 -92.846766 -93.596313;
1320573  1.552928 -92.708484 -93.521299;
1346954  1.673669 -92.636858 -93.440103;
1372649  1.812623 -92.339768 -93.360247;
1399048  1.966400 -92.163096 -93.288347;
1424315  2.145349 -92.014080 -93.176154;
1450684  2.362916 -91.676286 -93.059707;
1477100  2.589971 -91.502423 -92.954866;
1502450  2.848888 -91.246589 -92.809854;
1528939  3.120965 -91.100935 -92.653290;
1554306  3.429936 -90.569089 -92.512152;
1580700  3.773068 -90.157411 -92.318009;
1607132  4.130092 -89.938407 -92.101796;
1632497  4.510632 -89.581878 -91.907219;
1658868  4.902918 -89.965682 -91.713145;
1685306  5.336530 -88.717876 -91.500126;
1711721  5.823312 -88.418996 -91.308185;
1738102  6.309671 -87.948606 -91.018990;
1763429  6.826819 -87.526046 -90.710872;
1790215  7.354239 -86.607066 -90.433515;
1815501  7.934125 -86.058569 -90.052273;
1841841  8.518599 -84.843630 -89.652698;
1868196  9.127435 -84.840659 -89.292778;
1894270  9.759954 -83.113659 -88.847861;
1919577  10.449024 -83.264397 -88.293525;
1948672  11.906721 -83.005355 -87.794537;
1975304  11.906721 -82.239328 -87.314953;
2002045  12.639812 -82.043254 -86.807900;
2027343  13.389785 -80.525876 -86.351272;
2053715  14.118985 -79.777360 -85.767934;
2080101  14.893235 -79.432090 -85.168614;
2105779  15.704555 -78.274607 -84.628973;
2132174  16.494104 -77.447420 -83.992133;
2157460  17.334715 -75.949687 -83.337532;
2183850  18.166258 -75.864793 -82.748021;
2210313  19.059086 -74.816526 -82.082497;
2236707  20.021046 -74.270580 -81.342433;
2262437  20.980497 -73.391759 -80.676180;
2288870  21.936632 -71.819511 -79.944156;
2314979  22.922522 -71.915158 -79.143139;
2340316  23.896328 -70.657229 -78.421416;
2366718  24.826254 -69.526691 -77.639977;
2393109  25.773098 -68.291076 -76.828775;
2418877  26.707460 -67.314534 -76.097917;
2444318  27.571770 -66.295922 -75.215925;
2470747  28.425112 -65.887907 -74.327015;
2496437  29.281734 -65.106904 -73.526261;
2522859  30.086948 -63.716351 -72.687179;
2549255  30.882433 -63.390563 -71.786225;
2574634  31.634417 -62.289872 -70.975079;
2601037  32.357426 -62.142529 -70.106605;
2626822  33.083809 -61.279559 -69.308782;
2653211  33.762486 -60.710178 -68.590296;
2678549  34.414352 -60.137852 -67.803232;
2704937  34.930008 -59.859909 -67.036261;
2730331  35.467033 -59.147487 -66.345831;
2756711  35.910942 -58.536580 -65.625515;
2783086  36.285095 -57.856649 -64.916049;
2808386  36.548443 -57.862866 -64.277136;
2834784  36.562347 -57.778665 -63.635250;
2861175  36.576855 -57.916919 -63.059920;
2886426  36.462025 -58.327993 -62.579663;
2912831  36.233803 -58.305531 -62.141514;
2938696  35.878647 -58.828253 -61.761451;
2965108  35.308037 -59.335659 -61.465699;
2990480  34.725361 -60.105791 -61.199952;
3016896  34.064140 -60.844636 -61.089901;
3043324  33.191402 -61.515795 -61.065150;
3069721  32.318272 -62.417325 -61.042918;
3096080  31.372816 -63.266974 -61.180844;
3122114  30.367552 -64.178228 -61.389792;
3147435  29.338911 -66.073315 -61.577795;
3173832  28.278522 -66.779284 -62.027909;
3200268  27.173073 -67.844077 -62.502561;
3226017  26.039755 -68.708348 -62.929990;
3251555  24.913483 -70.179799 -63.502228;
3277947  23.786301 -71.223797 -64.169350;
3304303  22.619411 -72.529539 -64.771194;
3330722  21.454115 -73.635538 -65.540865;
3356773  20.275545 -74.071665 -66.358095;
3383149  19.132483 -75.912813 -67.093398;
3408455  17.975161 -77.407386 -67.976478;
3435045  16.888355 -78.033534 -68.926994;
3460286  15.776446 -79.236901 -69.762105;
3486664  14.758328 -80.255049 -70.722415;
3513083  13.732204 -81.470099 -71.681919;
3538418  12.748046 -82.043254 -72.545514;
3564864  11.864222 -83.263643 -73.501152;
3590930  10.941640 -83.953703 -74.481842;
3616299  10.057385 -84.317662 -75.364938;
3642957  9.235894 -85.372480 -76.269468;
3668875  8.407664 -85.968696 -77.186925;
3695286  7.619045 -86.667736 -78.007994;
3721755  6.815424 -87.696391 -78.884557;
3748137  6.016909 -88.418618 -79.773661;
3773507  5.247602 -89.156584 -80.572126;
3799898  4.507805 -89.802049 -81.437777;
3826282  3.731789 -90.485068 -82.282601;
3852680  2.935032 -91.581301 -83.040655;
3878694  2.119717 -91.990903 -83.901228;
3904367  1.311496 -92.748249 -84.715353;
3930640  0.513869 -93.565392 -85.447255;
3956720 -0.302399 -94.460511 -86.265196;
3983172 -1.110282 -95.411039 -87.089398;
4009049 -1.918784 -96.080392 -87.830511;
4034790 -2.684427 -96.613081 -88.662607;
4060782 -3.446047 -97.556565 -89.463678;
4086613 -4.199616 -98.048421 -90.184158;
4113026 -4.924067 -98.954858 -90.977414;
4138335 -5.639033 -99.492156 -91.776500;
4164766 -6.287021 -100.225205 -92.496675;
4190810 -6.963735 -99.779861 -93.229939;
4217286 -7.613046 -101.177940 -93.933548;
4243953 -8.277573 -102.027110 -94.567430;
4270055 -8.970508 -102.846116 -95.312026;
4295297 -9.700168 -103.411894 -96.070134;
4322228 -10.405787 -104.060211 -96.755226;
4347492 -11.195626 -104.722402 -97.488154;
4374227 -11.967817 -105.616003 -98.217276;
4399697 -12.801296 -106.576556 -98.874424;
4426325 -13.597672 -107.472247 -99.646677;
4452768 -14.430254 -108.260549 -100.422026;
4479204 -15.240904 -109.130242 -101.126968;
4505260 -15.973040 -109.592273 -101.931649;
4530587 -16.694651 -110.019602 -102.700177;
4556348 -17.355860 -110.753287 -103.393228;
4582873 -17.998116 -111.551134 -104.135551;
4608294 -18.634716 -112.367430 -104.858932;
4634695 -19.329815 -112.671590 -105.535822;
4661089 -19.937239 -113.412303 -106.251877;
4686681 -20.537249 -113.811950 -106.968894;
4712461 -21.119026 -113.617186 -107.628203;
4739025 -21.708620 -114.808523 -108.235719;
4764362 -22.316145 -115.311293 -108.884770;
4790754 -22.902571 -116.173978 -109.478679;
4817159 -23.541216 -116.290817 -110.150220;
4842507 -24.180176 -117.497731 -110.767425;
4868906 -24.811747 -117.767200 -111.338688;
4895285 -25.492075 -118.737519 -112.018042;
4921960 -26.198872 -118.650217 -112.659857;
4948181 -26.935997 -119.779352 -113.264531;
4973590 -27.694204 -120.806356 -113.920920;
4999594 -28.451818 -121.389520 -114.577526;
5025941 -29.267670 -122.393163 -115.210614;
5051702 -30.094282 -123.093756 -115.928851;
5078091 -30.918634 -123.944575 -116.641112;
5103434 -31.783630 -124.731194 -117.314621;
5129916 -32.635620 -125.660901 -118.056638;
5156264 -33.556225 -126.654926 -118.810824;
5181709 -34.472168 -127.825701 -119.538396;
5207344 -35.384304 -128.025582 -120.370264;
5233549 -36.325558 -129.284018 -121.126246;
5259966 -37.278538 -130.684714 -121.864775;
5285423 -38.132351 -131.686524 -122.746605;
5311798 -38.955135 -131.897587 -123.600055;
5337325 -39.627998 -132.082840 -124.378666;
5363707 -40.279228 -133.126144 -125.180037;
5389393 -40.853992 -134.459498 -125.910132;
5415793 -41.304970 -133.967487 -126.658932;
5441871 -41.653210 -134.347971 -127.402557;
5468305 -41.757919 -134.376724 -128.101536;
5494385 -41.864059 -134.528334 -128.717742;
5520514 -41.856495 -134.321312 -129.284541;
5547042 -41.634697 -134.369483 -129.795787;
5572478 -41.409512 -134.250061 -130.252848;
5598490 -41.087971 -134.280096 -130.655281;
5625082 -40.673763 -133.157524 -131.009083;
5650576 -40.174809 -132.674503 -131.274363;
5676979 -39.638073 -131.874029 -131.414855;
5702303 -39.035038 -131.553167 -131.499197;
5728639 -38.395172 -130.145481 -131.526528;
5755066 -37.729736 -130.059339 -131.400359;
5780435 -37.049492 -128.471883 -131.274183;
5806860 -36.396481 -128.374228 -131.056048;
5833259 -35.730408 -127.980942 -130.754088;
5858564 -35.032345 -127.011691 -130.476101;
5884993 -34.363213 -126.557482 -130.167110;
5910320 -33.607868 -125.997273 -129.806429;
5936850 -32.848831 -125.114059 -129.453674;
5963234 -32.029438 -124.589456 -129.055221;
5988560 -31.190386 -123.416375 -128.611263;
6014977 -30.363714 -122.427160 -128.134364;
6040367 -29.474812 -121.874618 -127.598003;
6066581 -28.606512 -120.778515 -127.023760;
6093042 -27.708033 -119.858939 -126.468529;
6118392 -26.804319 -118.890278 -125.840474;
6145369 -25.938549 -118.038771 -125.143325;
6172198 -25.015154 -116.751555 -124.494746;
6197295 -24.093138 -116.333457 -123.738832;
6224334 -23.230644 -115.555048 -122.995435;
6250762 -22.304300 -114.345867 -122.307915;
6276341 -21.406960 -113.861597 -121.534853;
6302784 -20.537664 -112.706289 -120.762915;
6329216 -19.621647 -112.063334 -120.047683;
6354626 -18.706011 -111.161693 -119.256081;
6381049 -17.828880 -110.285254 -118.441634;
6406340 -16.080870 -109.426930 -117.708192;
6432956 -16.080870 -108.722182 -116.896016;
6459340 -15.184865 -107.877269 -116.081470;
6486132 -14.305532 -106.805552 -115.322820;
6511429 -13.420783 -105.232337 -114.480644;
6537836 -12.593513 -105.112826 -113.555976;
6564141 -11.769051 -104.109971 -112.703108;
6590274 -10.947772 -103.535046 -111.841322;
6615635 -10.145429 -102.639724 -111.005538;
6642014 -9.376081 -102.031298 -110.239623;
6667335 -8.596792 -101.284996 -109.413440;
6693750 -7.884325 -100.676552 -108.613484;
6720150 -7.141076 -100.596593 -107.874663;
6745507 -6.411952 -99.146375 -107.142936;
6771436 -5.714344 -98.367482 -106.340891;
6797931 -5.020793 -97.965669 -105.607987;
6824323 -4.363474 -97.354258 -104.842362;
6850485 -3.708711 -96.753174 -104.095344;
6876536 -3.088012 -95.817028 -103.415495;
6902984 -2.500572 -95.353518 -102.653374;
6928482 -1.904180 -94.838937 -101.929504;
6954877 -1.334660 -94.300616 -101.267941;
6981283 -0.745104 -93.458642 -100.567194;
7007371 -0.150869 -93.182246 -99.854967;
7033761  0.469269 -92.424112 -99.210843;
7060185  1.096586 -92.093163 -98.529205;
7085568  1.752546 -91.187793 -97.884332;
7111962  2.408242 -90.608335 -97.300748;
7137420  3.122290 -89.855232 -96.629872;
7163848  3.870094 -89.965616 -95.961643;
7190247  4.646391 -88.332932 -95.359646;
7215941  5.442795 -87.462194 -94.654752;
7241294  6.236367 -86.606363 -93.933190;
7267693  7.022503 -85.972734 -93.283825;
7294094  7.844701 -85.018927 -92.549581;
7319425  8.666962 -84.206555 -91.795889;
7345808  9.450095 -83.451199 -91.117002;
7372237  10.264142 -82.745266 -90.347008;
7397600  11.082433 -82.220818 -89.583464;
7424006  11.883206 -81.293533 -88.896394;
7449334  12.716910 -81.228847 -88.134066;
7475719  13.527020 -79.368786 -87.439285;
7502131  14.386647 -78.569677 -86.814005;
7527507  15.269735 -77.905523 -85.986620;
7553947  16.139492 -77.238331 -85.180078;
7579340  17.045717 -76.688847 -84.453261;
7606307  17.922647 -75.331939 -83.677067;
7632724  18.854347 -74.387366 -82.835749;
7659151  19.765835 -73.316857 -82.078700;
7684487  20.671616 -72.460720 -81.195109;
7710898  21.540003 -71.544480 -80.318106;
7736662  22.440395 -70.962383 -79.528538;
7763066  23.325026 -70.168376 -78.668415;
7788400  24.243320 -69.371621 -77.819310;
7814795  25.134459 -68.528235 -77.056403;
7841215  26.062918 -68.121328 -76.202295;
7866584  26.987013 -65.791130 -75.399176;
7894618  27.871248 -65.467235 -74.674692;
7921239  28.836388 -65.352566 -73.754331;
7947338  29.746378 -63.799169 -72.914528;
7973757  30.619799 -62.782269 -72.157799;
8000238  31.469240 -61.932057 -71.214003;
8025578  32.286312 -60.795277 -70.273828;
8051985  33.036453 -60.687282 -69.428823;
8077342  33.779881 -59.605138 -68.552682;
8104158  34.441097 -58.988563 -67.654481;
8129472  35.087547 -58.445225 -66.845742;
8156089  35.606583 -57.748889 -65.998748;
8181479  36.152332 -58.206495 -65.221910;
8208217  36.647339 -56.852103 -64.521641;
8233660  37.104946 -56.901808 -63.771675;
8259652  37.540390 -56.099199 -63.061308;
8286054  37.908245 -55.460553 -62.421961;
8311409  38.281902 -55.454786 -61.728317;
8337644  38.593128 -54.739235 -61.092719;
8364199  38.852673 -54.665340 -60.520809;
8389561  39.035110 -54.363327 -59.932989;
8416028  39.042854 -54.104258 -59.398710;
8442028  39.050938 -55.829930 -58.996748;
8467413  38.967976 -54.078034 -58.586647;
8493834  38.782722 -54.783569 -58.204311;
8520278  38.501976 -55.644088 -57.919015;
8546225  38.059494 -55.698403 -57.662354;
8571638  37.625328 -56.703445 -57.464875;
8598060  37.130260 -57.015551 -57.361476;
8623372  36.551800 -57.660966 -57.268582;
8649740  35.939289 -58.323998 -57.307926;
8676177  35.204609 -59.083214 -57.407461;
8701506  34.468006 -59.961113 -57.496890;
8727930  33.723217 -60.336813 -57.707805;
8753279  32.901855 -60.973973 -57.998528;
8779691  32.075981 -62.168697 -58.259960;
8806093  31.164263 -63.274129 -58.652260;
8831437  30.252890 -63.817512 -59.102336;
8857839  29.367977 -64.874856 -59.507480;
8884261  28.424358 -65.697995 -60.044354;
8909791  27.459047 -66.717576 -60.609119;
8936207  26.494755 -67.732073 -61.117775;
8961531  25.496996 -68.580947 -61.759821;
8987956  24.536617 -68.332245 -62.421872;
9013304  23.528433 -70.327473 -63.018278;
9039733  22.552052 -72.021936 -63.748933;
9066160  21.556223 -72.723827 -64.579540;
9091496  20.560471 -73.634910 -65.327258;
9117985  19.614336 -74.472815 -66.155933;
9143335  18.625143 -75.058407 -66.989104;
9169750  17.678871 -76.636359 -67.739489;
9196189  16.723495 -77.228666 -68.628720;
9221530  15.767251 -78.157038 -69.493222;
9247923  14.875867 -79.001379 -70.271787;
9274314  13.947478 -79.788175 -71.146593;
9300737  13.044947 -81.229854 -72.020166;
9327096  12.186502 -81.650314 -72.805689;
9352420  11.330136 -82.326184 -73.687308;
9382536  9.548397 -83.541184 -74.564292;
9408641  9.548397 -84.271387 -75.353057;
9434829  8.717819 -84.673819 -76.244061;
9461153  7.901793 -84.794686 -77.092419;
9486518  7.081529 -86.446840 -77.853365;
9513192  6.306251 -87.084673 -78.718684;
9538307  5.521913 -88.018975 -79.556499;
9564727  4.783417 -88.811780 -80.310886;
9591122  4.058581 -89.473105 -81.167941;
9616484  3.334431 -89.993104 -82.005874;
9642880  2.019659 -90.664761 -82.758189;
9669278  2.019659 -90.779717 -83.555553;
9694621  1.377643 -92.296444 -84.284974;
9721022  0.784888 -92.535646 -84.940786;
9746323  0.167386 -92.843089 -85.705735;
9772691 -0.410094 -93.825609 -86.420386;
9799076 -0.981334 -93.828349 -87.062888;
9824416 -1.511048 -94.642822 -87.744393;
9850802 -1.971037 -95.123162 -88.441385;
9876727 -2.450013 -95.535530 -89.067494;
9903156 -2.914288 -95.965858 -89.715410;
9928527 -3.383958 -96.394110 -90.352931;
9954915 -3.836375 -96.707321 -90.926269;
9980821 -4.322237 -97.039188 -91.497974;
10007260 -4.799223 -97.610890 -92.057204;
