385225  0.000000  0.000000  0.000000;
397991  0.000000 -95.939485 -95.939485;
423660  0.021049 -96.783157 -95.939627;
450089  0.074739 -96.093436 -95.955002;
476531  0.138895 -96.740864 -96.033701;
502071  0.203082 -95.260462 -96.104510;
528549  0.293154 -94.609972 -96.103403;
554125  0.386535 -95.157639 -96.014436;
579699  0.506410 -95.802161 -96.010090;
606396  0.626276 -95.149169 -96.006179;
634140  0.770970 -95.094939 -96.002229;
659728  0.935739 -91.518153 -95.918820;
686217  1.101378 -93.615234 -95.839641;
711864  1.341194 -86.071531 -95.626523;
738508  1.573388 -100.182764 -95.572723;
764016  1.843082 -95.051640 -95.590944;
790508  2.101277 -94.271866 -95.540876;
815911  2.439809 -98.512946 -95.506105;
841559  2.763648 -76.769698 -95.332865;
868166  3.126636 -100.963965 -95.401145;
893567  3.524725 -101.372954 -95.669757;
920057  3.941612 -82.074729 -95.714634;
945601  4.444720 -79.237856 -95.538128;
972058  4.871753 -68.568154 -94.301428;
997660  5.453807 -102.866368 -94.484198;
1024148  6.043631 -64.982091 -94.648576;
1049621  6.744451 -102.159912 -94.835129;
1076274  7.418416 -73.505599 -93.643243;
1101981  8.203357 -89.861967 -93.267964;
1128570  8.960438 -104.443939 -93.545224;
1155286  9.749177 -88.102743 -93.792003;
1181251  10.584103 -86.567087 -93.384092;
1206752  11.446300 -80.942507 -92.858716;
1232608  12.346426 -89.658972 -92.526392;
1258585  13.229478 -84.105755 -92.224526;
1285088  14.187653 -81.018225 -91.955724;
1311061  15.149044 -84.617517 -91.166075;
1336727  16.078520 -70.034550 -90.432437;
1363305  16.997009 -80.491568 -89.479206;
1388988  17.981409 -81.790070 -88.816323;
1414780  18.932661 -84.403928 -88.351317;
1440582  19.847391 -68.408090 -87.809814;
1467539  20.762476 -82.987635 -87.319733;
1493218  21.656790 -87.295679 -86.889602;
1518885  22.475773 -85.523748 -86.634234;
1544571  23.264593 -70.273233 -86.405425;
1571400  24.115564 -60.510450 -86.038947;
1596971  24.938457 -58.897580 -84.481243;
1622790  25.737600 -76.195842 -83.862687;
1649601  26.475906 -80.373129 -83.389617;
1676421  27.287195 -64.580916 -82.961939;
1702274  28.098757 -72.049126 -82.542855;
1728030  28.896845 -69.491206 -81.290383;
1753971  29.548412 -71.378786 -80.198207;
1779658  30.239511 -62.143921 -79.218489;
1805689  30.912865 -80.441369 -79.168122;
1832434  31.516546 -58.480891 -78.249238;
1858056  32.109020 -76.983155 -77.419555;
1883607  32.676617 -59.506492 -76.344603;
1910478  33.212994 -43.449157 -75.371557;
1936189  33.777081 -59.033538 -74.491735;
1961892  34.277954 -59.573818 -73.251489;
1988436  34.778671 -74.231967 -72.135033;
2014243  35.113411 -36.283672 -70.743569;
2039848  35.401817 -78.389107 -70.973549;
2065783  35.628159 -43.915691 -71.178104;
2092508  35.830490 -79.674130 -71.360265;
2118255  35.824371 -92.543123 -71.271841;
2144127  35.763836 -80.576857 -71.924040;
2169609  35.547775 -41.717719 -72.508054;
2196273  35.346252 -77.114422 -73.031180;
2222256  34.947716 -43.854545 -73.448523;
2248142  34.424881 -84.024414 -73.658487;
2274477  33.903999 -91.386179 -74.224652;
2300228  33.249443 -74.767894 -74.733922;
2325689  32.609402 -65.134549 -75.214816;
2352299  31.945473 -44.760504 -75.223757;
2377951  31.251581 -74.156917 -74.907716;
2403618  30.512569 -57.717671 -73.568727;
2429982  29.789190 -74.562090 -73.666975;
2456117  28.915354 -56.164289 -73.755604;
2481754  28.067064 -81.228265 -73.818024;
2508602  27.169182 -71.685091 -73.442324;
2535326  26.183798 -85.362316 -73.680351;
2560794  25.202967 -88.673423 -74.698824;
2586613  24.277176 -84.734997 -75.792806;
2613535  23.338625 -83.556230 -76.591313;
2639281  22.417522 -84.616426 -77.300041;
2665018  21.470619 -63.527518 -77.908495;
2690857  20.585737 -81.610588 -78.453944;
2716770  19.678019 -86.704621 -79.085497;
2742715  19.674458 -71.793623 -79.509646;
2769446  18.804211 -80.061574 -79.709281;
2795285  17.865156 -65.859770 -79.818489;
2820914  17.090775 -94.927293 -80.171482;
2846686  16.322687 -86.241353 -80.722373;
2873023  15.628613 -86.041751 -81.216352;
2899332  14.921737 -85.874131 -81.654092;
2925244  14.259794 -75.598398 -81.805104;
2951289  13.605863 -94.317901 -82.224324;
2976896  12.936646 -77.229777 -82.602494;
3003459  12.297839 -89.678597 -82.933784;
3028986  11.609634 -68.867521 -82.955727;
3054687  10.998546 -82.358912 -83.001678;
3081293  10.327573 -91.178591 -83.290803;
3106755  9.614288 -91.062095 -83.954865;
3132629  8.931673 -88.743769 -84.447053;
3159385  8.250258 -76.244809 -84.545666;
3185157  7.545616 -93.984891 -84.961023;
3210996  6.877511 -68.180293 -85.334547;
3236560  6.233311 -88.633999 -85.673060;
3263524  5.568257 -93.172486 -85.963583;
3289302  4.870898 -97.466239 -86.226575;
3314748  4.209328 -99.781305 -86.912470;
3341214  3.558610 -93.977721 -87.643509;
3366594  2.332335 -90.218321 -88.297466;
3393328  2.332335 -91.005981 -88.774992;
3418739  1.742555 -92.550921 -89.148724;
3444647  1.245197 -95.785008 -89.540366;
3471600  0.738112 -96.037820 -90.138507;
3498275  0.228269 -98.366605 -90.729663;
3523674 -0.282425 -87.577576 -91.209009;
3550137 -1.245755 -105.070305 -91.648154;
3576586 -1.245755 -108.662434 -92.286092;
3602877 -1.857111 -77.640466 -92.866474;
3629322 -2.371692 -96.859722 -93.371858;
3654727 -2.889287 -94.242678 -93.749801;
3681416 -3.392345 -106.265533 -94.098422;
3707036 -3.949758 -108.464267 -95.153676;
3733512 -4.519656 -100.254231 -96.108012;
3759132 -5.156293 -118.067490 -97.084287;
3785579 -5.772346 -118.669591 -97.966027;
3812170 -6.425244 -112.181460 -98.675782;
3839919 -7.081697 -107.873809 -99.402296;
3866415 -7.817575 -110.546193 -100.350926;
3892445 -8.582520 -108.102983 -101.252196;
3917858 -9.334013 -99.173660 -101.951868;
3943767 -10.077780 -100.580842 -102.329185;
3970268 -10.836063 -68.101439 -102.142039;
3995698 -11.578900 -97.234697 -101.972407;
4022218 -12.368978 -110.639515 -102.597006;
4047590 -13.216403 -105.287754 -102.864055;
4074057 -14.053485 -115.726175 -103.115942;
4099577 -14.949726 -100.833176 -102.880585;
4126094 -15.791692 -120.817641 -103.678713;
4152593 -16.691246 -106.327403 -104.394038;
4179049 -17.526268 -116.419967 -105.061054;
4205490 -18.359936 -109.051846 -105.574291;
4230860 -19.190708 -117.657968 -106.078113;
4257419 -20.071106 -105.490552 -106.528806;
4282821 -20.882879 -126.488685 -107.430003;
4309280 -21.689539 -106.413310 -107.811562;
4334700 -22.470787 -125.375918 -108.156073;
4361129 -23.166636 -107.271809 -107.902150;
4387594 -23.890104 -125.975356 -109.044240;
4414044 -24.677185 -98.106404 -110.065619;
4440588 -25.463820 -119.535829 -110.879578;
4467149 -26.271486 -116.286641 -111.195933;
4492964 -26.988026 -97.052528 -110.785778;
4518610 -27.684439 -139.893034 -111.655778;
4545311 -28.293287 -124.349015 -112.910520;
4570739 -28.927181 -133.815606 -114.073443;
4597267 -29.448164 -109.218877 -114.707072;
4622690 -29.991684 -135.848664 -115.692370;
4649244 -30.503248 -116.886800 -116.576355;
4674781 -30.911896 -133.521037 -118.304583;
4701402 -31.271753 -119.596664 -118.933889;
4726907 -31.544872 -150.350801 -119.562247;
4753512 -31.806541 -99.451043 -119.565440;
4778882 -31.904026 -134.447686 -121.098189;
4805340 -31.996984 -113.097525 -122.455142;
4830761 -31.879438 -117.231849 -122.204430;
4857448 -31.766499 -113.891893 -121.560789;
4883042 -31.532631 -136.986845 -121.448965;
4909519 -31.286068 -99.271317 -121.283815;
4935146 -30.476358 -137.120419 -122.593167;
4961616 -30.476358 -113.446737 -122.305705;
4988345 -29.990200 -105.014772 -121.524817;
5013752 -29.500917 -140.705245 -121.334630;
5040487 -29.035833 -127.023352 -121.607757;
5065957 -28.440725 -134.526141 -123.006007;
5092409 -28.032040 -134.003168 -124.247167;
5117811 -27.461000 -130.187923 -125.183106;
5144278 -26.905258 -115.394103 -124.960651;
5169665 -26.263988 -129.464894 -125.453388;
5196757 -25.628344 -91.807170 -125.888285;
5223536 -24.950010 -114.913555 -125.600603;
5249059 -24.272972 -115.773308 -124.713374;
5274647 -23.638208 -111.596334 -123.780134;
5301494 -22.957685 -124.708442 -123.570533;
5327014 -22.128092 -107.299637 -123.350941;
5353519 -21.339504 -125.084195 -123.186671;
5378901 -20.587652 -99.659286 -122.357040;
5405029 -19.867657 -111.174543 -121.392337;
5431483 -19.083817 -104.492968 -120.404977;
5456997 -18.290197 -102.876968 -119.483302;
5483150 -17.527893 -126.557433 -118.652428;
5509364 -16.791616 -101.535088 -117.294912;
5535013 -15.872326 -117.862069 -116.678040;
5561031 -15.092283 -111.447868 -116.289009;
5586666 -14.288705 -111.967312 -115.877267;
5613373 -13.474647 -95.858201 -115.532349;
5638840 -12.626547 -117.465750 -115.247280;
5665448 -11.874201 -100.391627 -114.809501;
5690993 -11.088148 -102.436664 -114.248149;
5717495 -10.363528 -101.615571 -113.749783;
5742934 -9.545810 -91.371569 -112.779064;
5769365 -8.864977 -103.523248 -111.878202;
5795164 -8.187455 -103.505376 -111.060859;
5820573 -7.526134 -119.013926 -110.339696;
5847031 -6.952395 -95.929664 -109.687734;
5873519 -6.354970 -110.525950 -109.098737;
5898891 -5.803372 -94.547018 -108.545972;
5925400 -5.231244 -106.424816 -108.024388;
5950947 -4.684470 -102.854365 -107.555971;
5977386 -4.172750 -106.295694 -107.403531;
6002773 -3.623384 -99.171737 -106.964301;
6029254 -3.090451 -94.335906 -106.496783;
6054636 -2.545468 -108.599512 -106.165575;
6081218 -1.995202 -105.611640 -106.179047;
6106605 -1.418920 -100.747198 -106.191082;
6133067 -0.806919 -94.809647 -105.885519;
6159496 -0.169003 -92.812514 -105.378488;
6184934  0.506450 -85.836517 -104.333675;
6210674  1.116185 -93.680748 -103.388938;
6237142  1.696219 -70.796551 -102.535526;
6262673  2.253866 -99.024420 -101.784472;
6289242  2.791771 -94.042407 -101.037567;
6314628  3.307331 -88.886425 -100.281722;
6341265  3.799936 -79.193416 -99.595290;
6366644  4.295669 -96.763258 -99.063782;
6393111  4.745516 -59.106797 -98.503119;
6418619  5.245359 -99.956136 -98.004003;
6445241  5.695546 -113.843419 -97.948134;
6470606  6.160517 -93.912401 -97.897986;
6497416  6.613214 -86.708937 -97.841282;
6523485  7.091701 -106.735861 -97.790502;
6549137  7.054687 -93.430381 -97.390229;
6574844  7.558720 -102.159423 -97.385519;
6600579  8.079925 -85.658295 -97.322345;
6627295  8.584016 -89.262487 -97.266543;
6653007  9.234581 -79.353276 -96.430856;
6678754  9.899560 -85.366107 -95.438806;
6708109  10.610649 -67.185887 -94.413566;
6733994  11.478302 -88.376790 -93.821472;
6759678  12.267893 -81.630848 -93.286860;
6786515  13.103113 -83.979568 -92.474117;
6812147  13.956161 -82.844687 -91.646806;
6838032  14.770905 -79.081884 -90.851716;
6864517  15.736357 -69.965357 -90.132243;
6889682  16.724186 -73.395123 -89.482925;
6915575  17.704660 -69.367165 -88.364587;
6942326  18.804817 -91.176704 -87.354983;
6968114  19.745798 -72.947805 -86.065869;
6993913  20.745428 -78.924270 -85.353678;
7019766  21.738789 -70.189086 -84.711821;
7046525  22.667522 -89.490680 -84.133572;
7072162  23.628803 -56.860026 -83.147256;
7098498  24.589701 -58.785772 -82.007936;
7124440  25.585644 -61.061723 -80.958821;
7150023  26.563122 -80.761566 -80.749524;
7175738  27.467316 -55.631262 -79.882679;
7201702  28.402870 -54.209946 -78.071229;
7228360  29.315773 -80.328778 -77.457953;
7254103  29.306820 -92.007413 -77.558053;
7279628  30.006008 -90.953578 -77.847139;
7305592  30.699274 -67.107065 -78.042420;
7332311  31.377113 -45.263594 -77.435585;
7357967  32.074661 -56.362523 -76.070093;
7383661  32.683353 -92.853526 -76.376039;
7410120  33.342377 -21.289494 -76.651512;
7436002  33.337124 -37.132402 -75.848651;
7461621  33.741356 -23.047130 -74.992562;
7488486  34.141483 -55.556416 -73.163430;
7514245  34.324821 -79.012885 -72.862338;
7540134  34.500610 -69.829658 -72.712215;
7565953  34.669384 -37.866768 -71.812014;
7591715  34.654011 -88.250880 -70.992234;
7618609  34.561188 -32.930457 -69.410777;
7645442  34.362869 -75.213194 -70.100130;
7671294  33.956894 -59.443795 -70.694723;
7697001  33.456432 -73.799473 -70.910814;
7722770  32.958775 -39.488764 -70.069040;
7749493  32.402477 -85.655915 -70.351058;
7775192  32.315575 -43.964085 -70.597308;
7800657  31.712530 -85.093406 -71.810548;
7827228  30.920977 -53.796368 -71.755104;
7852986  30.146564 -80.517146 -71.705650;
7878834  29.350622 -63.672931 -70.819995;
7905500  28.551899 -67.331302 -70.873764;
7931185  27.652176 -103.144339 -71.700283;
7956797  26.852608 -73.173253 -71.843138;
7983589  26.014647 -75.374127 -71.882596;
8010534  25.156485 -76.841647 -72.166673;
8036505  24.243235 -55.541540 -72.419563;
8062478  23.370132 -81.946336 -72.960861;
8088348  22.496964 -72.842373 -73.128596;
8113955  21.687292 -80.449599 -73.276487;
8139846  20.854185 -71.498094 -73.189959;
8165635  19.962427 -79.782585 -73.890815;
8192279  19.143873 -84.115497 -74.575715;
8219704  17.459486 -55.814325 -75.142343;
8245899  17.459486 -78.414629 -75.402972;
8271916  16.643242 -85.984087 -75.967836;
8297602  15.931051 -82.290686 -76.551302;
8324389  15.218118 -80.330788 -77.073356;
8350468  14.363796 -77.256659 -77.370663;
8376185  13.550370 -96.280640 -77.643256;
8402010  12.707402 -72.250962 -77.896532;
8427928  11.898745 -81.887175 -78.304499;
8453623  11.039296 -127.664010 -78.874869;
8480018  10.235494 -87.541080 -79.359395;
8505812  9.409794 -76.564321 -79.588145;
8532479  8.548156 -91.070779 -79.984662;
8558317  7.657356 -89.433388 -80.952153;
8584208  6.833301 -93.005340 -81.982013;
8609723  5.987397 -94.635384 -82.906024;
8636591  5.193510 -80.628928 -83.544979;
8663571  4.356705 -93.090332 -84.302695;
8690053  3.516412 -94.055640 -85.197472;
8716524  2.812516 -97.270400 -86.112924;
8741905  2.152964 -93.196471 -86.820222;
8768385  1.534908 -89.236129 -87.448429;
8794190  0.931730 -95.706718 -88.011115;
8819583  0.343927 -94.036411 -88.574523;
8846011 -0.182541 -95.968641 -89.254055;
8871607 -0.730468 -94.647672 -89.780275;
8898060 -1.263881 -125.676731 -90.256528;
8923978 -1.854732 -73.814765 -90.602740;
8950449 -2.286831 -97.426830 -91.100552;
8975923 -2.871618 -106.112944 -91.750946;
9001749 -3.434379 -108.511060 -92.333212;
9028193 -3.981260 -77.070766 -92.655197;
9053756 -4.541226 -103.607693 -93.154803;
9080206 -5.225769 -89.298000 -93.592642;
9106001 -5.892470 -105.177511 -94.468364;
9131562 -6.522577 -95.007011 -94.768748;
9158482 -7.194968 -93.206091 -94.707029;
9183936 -7.897765 -117.874134 -94.952121;
9210339 -8.582108 -90.496889 -95.169597;
9235820 -9.291966 -125.112682 -96.363744;
9262241 -10.002711 -110.082064 -97.438914;
9287623 -10.739676 -106.502376 -98.175061;
9314072 -11.436033 -96.030960 -98.148772;
9340504 -12.168530 -109.310682 -99.134480;
9365945 -12.893695 -103.627084 -100.026596;
9392496 -13.492626 -103.906025 -100.344849;
9417873 -14.117689 -112.985717 -100.633784;
9444270 -14.775942 -101.551926 -100.794643;
9469666 -15.460651 -114.299306 -101.598108;
9497318 -16.101173 -77.845376 -102.316577;
9523149 -16.809149 -75.141849 -102.443217;
9549603 -17.447628 -119.032176 -102.615938;
9576088 -18.081717 -109.246216 -103.316111;
9602536 -18.716547 -119.038861 -104.314266;
9627987 -19.451439 -117.952676 -105.486366;
9654403 -20.213415 -125.469183 -106.538624;
9679792 -20.987747 -122.626112 -107.482925;
9706281 -21.769573 -111.752653 -108.052417;
9732424 -23.244896 -121.441437 -109.521607;
9758120 -23.244896 -102.446999 -110.800214;
9783709 -24.036961 -128.538831 -111.951481;
9810183 -24.832369 -113.786552 -112.227998;
9835689 -25.655287 -128.875335 -113.270950;
9862213 -26.475761 -110.248543 -114.200287;
9887641 -27.328983 -135.635734 -115.362335;
9914090 -28.272732 -103.481164 -116.225898;
9939615 -29.171190 -127.231244 -117.005409;
9966085 -29.972403 -127.918371 -117.894571;
9992513 -30.736193 -104.134594 -118.672570;
10018039 -31.498772 -138.244345 -119.868104;
