384233  0.000000  0.000000  179.999750;
401077 -0.004629 -95.823697 -95.823697;
426592 -0.004629 -95.907118 -95.832020;
453180 -0.013199 -96.077877 -95.849034;
478846 -0.021723 -96.136435 -95.870645;
505266 -0.029952 -95.829284 -95.880180;
531308 -0.040439 -96.811714 -95.902187;
557813 -0.053162 -95.248630 -95.905642;
583291 -0.064493 -95.763090 -95.891480;
609781 -0.072272 -96.501832 -95.914231;
636206 -0.080361 -95.736478 -95.907398;
661736 -0.086412 -93.510616 -95.894590;
688134 -0.087192 -93.928094 -95.877128;
713543 -0.079534 -95.294474 -95.812576;
739986 -0.068284 -96.454727 -95.803331;
765466 -0.056577 -97.608660 -95.871501;
791890 -0.046074 -97.609518 -95.932529;
818284 -0.024289 -93.880705 -95.911360;
844710 -0.000111 -97.306259 -96.058147;
871111  0.026113 -95.496598 -96.024515;
896576  0.052312 -96.335255 -96.055858;
923068  0.083026 -95.986762 -96.084016;
948575  0.116596 -95.221338 -96.074309;
974322  0.156317 -95.826468 -96.050474;
1000857  0.204666 -95.568958 -96.029050;
1026239  0.254495 -95.284516 -95.982060;
1052658  0.316110 -97.359794 -95.967519;
1078308  0.379434 -95.015629 -95.954447;
1104702  0.455405 -95.506623 -95.909629;
1131257  0.552519 -95.971471 -95.902380;
1157725  0.650225 -93.979494 -95.895862;
1184126  0.764179 -92.459251 -95.700747;
1209465  0.881472 -97.370637 -95.702992;
1236011  1.018419 -100.582773 -95.875909;
1261653  1.181342 -98.472954 -96.030809;
1287419  1.338718 -96.639313 -96.046458;
1313453  1.514949 -95.736728 -96.060519;
1340034  1.726004 -88.594927 -96.020951;
1365511  1.965030 -99.570234 -96.037574;
1392052  2.254029 -100.021182 -96.436307;
1417403  2.555097 -95.054455 -96.411319;
1443793  2.889498 -104.532116 -96.771588;
1469445  3.237604 -97.047590 -97.089430;
1495841  3.715788 -108.727092 -97.374432;
1521297  4.157871 -98.852901 -97.417447;
1548100  4.637065 -91.257561 -97.432276;
1573685  5.197678 -97.160971 -97.445534;
1600091  5.732814 -97.519962 -97.386319;
1625555  6.375428 -95.851158 -97.332966;
1651981  7.043323 -82.771437 -97.123846;
1677441  7.743713 -93.253620 -96.734504;
1703409  8.444543 -97.996463 -96.698463;
1730253  9.159357 -98.059956 -96.666413;
1756948  9.998283 -77.583772 -96.328762;
1782688  10.804432 -72.604003 -96.025842;
1808412  11.576632 -87.069530 -95.100256;
1835065  12.380948 -74.581243 -93.319026;
1860795  13.214313 -81.524777 -92.109390;
1886597  14.054956 -81.183710 -91.031770;
1913275  14.894013 -84.716990 -90.161956;
1940187  15.766852 -72.233488 -89.371852;
1965673  16.710211 -79.269012 -88.260170;
1992244  17.603582 -74.997758 -87.040029;
2019176  18.557299 -72.952909 -85.998699;
2044915  19.513693 -74.144950 -84.984401;
2070740  20.427723 -79.072640 -84.191376;
2096545  21.401581 -63.191798 -83.492081;
2123278  22.374685 -77.859153 -82.794352;
2150198  23.336258 -57.568901 -80.935117;
2175987  24.382233 -84.718616 -80.735356;
2202096  25.384264 -56.547966 -79.067671;
2227959  26.319006 -75.858246 -78.740422;
2253693  27.244942 -55.726340 -78.447069;
2279458  28.266050 -71.598785 -77.743321;
2306059  29.267542 -64.213307 -76.144829;
2331950  30.338486 -68.190321 -75.675179;
2357969  31.262260 -68.906083 -74.979405;
2383528  32.190601 -92.059779 -74.380646;
2409315  33.112675 -77.734848 -74.681727;
2436243  33.035118 -44.953613 -74.102548;
2463116  33.976570 -75.826286 -74.185682;
2488899  33.935951 -57.216617 -74.260045;
2514824  33.896980 -71.226005 -73.971944;
2540695  34.633965 -42.421741 -72.620253;
2566309  35.378101 -21.961515 -72.254180;
2593034  36.078480 -52.734795 -70.998974;
2618685  36.704784 -62.855586 -70.383279;
2644224  37.305920 -17.921674 -69.799410;
2671016  37.785896 -36.117029 -68.955895;
2697087  38.289421 -11.459830 -65.400299;
2723011  38.574409 -50.011550 -63.445447;
2748607  38.762409 -68.543876 -61.685422;
2774524  38.786247 -38.800920 -60.128752;
2800576  38.735996 -55.662573 -59.611999;
2827259  38.685482 -60.094751 -59.161946;
2853906  38.387691 -72.176157 -59.271624;
2880082  37.888111 -34.367461 -59.366736;
2905738  37.364590 -73.683286 -59.449571;
2931663  36.644264 -41.693561 -57.449189;
2958208  35.916386 -68.809175 -58.107701;
2984166  35.032093 -58.799597 -57.780365;
3009650  34.160618 -58.047394 -57.770018;
3036747  33.189503 -67.592725 -58.284676;
3062455  32.202843 -74.461174 -58.745444;
3088419  30.165462 -16.905612 -59.464787;
3115040  30.165462 -49.621798 -60.115001;
3140896  29.058353 -60.366894 -59.933042;
3166778  28.022141 -65.338089 -60.469941;
3192644  26.987255 -85.005609 -61.223458;
3218334  26.898403 -54.567838 -61.652320;
3245126  25.793537 -91.412204 -62.280630;
3270924  21.133774 -54.860614 -62.841605;
3296627  21.099901 -84.590183 -63.342785;
3323112  21.066154 -63.550085 -63.362707;
3348749  20.021311 -41.696286 -64.851579;
3374402  18.918724 -70.782004 -65.030734;
3401095  17.851089 -88.158564 -66.592902;
3426820  16.808229 -79.767074 -68.279211;
3452713  15.803187 -74.985823 -69.132656;
3478625  14.856413 -80.907099 -70.282606;
3504613  13.908943 -70.106076 -71.300615;
3531422  12.057679 -98.022359 -72.202874;
3558237  12.057679 -79.595308 -72.950392;
3585194  11.146788 -74.348340 -73.622149;
3611006  10.317088 -95.279664 -74.225756;
3636760  9.441845 -86.438078 -75.440543;
3662635  8.725451 -80.215106 -76.537623;
3688416  8.039665 -88.356543 -77.527373;
3714238  7.356370 -78.063013 -77.821215;
3740989  6.570672 -90.874082 -79.073626;
3766835  5.756707 -83.555029 -79.505094;
3792883  5.063008 -93.208923 -80.437851;
3818423  4.378999 -82.715475 -81.265190;
3844850  3.708331 -94.399452 -81.952723;
3871289  3.015177 -92.285894 -83.063053;
3897659  2.321708 -90.398447 -84.051648;
3924073  1.642932 -90.660681 -84.716935;
3949395  0.980364 -89.189180 -85.312072;
3975801  0.345188 -96.267731 -86.056657;
4002228 -0.286138 -90.903296 -86.564509;
4028751 -0.917965 -101.048919 -87.182818;
4055167 -1.516453 -109.575394 -88.668357;
4080577 -2.121400 -112.335607 -89.989421;
4106318 -2.703308 -95.109481 -90.504862;
4132725 -3.256249 -94.784350 -90.968292;
4159023 -3.823495 -102.977241 -91.384951;
4184697 -4.387598 -86.840607 -91.710519;
4211291 -4.908917 -118.742107 -92.930462;
4237963 -5.490737 -108.499762 -94.035534;
4263305 -6.096252 -65.527784 -94.124878;
4289742 -6.617795 -79.384459 -94.206469;
4316165 -7.209095 -108.509759 -94.280878;
4341525 -7.833969 -106.414760 -95.531669;
4367973 -8.433704 -100.481259 -96.635130;
4393329 -9.066033 -106.652413 -97.366590;
4419895 -9.677674 -100.636151 -97.726289;
4445409 -10.345677 -94.540806 -98.051110;
4471858 -11.003588 -74.339587 -97.723766;
4498282 -11.692473 -110.722018 -98.051529;
4527431 -13.247669 -92.242775 -98.346885;
4554177 -13.247669 -107.003075 -98.612991;
4579599 -14.049232 -119.064260 -99.657552;
4606179 -14.832851 -100.101534 -100.596915;
4631736 -15.652164 -120.354969 -101.441308;
4658194 -17.439211 -118.671954 -103.259455;
4683710 -17.439211 -160.570483 -104.884686;
4709293 -18.333633 -129.101473 -106.509881;
4735766 -19.230797 -108.313879 -106.995727;
4762195 -20.159170 -116.166150 -107.994350;
4787669 -21.096895 -101.035311 -108.240520;
4814161 -21.970789 -126.106190 -109.086916;
4839630 -22.941488 -104.101578 -109.836736;
4866046 -23.813267 -123.953917 -110.501905;
4891530 -24.717461 -112.765736 -110.567313;
4918238 -25.514273 -124.739333 -111.797006;
4944818 -26.349356 -120.754905 -112.766131;
4971208 -27.132147 -131.120780 -113.944743;
4996502 -27.814661 -107.455288 -114.862651;
5023023 -28.468830 -129.210537 -115.678976;
5048542 -29.177811 -105.062087 -115.047729;
5074336 -29.770397 -124.642852 -116.013029;
5100795 -30.391815 -129.112581 -116.890276;
5126343 -31.009058 -126.849449 -117.855598;
5152767 -31.605047 -115.454958 -118.574678;
5179249 -32.139980 -127.195639 -119.268998;
5205705 -32.676090 -111.901256 -118.969725;
5232151 -33.193497 -134.398240 -119.767287;
5257533 -33.759563 -125.167851 -120.479228;
5284051 -34.302853 -120.370891 -120.068849;
5309801 -34.840096 -103.315720 -119.692801;
5335286 -35.361778 -133.787712 -119.348812;
5361686 -35.994041 -121.945587 -119.604575;
5388224 -36.582096 -123.484893 -119.998514;
5413655 -37.133923 -124.887728 -120.388517;
5440292 -37.533443 -108.944761 -120.612762;
5466948 -37.951908 -108.755875 -120.816039;
5492607 -38.313290 -142.231686 -121.176051;
5518989 -38.586723 -166.759096 -121.454693;
5544525 -38.703125 -133.868611 -122.808830;
5571185 -38.685581 -138.439556 -124.007464;
5596631 -38.667267 -138.841397 -125.638432;
5623260 -38.605885 -125.508180 -127.077757;
5649704 -38.408707 -140.933661 -128.351551;
5676182 -38.151936 -128.413466 -128.373928;
5701871 -37.791351 -132.338073 -128.863879;
5727337 -37.335617 -125.331272 -128.834871;
5753955 -36.740761 -140.678888 -129.272380;
5779441 -36.170609 -123.586492 -129.660862;
5806206 -35.564781 -125.890915 -129.130432;
5831696 -34.847233 -132.101024 -129.441865;
5858209 -34.163868 -116.251297 -129.703891;
5883615 -33.357952 -128.309162 -129.937442;
5910103 -32.614391 -124.800791 -129.429668;
5935462 -31.795488 -129.765342 -129.466397;
5961998 -31.049044 -115.178350 -128.898713;
5987509 -30.222578 -129.766840 -128.992698;
6013972 -29.385584 -105.725905 -129.075823;
6039914 -28.517355 -134.185624 -129.280454;
6065502 -27.750977 -113.771711 -127.891035;
6091237 -26.918488 -129.069770 -127.929236;
6117790 -26.126400 -113.517348 -126.718540;
6144205 -25.296164 -126.628897 -126.881151;
6169615 -24.516214 -104.200943 -127.025704;
6196044 -23.690680 -102.040461 -125.066925;
6221518 -22.867548 -106.967216 -123.554851;
6248025 -22.062103 -122.584071 -123.449177;
6273848 -21.255966 -99.031313 -122.089476;
6299382 -20.545933 -118.144382 -121.509760;
6325960 -19.754963 -108.071629 -120.961237;
6351474 -18.931654 -119.055288 -120.467988;
6377940 -18.201681 -110.498890 -119.575306;
6403566 -17.444471 -113.978675 -118.995004;
6430056 -16.758633 -114.731861 -118.363854;
6455508 -16.059378 -116.321795 -117.920151;
6481264 -15.387523 -98.570802 -117.523254;
6507952 -14.706857 -108.678318 -116.683787;
6533343 -14.001560 -94.751164 -114.887307;
6560211 -13.302629 -112.451647 -114.672875;
6585720 -12.576168 -101.794965 -113.500135;
6612267 -11.863085 -105.890817 -112.696078;
6638882 -11.146113 -121.956210 -112.529574;
6664429 -10.427305 -109.416267 -112.208291;
6691300 -9.666746 -95.693324 -111.457606;
6717747 -8.878257 -91.467583 -110.782495;
6744182 -8.139760 -94.920257 -109.249234;
6769913 -7.404019 -95.803167 -107.917497;
6795367 -6.722836 -99.584968 -107.066451;
6821975 -6.096784 -101.092138 -106.303114;
6847450 -5.489065 -98.835921 -105.622794;
6873872 -4.939894 -102.297297 -105.151820;
6900281 -4.442112 -89.158775 -104.649172;
6926702 -3.944574 -102.269128 -104.379485;
6953116 -3.506913 -92.381742 -104.037915;
6978442 -3.066142 -96.659410 -103.313317;
7004852 -2.683352 -88.492796 -102.244419;
7030360 -2.311596 -88.870396 -101.240633;
7056900 -1.952537 -92.734823 -100.374022;
7082247 -1.573279 -105.084551 -99.573147;
7108689 -1.221516 -86.365624 -98.851688;
7135104 -0.853347 -83.627134 -97.547333;
7160433 -0.441999 -95.388380 -97.071154;
7186850 -0.047562 -88.513323 -96.628775;
7213262  0.409391 -93.578010 -96.229657;
7240087  0.863032 -83.642640 -95.474925;
7265514  1.354892 -104.555940 -95.323180;
7292017  1.873914 -93.367772 -95.137914;
7317392  2.414899 -88.263539 -94.486297;
7343835  2.963851 -99.563502 -94.422114;
7370256  3.535908 -75.859676 -93.839322;
7396662  4.145003 -92.042021 -93.663696;
7423224  4.813014 -89.808137 -93.504860;
7448706  5.484972 -84.229845 -93.146928;
7475223  6.110157 -101.520324 -93.028255;
7500618  6.746969 -80.634917 -92.921606;
7526938  7.361102 -79.409734 -91.671817;
7552567  8.037786 -77.774604 -90.540250;
7579258  8.677533 -85.629149 -90.059042;
7605329  9.335640 -82.843671 -89.392207;
7632087  9.978459 -84.487184 -88.824501;
7657929  10.632499 -84.305757 -88.393232;
7684087  11.255074 -82.194962 -87.918112;
7709912  11.880869 -75.134534 -87.393633;
7735719  12.523143 -69.713203 -86.923089;
7761294  13.166545 -68.144074 -85.494558;
7787777  13.814315 -71.464542 -83.753135;
7813476  14.485083 -78.540951 -83.342601;
7840122  15.116768 -75.682488 -82.391441;
7865608  15.789630 -77.870461 -82.037179;
7891357  16.433979 -80.914712 -81.912416;
7917227  16.334127 -60.721103 -81.603164;
7944221  16.233807 -86.008688 -81.456378;
7969931  16.949251 -74.819782 -81.325241;
7995324  17.670309 -86.395405 -81.207998;
8022036  18.372009 -75.761072 -80.772788;
8047528  19.158279 -67.003315 -80.385115;
8074073  19.908640 -81.862408 -80.039446;
8099846  20.754837 -49.670672 -79.021045;
8126182  21.576426 -71.587827 -78.309401;
8151857  22.390228 -60.248351 -77.389140;
8177371  23.205164 -77.641099 -76.675138;
8204035  23.993956 -64.662502 -76.178758;
8229690  24.795912 -72.251897 -75.690466;
8255329  25.567520 -67.121596 -74.476390;
8282027  26.442770 -49.571795 -73.395746;
8307619  27.354170 -71.380630 -72.433405;
8333262  28.126619 -48.596955 -70.584508;
8360168  28.874376 -91.355374 -70.613747;
8386143  29.566538 -38.841312 -68.917246;
8411701  30.130056 -67.477159 -68.675663;
8437251  30.684528 -61.817806 -68.463829;
8463783  31.220102 -46.232293 -67.724948;
8489245  31.640564 -55.182407 -66.440728;
8515706  32.010639 -92.618849 -66.109319;
8542146  32.164963 -70.155997 -65.808176;
8567791  32.319164 -52.971235 -64.647796;
8593317  32.175472 -69.400527 -65.103906;
8619976  32.032448 -47.350328 -64.167496;
8645620  31.923370 -90.901607 -64.674156;
8672274  31.632086 -39.802413 -65.119400;
8698941  31.351303 -75.981191 -65.511658;
8724755  30.936031 -42.289448 -63.424764;
8750643  30.473351 -77.656120 -64.752146;
8776438  29.984838 -39.498695 -62.718446;
8803105  29.581177 -82.099855 -64.128110;
8828846  28.952568 -92.721005 -65.957375;
8854947  28.277014 -60.100024 -66.963384;
8880386  27.592012 -47.979342 -65.354769;
8907232  26.904188 -73.489036 -66.146746;
8934001  26.124220 -49.462685 -64.643567;
8959872  25.308071 -55.566904 -63.701286;
8985474  24.499554 -61.637174 -63.908248;
9014243  23.699442 -91.555953 -64.096610;
9040333  22.788937 -69.856345 -64.691118;
9066972  21.982737 -53.748796 -65.222834;
9092627  21.159571 -74.389281 -65.698618;
9118377  20.384829 -65.386032 -65.670348;
9145150  19.605251 -87.520647 -66.618415;
9170805  18.796339 -76.130473 -67.058175;
9196393  18.184145 -91.518867 -68.273735;
9223236  17.573549 -63.766243 -69.354358;
9249749  16.833010 -79.913168 -70.315619;
9275449  16.012119 -88.929684 -71.136355;
9301259  15.409052 -86.233945 -72.706596;
9327230  14.713167 -90.466645 -73.985826;
9354094  14.012941 -90.412578 -75.705760;
9379664  13.382560 -79.013679 -77.245264;
9405370  12.693927 -74.720040 -77.583922;
9432232  12.025571 -76.948273 -77.522461;
9459039  11.373911 -81.749540 -77.957786;
9484629  10.723585 -91.926482 -78.252884;
9510359  10.057464 -80.251735 -78.427546;
9536955  9.443087 -83.042063 -78.985432;
9562850  8.784886 -86.431003 -79.485320;
9588643  8.751282 -76.727197 -79.402129;
9614545  8.090508 -89.823066 -80.175990;
9641246  7.421802 -74.574690 -80.029602;
9668185  6.732468 -91.909611 -80.712999;
9694138  5.993804 -99.024127 -81.910801;
9720112  5.301196 -81.938959 -82.369100;
9745746  4.608027 -78.906314 -82.326525;
9772272  3.938021 -89.779857 -83.057846;
9798669  3.244700 -89.414473 -83.682099;
9825078  2.582156 -88.219181 -84.127163;
9850418  1.932616 -91.660842 -84.672342;
9876820  1.309368 -86.345968 -85.032972;
9903217  0.707966 -89.064524 -85.435697;
9928545  0.106679 -86.662443 -85.797977;
9955003 -0.443190 -84.085005 -85.886907;
9980336 -0.975985 -93.412968 -86.201388;
