383568  0.000000  0.000000  179.999750;
404143  0.003141 -93.749050 -93.749050;
430405  0.003141 -93.770864 -93.783727;
456829  0.015170 -92.883027 -93.777255;
482361  0.034937 -93.755367 -93.767179;
508786  0.063003 -91.904246 -93.328998;
534465  0.095278 -93.370225 -93.349636;
560886  0.123113 -93.221854 -93.285342;
586269  0.153769 -92.119413 -93.087939;
612689  0.180509 -92.607658 -92.989269;
639112  0.208340 -93.021992 -92.942762;
664472  0.243437 -96.354590 -92.971539;
690880  0.277121 -92.585229 -92.983771;
716261  0.329534 -92.681249 -92.800144;
742711  0.392696 -97.931628 -92.898129;
768195  0.477093 -89.278482 -92.947071;
794633  0.641669 -94.180362 -92.971530;
821188  0.812406 -92.815328 -92.893965;
847753  1.028090 -92.231518 -92.828131;
874176  1.335108 -88.067770 -92.552774;
900615  1.640486 -102.149046 -92.697336;
927095  1.991660 -93.374361 -93.036067;
952466  2.382190 -94.205144 -93.205270;
978147  2.813690 -100.446467 -93.736202;
1004841  3.281829 -73.456217 -93.986265;
1030207  3.836902 -90.405986 -92.211273;
1056780  4.521977 -99.554299 -93.341990;
1082197  5.239651 -74.144696 -93.922027;
1108805  5.916015 -91.731504 -92.946688;
1134235  6.669976 -70.962035 -84.350109;
1160832  7.421229 -85.193722 -84.802753;
1186353  8.243909 -110.941042 -84.403281;
1212163  9.033306 -88.416964 -86.503606;
1238518  9.839918 -92.040780 -89.488243;
1264298  10.646663 -88.303013 -88.980445;
1290149  11.494058 -83.563789 -88.503394;
1316674  12.343786 -84.809718 -88.259927;
1342197  13.276413 -79.634027 -86.662939;
1368841  14.150819 -77.023088 -82.764912;
1394845  15.063630 -90.876587 -85.557995;
1420510  15.966028 -79.359729 -82.631981;
1447140  16.878998 -79.871612 -81.463222;
1473768  17.857193 -19.188637 -80.858029;
1499309  18.835314 -84.031117 -80.550072;
1525143  19.769608 -69.882214 -76.106445;
1551972  20.726847 -78.900246 -77.964633;
1577686  21.665657 -75.242223 -76.569505;
1603284  22.569769 -65.712609 -73.541418;
1630160  23.469803 -91.016871 -76.525447;
1656972  24.335579 -20.164494 -73.465746;
1682602  25.188650 -71.174880 -72.283917;
1708268  25.995115 -52.927202 -71.713418;
1734796  26.797226 -80.723965 -71.134245;
1760372  27.626276 -59.342250 -65.246316;
1787075  28.336937 -72.847402 -68.055877;
1812930  29.078913 -65.580394 -66.845080;
1838751  29.834036 -71.556707 -68.034987;
1864821  30.505775 -71.199791 -69.489698;
1890531  31.228172 -43.542763 -68.965544;
1917125  31.884071 -76.614982 -69.942964;
1942554  32.562523 -91.882524 -72.716331;
1968304  33.205044 -76.662168 -74.104809;
1995119  33.186172 -54.001035 -71.698497;
2021027  33.713467 -76.336204 -73.774471;
2046629  34.188118 -45.644476 -71.521762;
2072254  34.657162 -31.378156 -57.964699;
2098166  34.862164 -84.702453 -66.985937;
2124695  35.069458 -38.056229 -55.940684;
2150927  35.362694 -89.902069 -65.888365;
2176815  35.385120 -38.954389 -70.868188;
2202370  35.456264 -32.968925 -70.674319;
2229052  35.359509 -74.218692 -71.963694;
2254589  35.258484 -66.062400 -72.532686;
2281172  34.982059 -67.935952 -70.273671;
2307598  34.628567 -41.869179 -66.556613;
2334146  34.255375 -9.549591 -64.661202;
2360355  33.586205 -65.972901 -63.705881;
2387133  32.925579 -49.839109 -56.681522;
2413870  32.274323 -27.871049 -61.126312;
2440124  31.485683 -32.467328 -51.314362;
2465909  30.711290 -47.817453 -49.473987;
2491491  29.928686 -53.453547 -51.497092;
2517151  29.117874 -71.544260 -52.483736;
2543761  28.239166 -51.975948 -52.349784;
2569687  27.352709 -65.884971 -58.694420;
2595251  26.344959 -67.175642 -61.113351;
2622206  25.351280 -62.122194 -61.627283;
2648958  24.380899 -67.814539 -63.981568;
2674429  23.401491 -91.372666 -63.710786;
2700443  22.441370 -74.130574 -68.159024;
2726891  21.489376 -64.825121 -70.330919;
2752594  20.521500 -98.159275 -70.760127;
2778528  19.624838 -77.209152 -73.465315;
2805212  18.720118 -85.346518 -79.652044;
2831914  17.742384 -90.939087 -82.792348;
2857626  16.856123 -81.492572 -82.133239;
2883192  16.051788 -78.220566 -82.038274;
2909808  15.248508 -73.541611 -79.809713;
2935707  14.391920 -86.065161 -80.900425;
2961295  13.587272 -91.103821 -83.386933;
2987843  12.792286 -91.491302 -84.619493;
3013646  11.867362 -66.158560 -82.746684;
3039541  11.151575 -88.396302 -85.663849;
3065204  10.318191 -83.747672 -84.696921;
3091785  9.487572 -89.180781 -86.430955;
3117543  8.627240 -78.086596 -87.310840;
3143195  7.805344 -79.395020 -84.086438;
3169981  6.986829 -94.144183 -86.189304;
3195896  6.099824 -85.865150 -87.205695;
3222055  5.224254 -84.956524 -86.599803;
3247855  4.389163 -87.521833 -87.212025;
3273246  3.578531 -94.455372 -87.801523;
3299646  2.780749 -90.180175 -88.075097;
3326072  1.970209 -93.695512 -89.091820;
3351434  1.164115 -92.417594 -90.748338;
3377947  0.429585 -93.452593 -91.610803;
3403288 -0.262586 -92.067958 -91.874285;
3429758 -0.924161 -86.944620 -92.004400;
3455213 -1.635416 -67.304103 -89.491950;
3481996 -2.319397 -88.342074 -88.858255;
3508104 -2.978545 -99.668295 -90.499745;
3533603 -3.587998 -96.018874 -91.317093;
3560116 -4.167662 -108.524650 -93.644276;
3585724 -4.796283 -102.809142 -98.040134;
3611409 -5.403447 -108.862972 -100.202219;
3637976 -5.908912 -92.986719 -98.242059;
3663326 -6.431735 -74.230685 -97.225455;
3689933 -7.049810 -112.319909 -96.707903;
3715437 -7.772058 -98.107553 -97.662732;
3741984 -8.459693 -89.243149 -98.129574;
3767461 -9.207467 -112.232316 -98.369965;
3793947 -9.925101 -110.074101 -104.899220;
3819313 -10.724534 -111.862830 -107.845699;
3845740 -11.520368 -107.033318 -109.398095;
3871162 -12.377329 -127.549448 -111.677844;
3897637 -13.188892 -110.030931 -112.168620;
3924115 -14.074896 -99.479244 -111.099635;
3949490 -14.981212 -104.359999 -107.112833;
3976097 -15.849772 -110.296937 -108.729791;
4001499 -16.791782 -116.933059 -109.909854;
4028121 -17.710520 -117.009258 -112.707876;
4053485 -18.682732 -130.610333 -114.516474;
4080061 -19.620619 -115.010032 -114.999693;
4105487 -20.603323 -121.148368 -115.728744;
4131953 -21.547773 -107.827538 -116.086775;
4157374 -22.530853 -116.779414 -116.178183;
4184043 -23.497240 -120.868295 -116.980401;
4209535 -24.478497 -112.448607 -117.262773;
4236038 -25.296965 -126.318244 -117.529856;
4261427 -26.191593 -127.018423 -121.991475;
4288075 -27.048616 -128.878303 -123.573367;
4313493 -27.954649 -112.699349 -124.898850;
4339904 -28.782772 -130.393593 -125.867901;
4365276 -29.630342 -119.218640 -125.457853;
4391763 -30.423653 -131.740540 -125.398159;
4417180 -31.271641 -113.975436 -124.856301;
4443643 -32.016300 -132.556810 -128.429381;
4470076 -32.791607 -123.290131 -126.786261;
4495459 -33.596298 -144.554554 -129.761986;
4522032 -34.253544 -128.779896 -131.181836;
4547457 -34.942413 -129.435549 -130.638213;
4573911 -35.596088 -135.965157 -131.256239;
4599310 -36.296009 -136.975029 -132.281552;
4625891 -36.872238 -137.210317 -132.820442;
4651907 -37.475281 -134.808185 -134.115042;
4677361 -37.974548 -112.919707 -134.742805;
4703807 -38.344505 -119.020582 -127.930020;
4729183 -38.647724 -136.346417 -131.694539;
4756087 -38.854992 -137.272876 -134.135168;
4781442 -38.869778 -138.148947 -135.334047;
4807910 -38.730423 -107.491013 -134.776924;
4833316 -38.584949 -142.238909 -135.856478;
4860192 -38.430573 -123.478863 -134.492791;
4886822 -38.046101 -140.851671 -136.356339;
4912174 -37.665150 -129.057759 -136.601294;
4938687 -37.191395 -139.415863 -136.939765;
4964829 -36.695946 -116.194444 -134.189457;
4990205 -36.101665 -135.228082 -134.674570;
5016835 -35.585236 -112.005055 -132.985536;
5042226 -34.875778 -138.645362 -133.165871;
5068695 -34.152813 -112.563930 -133.251323;
5094175 -33.399155 -135.766168 -133.292941;
5120626 -32.633976 -126.826293 -130.198683;
5147089 -31.839638 -132.338283 -131.025523;
5172498 -31.059889 -111.863311 -128.985727;
5198936 -30.250681 -129.035983 -129.011796;
5224434 -29.444624 -108.381462 -129.024112;
5250833 -28.628689 -129.965109 -129.030102;
5276228 -27.783920 -106.126874 -119.436403;
5302652 -26.906145 -117.838845 -119.154607;
5329166 -25.999660 -96.506709 -113.856552;
5355894 -25.040705 -111.135671 -112.493999;
5381214 -24.049524 -150.155157 -111.814212;
5407794 -23.110558 -123.108943 -111.522658;
5434185 -22.138662 -96.418568 -107.590551;
5460661 -22.195473 -107.011579 -106.255487;
5487195 -21.207170 -117.563462 -106.055400;
5513855 -20.182270 -111.154513 -111.291476;
5539351 -19.152502 -81.512843 -113.730772;
5565791 -18.258001 -101.713725 -108.137645;
5591169 -17.411518 -113.915556 -111.526035;
5617724 -16.599035 -102.965431 -112.764409;
5644196 -15.769952 -103.148187 -108.584056;
5670635 -14.943460 -111.524943 -110.030949;
5697100 -14.186214 -97.626795 -110.009498;
5724955 -13.419740 -107.945846 -108.749220;
5750816 -12.613008 -89.513434 -103.196932;
5776363 -11.898770 -99.825491 -101.562100;
5802815 -11.164343 -106.164055 -100.787148;
5828174 -10.446302 -97.770756 -99.356756;
5855438 -9.780774 -98.813295 -99.085545;
5881928 -9.065250 -99.070918 -98.949550;
5907420 -8.381364 -95.515624 -98.420232;
5933867 -7.731804 -94.312947 -97.988591;
5959295 -7.078503 -95.254105 -96.738562;
5985728 -6.515205 -92.481037 -95.466215;
6011252 -5.929643 -102.732059 -96.452042;
6037712 -5.462807 -108.801172 -96.938172;
6063179 -4.978852 -89.806338 -95.714347;
6089733 -4.489730 -97.238392 -96.497385;
6116188 -3.972028 -101.493956 -97.128862;
6142606 -3.474028 -98.705259 -97.962750;
6169034 -2.909369 -76.829192 -98.363158;
6194388 -2.344495 -90.586192 -94.481451;
6220831 -1.813803 -87.180655 -90.826725;
6246353 -1.230442 -89.358037 -90.088727;
6272780 -0.639345 -107.103930 -89.722460;
6298147 -0.004290 -93.220063 -91.400585;
6324631  0.605292 -91.017966 -92.242323;
6351187  1.268808 -90.219688 -91.647128;
6377772  1.850607 -91.473409 -91.394147;
6403398  2.522335 -89.848988 -91.264190;
6430147  3.164745 -92.284251 -91.198319;
6456799  3.835308 -67.021534 -90.528553;
6482279  4.512798 -108.231588 -91.451989;
6508902  5.128208 -82.134426 -90.646223;
6534330  5.828128 -45.287118 -86.182307;
6560892  6.508667 -76.938629 -83.869251;
6586289  7.219555 -98.278630 -82.695702;
6612990  7.904693 -88.812023 -85.728713;
6638605  8.646206 -75.449496 -87.230645;
6664287  9.386107 -72.371797 -81.347033;
6690943  10.160096 -93.862997 -85.026010;
6716904  10.958148 -77.022407 -86.885241;
6742737  11.843200 -77.136308 -83.275697;
6768385  12.723888 -89.263581 -86.002160;
6794182  13.530136 -74.781695 -87.487022;
6821031  14.378877 -67.298001 -80.438113;
6846995  15.233126 -78.734726 -78.991280;
6873195  16.080622 -51.622809 -78.310443;
6900029  16.935822 -84.654783 -77.980028;
6925645  17.801064 -65.142455 -72.409526;
6951337  18.650888 -78.886599 -75.870296;
6978049  19.541283 -65.541674 -73.527474;
7004104  20.452753 -79.848864 -75.591601;
7029835  21.341805 -75.787977 -76.933329;
7055573  22.289726 -45.960852 -76.084623;
7081221  23.237906 -75.367384 -75.727447;
7107749  24.184336 -64.759567 -75.566451;
7133400  25.210220 -67.790650 -73.454951;
7159228  26.170469 -80.810846 -74.425760;
7186061  27.177958 -45.090525 -74.914436;
7211570  28.248001 -80.972187 -75.159567;
7237311  29.291338 -12.842357 -66.078566;
7263237  30.344164 -91.518141 -71.692506;
7290193  30.247189 -72.624781 -69.941139;
7316752  31.343948 -104.869148 -73.174006;
7342137  32.482132 -78.428776 -77.457772;
7368922  33.381264 -41.388171 -75.408950;
7394818  34.329983 -74.160361 -74.776379;
7420432  35.192657 -52.550612 -76.079692;
7446212  36.052975 -18.060247 -57.939933;
7473031  36.807091 -80.217297 -67.632398;
7498599  37.337330 -24.193016 -72.438276;
7524315  37.842834 -66.948328 -70.108600;
7550977  38.043850 -10.514823 -55.090280;
7576628  38.252262 -53.217237 -54.087121;
7602612  38.448463 -60.444413 -53.532122;
7628224  38.440529 -40.832252 -51.185355;
7655063  38.440136 -44.451297 -50.056101;
7680448  38.050869 -46.182412 -48.691779;
7706960  37.682690 -31.137743 -45.076335;
7732540  37.174305 -100.344741 -45.540784;
7758281  36.627556 -37.711085 -43.385783;
7785130  35.249504 -72.775197 -44.674696;
7810693  35.249504 -37.566805 -46.783571;
7836379  34.649651 -59.554604 -47.818844;
7862440  33.801033 -67.632928 -53.034795;
7888542  32.940025 -32.070957 -55.764324;
7914307  32.130264 -78.506391 -57.155688;
7941188  32.059067 -42.434348 -49.068995;
7967873  31.220215 -91.239403 -60.980255;
7993534  30.403368 -48.408639 -53.873253;
8019212  29.617867 -70.187540 -60.395997;
8046019  28.771080 -68.068458 -65.460479;
8071680  27.887062 -71.596676 -67.868286;
8097452  27.021248 -83.997322 -69.773817;
8123528  26.201658 -42.223188 -70.695479;
8149302  25.375586 -80.600170 -71.148621;
8175971  24.483923 -71.019795 -71.083407;
8201661  23.561298 -67.447949 -71.295837;
8228083  22.725100 -64.635382 -71.016239;
8253640  21.918724 -61.334482 -66.410740;
8279191  21.112215 -83.041724 -69.033742;
8305974  20.264545 -74.894950 -70.288593;
8331190  19.325708 -71.973564 -70.781887;
8358055  18.493004 -82.286796 -73.215930;
8383792  17.605844 -60.042769 -72.220449;
8409687  16.730394 -86.930982 -73.693397;
8435502  15.797779 -67.235360 -74.428140;
8462150  14.916522 -71.982620 -73.318126;
8488919  13.890472 -80.533277 -74.271492;
8514656  12.859764 -80.730713 -77.029089;
8540222  11.928910 -81.354787 -78.392000;
8567059  11.019073 -73.958625 -76.282580;
8592829  10.077524 -91.792110 -78.291066;
8618603  9.197017 -56.549493 -76.299415;
8644251  8.316372 -90.997780 -78.142213;
8670989  8.249804 -91.299401 -84.588750;
8696795  8.180408 -77.967483 -82.299757;
8725907  6.379917 -91.635898 -86.664278;
8751190  6.379917 -90.122182 -88.826866;
8778003  5.503697 -85.788697 -89.473555;
8803732  4.687845 -86.421634 -87.983627;
8829239  3.904976 -85.086814 -87.356312;
8855693  3.180655 -91.169282 -87.061497;
8882147  2.429442 -92.400833 -89.120461;
8908581  1.679845 -86.476937 -90.177366;
8935004  0.904179 -89.962808 -90.072452;
8960391  0.128835 -94.155780 -90.681648;
8986810 -0.616496 -86.480143 -90.982610;
9012163 -1.373169 -92.748267 -91.151078;
9038612 -2.763611 -46.232219 -88.768459;
9065189 -2.763611 -115.632272 -90.732830;
9091826 -3.477741 -90.096280 -90.417987;
9117179 -4.167049 -88.696601 -89.566911;
9143617 -4.812293 -106.132906 -91.133623;
9170065 -5.504928 -78.254842 -89.935060;
9195545 -6.191365 -81.424713 -86.283692;
9222044 -6.852678 -92.070002 -89.412288;
9247405 -7.645220 -98.999161 -90.940957;
9273810 -8.403728 -110.235314 -95.228956;
9299370 -8.428318 -95.772439 -97.174987;
9325863 -9.210727 -100.811658 -98.428021;
9351244 -10.061739 -72.158804 -97.190950;
9377816 -10.859593 -86.257877 -96.515107;
9403356 -11.694887 -102.405787 -96.161369;
9429976 -12.573385 -106.286776 -99.381992;
9455395 -13.489032 -91.103523 -100.918452;
9481894 -14.299335 -90.022574 -96.015815;
9507374 -15.194233 -115.844481 -99.248815;
9533818 -16.097120 -114.872429 -107.621986;
9559366 -17.051929 -82.266607 -105.081011;
9585832 -17.974388 -118.426443 -110.971105;
9611307 -18.950195 -100.733883 -113.767842;
9637766 -19.926413 -118.444682 -115.135248;
9663176 -20.988005 -91.165341 -108.090287;
9689736 -21.960567 -112.581270 -109.731369;
9715143 -23.018101 -111.816036 -110.535192;
9741738 -24.041750 -104.446538 -107.551584;
9767271 -25.113264 -124.405939 -110.302752;
9793746 -26.111586 -106.351545 -108.377325;
9819161 -27.143101 -122.725875 -111.628803;
9845773 -28.215574 -111.070951 -112.426983;
9871191 -29.203266 -129.889927 -113.371733;
9897686 -30.146643 -124.307514 -118.788007;
9923132 -31.073360 -128.200327 -122.347577;
9949555 -31.950956 -112.584385 -124.298255;
9976011 -33.661659 -134.759043 -125.034223;
10001416 -33.661659 -119.239997 -125.106450;
