398635  0.000000  0.000000  0.000000;
409901  0.000000 -93.769220 -93.769220;
436395  0.028724 -94.249159 -93.788189;
461761  0.118520 -93.440049 -93.683901;
488166  0.238961 -93.395992 -93.611072;
514596  0.364334 -93.360573 -93.560176;
541357  0.520089 -92.945148 -93.508442;
566712  0.730909 -93.253951 -93.466538;
593183  0.930652 -92.893245 -93.397810;
619616  1.161415 -92.684949 -93.349731;
646061  1.418481 -92.347295 -93.315377;
672497  1.696254 -91.874451 -93.189577;
697843  2.025594 -91.580924 -92.937490;
724300  2.341355 -91.268033 -92.617759;
749675  2.689941 -91.114609 -92.392952;
776122  3.033956 -90.444393 -92.235460;
802559  3.404618 -89.253103 -91.944805;
827926  3.802586 -89.746427 -91.495293;
854364  4.184446 -89.224029 -90.970891;
879738  4.613912 -88.934921 -90.603649;
906209  5.026094 -88.498216 -90.346520;
931586  5.477516 -87.952488 -90.010288;
958021  5.940113 -87.702926 -89.556899;
984444  6.457512 -87.048811 -89.074830;
1009778  7.049307 -86.880254 -88.737743;
1036382  7.616711 -85.894610 -88.501896;
1061850  8.256020 -85.001621 -88.069147;
1088276  8.921687 -84.335668 -87.416545;
1113637  9.680174 -84.074802 -86.694612;
1140092  10.464622 -83.196728 -86.192543;
1166538  11.337031 -81.739418 -85.841206;
1191890  12.294740 -81.729166 -85.318871;
1218320  13.212831 -81.252819 -84.267962;
1243719  14.190135 -79.463522 -83.504727;
1270180  15.167706 -78.455199 -82.971191;
1296590  16.220490 -76.907841 -82.598129;
1323025  17.332531 -76.483836 -81.661668;
1349465  18.445625 -74.715536 -80.231841;
1374850  19.603737 -72.852094 -79.115468;
1401284  20.747030 -72.912943 -78.329652;
1426679  21.961380 -71.466653 -77.777617;
1453109  23.160955 -69.682232 -76.341764;
1479548  24.409420 -70.601950 -74.872097;
1504880  25.642971 -69.151480 -73.589100;
1531315  26.778076 -67.745222 -72.691584;
1556701  27.926687 -65.673719 -72.063881;
1583167  28.973907 -64.398256 -71.242734;
1609593  29.984060 -63.266430 -69.573751;
1636191  30.736898 -62.586187 -68.026729;
1661565  31.494637 -61.794324 -66.940213;
1687983  32.075333 -61.848885 -66.178365;
1714381  32.534725 -61.132086 -65.103268;
1739723  32.835381 -61.252667 -64.120617;
1766121  32.870590 -60.933750 -63.260954;
1792565  32.907265 -61.204526 -62.660544;
1819418  32.554546 -61.032314 -62.277547;
1844798  32.554546 -61.114176 -61.973206;
1871267  32.148079 -62.402903 -61.760412;
1896631  31.444933 -62.996123 -61.950749;
1923065  30.771141 -63.526120 -62.144636;
1949504  29.959961 -64.416169 -62.400187;
1974936  29.046101 -65.327723 -62.579022;
2001543  28.079685 -67.321539 -62.704180;
2026898  26.998751 -67.640583 -63.492347;
2053487  25.915648 -68.471997 -64.638638;
2079075  24.716099 -69.499082 -65.538244;
2105532  23.561708 -71.187294 -66.165414;
2130880  22.351957 -72.130650 -66.603094;
2157315  21.185175 -73.460341 -67.974053;
2182676  19.966339 -74.830824 -69.221580;
2209163  18.812897 -76.583008 -70.493619;
2234679  17.633316 -77.165789 -71.384243;
2261114  16.554632 -77.957373 -72.007509;
2287564  15.437098 -78.900248 -73.555280;
2314002  13.326009 -80.311820 -74.876079;
2340596  13.326009 -80.822544 -76.061441;
2367018  12.328835 -81.722010 -76.892135;
2393437  11.361508 -82.782643 -77.473866;
2418814  10.396307 -84.150827 -78.746287;
2445231  9.477311 -85.553692 -79.961339;
2470589  8.549288 -86.458586 -81.219559;
2497024  7.658467 -86.562282 -82.098868;
2523459  6.724161 -87.425924 -82.714125;
2548786  5.789855 -88.336118 -83.876013;
2575220  4.900897 -88.869749 -84.943495;
2600573  3.996491 -90.443334 -85.964549;
2627009  3.161971 -90.856040 -86.675135;
2653418  2.339428 -92.470224 -87.170300;
2678784  1.517725 -92.413921 -88.273362;
2705192  0.750936 -93.026124 -89.520218;
2730589 -0.047352 -94.480591 -90.403708;
2757011 -0.808874 -94.092602 -91.021070;
2783432 -1.614846 -95.989524 -91.453857;
2808808 -2.445393 -96.323011 -92.253773;
2835422 -3.193888 -96.621574 -93.374809;
2860804 -3.978899 -97.680021 -94.254200;
2887216 -4.696571 -98.453236 -94.870536;
2913615 -5.441752 -99.225933 -95.306856;
2940063 -6.185358 -99.803648 -96.256285;
2966504 -6.914192 -100.439402 -97.145758;
2991907 -7.642834 -100.979485 -97.934841;
3018344 -8.338604 -101.847962 -98.486171;
3043818 -9.073593 -102.439781 -98.877882;
3070207 -9.784532 -103.177050 -99.813685;
3096625 -10.542762 -103.937663 -100.587532;
3123056 -11.301826 -104.727839 -101.316144;
3149530 -12.076597 -105.615841 -101.857927;
3174891 -12.859904 -106.007229 -102.279830;
3201321 -13.618411 -107.150446 -103.280902;
3226671 -14.425838 -107.811410 -104.101414;
3253137 -15.200271 -107.963241 -104.977634;
3279560 -16.006372 -109.347216 -105.591959;
3308640 -16.817619 -109.815426 -106.058266;
3335238 -17.722429 -111.068021 -107.015122;
3360635 -18.554480 -111.936915 -107.859130;
3387049 -19.347797 -112.917488 -108.641595;
3413500 -20.170866 -113.623440 -109.346131;
3438869 -21.014875 -114.287342 -109.923063;
3465313 -21.824360 -115.090801 -111.040533;
3490675 -22.698425 -115.786592 -112.016609;
3517112 -23.549892 -116.731850 -112.912501;
3543544 -24.443907 -118.335044 -113.566903;
3568932 -25.356718 -118.205370 -114.093680;
3595379 -26.233477 -119.058023 -115.334876;
3620756 -27.154478 -119.994087 -116.226037;
3647210 -28.042868 -121.258141 -117.016231;
3672588 -28.966133 -121.852208 -117.629162;
3699047 -29.849907 -122.400968 -118.231010;
3725495 -30.763651 -123.686014 -119.304983;
3750882 -31.621292 -124.573116 -120.238673;
3777332 -32.444530 -125.403911 -121.175222;
3802688 -33.263874 -126.162065 -121.929488;
3829125 -34.012554 -126.844149 -122.691841;
3855553 -34.746735 -127.375478 -123.733099;
3880985 -35.408443 -128.282043 -124.591253;
3907425 -36.045216 -129.166988 -125.338024;
3932765 -36.645466 -129.368601 -125.949463;
3959232 -37.220741 -129.862195 -126.671890;
3984671 -37.778770 -130.647213 -127.479607;
4011103 -38.262306 -130.974763 -128.156542;
4037559 -38.694500 -130.948374 -128.793839;
4063177 -38.952194 -132.098813 -129.349761;
4088596 -39.201725 -132.079130 -129.738987;
4115047 -39.245190 -131.840779 -130.334100;
4141452 -39.290421 -131.736615 -130.750559;
4166815 -39.215034 -131.814874 -131.070371;
4193229 -39.034977 -131.431438 -131.265737;
4218593 -38.744221 -130.874724 -131.393227;
4245005 -38.267147 -130.876537 -131.293897;
4271470 -37.770359 -130.326285 -131.205511;
4296885 -37.199848 -129.418914 -131.105923;
4323302 -36.604633 -128.546763 -130.980640;
4348676 -35.940376 -127.958448 -130.603083;
4375100 -35.227581 -127.245597 -129.986406;
4401556 -34.485287 -126.286943 -129.509959;
4426914 -33.717052 -126.126390 -129.067911;
4453361 -32.973347 -124.514424 -128.522652;
4478738 -32.194878 -124.398004 -127.867183;
4505186 -31.444803 -123.686020 -126.954476;
4531623 -30.661055 -122.619668 -126.219243;
4558060 -29.913151 -122.306182 -125.581366;
4584511 -29.165247 -120.401067 -125.010598;
4609888 -28.434715 -120.415149 -124.283475;
4636478 -27.734232 -119.954371 -123.182722;
4661872 -26.986464 -118.690172 -122.348332;
4688303 -26.267677 -118.676802 -121.761888;
4713691 -25.519539 -117.815334 -121.215799;
4740112 -24.800535 -116.823510 -120.554101;
4766556 -24.050663 -116.199946 -119.733956;
4791938 -23.305386 -115.545410 -119.056859;
4818168 -22.590040 -114.620629 -118.526290;
4844600 -21.850794 -113.856515 -117.828707;
4871044 -21.105452 -113.168245 -116.927465;
4897501 -20.357752 -112.399433 -116.010646;
4922885 -19.599991 -112.025511 -115.287118;
4949322 -18.865599 -110.656677 -114.735511;
4974744 -18.100742 -110.246469 -114.052142;
5001181 -17.378059 -109.727511 -113.094040;
5027635 -16.626522 -109.043723 -112.237528;
5054633 -15.888233 -108.493560 -111.620806;
5081119 -15.144654 -107.376057 -111.165091;
5107536 -14.415177 -106.648910 -110.529177;
5132933 -13.683568 -106.872481 -109.647089;
5159368 -12.976330 -105.063167 -108.828721;
5184736 -12.234132 -104.892103 -108.239783;
5211203 -11.508723 -103.797718 -107.789694;
5236751 -10.751888 -103.059473 -106.988105;
5263164 -10.009241 -102.208117 -106.044900;
5289596 -9.241449 -102.341782 -105.150737;
5316038 -8.476334 -100.723153 -104.502324;
5342464 -7.751702 -100.142554 -104.049207;
5367862 -7.027508 -99.440276 -103.497332;
5394291 -6.343120 -98.823139 -102.505876;
5419691 -5.639826 -98.166370 -101.585347;
5446127 -4.984467 -97.765536 -100.938136;
5472565 -4.356461 -97.110055 -100.483302;
5498995 -3.728407 -96.275813 -99.791151;
5525419 -3.112648 -95.608557 -98.997234;
5550771 -2.503081 -95.385876 -98.175117;
5577189 -1.915534 -93.682497 -97.592136;
5603609 -1.296021 -93.585030 -97.178386;
5630055 -0.676462 -93.692199 -96.661071;
5656519 -0.040951 -93.509945 -95.776362;
5681881  0.605094 -92.317345 -95.122677;
5708320  1.234304 -91.212344 -94.658446;
5733717  1.914452 -90.940890 -94.333916;
5760167  2.567795 -90.431336 -93.725859;
5786588  3.291839 -89.553395 -92.892191;
5813002  4.015089 -88.674216 -92.155555;
5839464  4.757504 -88.160026 -91.639226;
5864875  5.559443 -87.333492 -91.276411;
5891527  6.329533 -86.526430 -90.496034;
5916866  7.167341 -84.865377 -89.542465;
5943335  8.000627 -84.614360 -88.623186;
5968708  8.902189 -84.041381 -87.979539;
5995127  9.795861 -82.522486 -87.529013;
6021559  10.751785 -81.587454 -86.655140;
6046903  11.790099 -83.742021 -85.747151;
6073320  12.785673 -80.299687 -84.801280;
6098697  13.832271 -78.179255 -84.139488;
6125130  14.860910 -78.065196 -83.676499;
6151553  15.946480 -77.050241 -82.636578;
6176910  17.057053 -75.689927 -81.262188;
6203354  18.122820 -74.991596 -79.994635;
6228768  19.222567 -73.348545 -79.108979;
6255239  20.279478 -72.560305 -78.490077;
6280609  21.387623 -71.466653 -77.434693;
6308977  22.449289 -69.711060 -75.983402;
6334662  23.627319 -69.510660 -74.621360;
6361112  24.683737 -68.308312 -73.668348;
6386633  25.750620 -67.250460 -73.001771;
6413055  26.761330 -66.211259 -71.946962;
6439483  27.764559 -65.132368 -70.542178;
6464887  28.768017 -64.340458 -69.240773;
6491323  29.691093 -63.186888 -68.330444;
6516694  30.651669 -62.082240 -67.693818;
6543136  31.553017 -61.761954 -66.689871;
6569585  32.466980 -60.635443 -65.309540;
6596034  33.353729 -60.088783 -64.248241;
6622430  34.157700 -58.653457 -63.503578;
6647791  34.960056 -58.054332 -62.981609;
6674214  35.669392 -57.757909 -62.111047;
6699614  36.319679 -56.763948 -60.892785;
6726025  36.829617 -56.080011 -59.950450;
6752433  37.091709 -55.901235 -59.291607;
6777817  37.353775 -55.659748 -58.830913;
6804267  37.548321 -56.027893 -58.044461;
6830218  37.498249 -55.870315 -57.411550;
6855637  37.289055 -56.248954 -57.051111;
6882053  36.934353 -56.917797 -56.810343;
6908533  36.419746 -57.331251 -56.842586;
6933883  35.645561 -57.853228 -56.865153;
6960312  34.904411 -58.934271 -56.880948;
6985674  34.023983 -60.169367 -57.171280;
7012152  33.073391 -60.902986 -57.701283;
7037638  32.001335 -62.185620 -58.444888;
7064248  30.890846 -63.187420 -58.963865;
7089621  29.731382 -64.588134 -59.326341;
7116068  28.561512 -65.354777 -60.483621;
7142235  27.342123 -66.817369 -61.716144;
7167600  26.131250 -68.224225 -62.806908;
7194039  24.981499 -69.218847 -63.571120;
7220477  23.810513 -69.498969 -64.106232;
7245667  22.653698 -71.483301 -65.639537;
7272074  21.569181 -72.076107 -66.801759;
7298513  20.465733 -73.646436 -68.203126;
7323875  19.404539 -74.936321 -69.186206;
7350207  18.415615 -75.675771 -69.875045;
7375563  17.363138 -76.734025 -71.390229;
7401973  16.349672 -77.571640 -72.678853;
7428427  15.319884 -77.799026 -73.878972;
7453774  14.288381 -79.382277 -74.718106;
7480188  13.313972 -79.518185 -75.304813;
7506598  12.302981 -81.283034 -76.528820;
7533019  11.298998 -82.440846 -77.427803;
7559463  10.330497 -83.529866 -78.583599;
7584829  9.361153 -84.155460 -79.385357;
7611236  8.442942 -85.273090 -79.946342;
7636783  7.499950 -86.170602 -81.212712;
7663281  6.600150 -87.076808 -82.395977;
7688745  5.695981 -87.629243 -83.531596;
7715194  4.827095 -88.572269 -84.321894;
7741621  3.930656 -89.650163 -84.874790;
7768214  3.038593 -90.239216 -85.990070;
7793564  2.149453 -91.017921 -87.093556;
7819734  1.309226 -91.837319 -88.040592;
7846195  0.457403 -93.105462 -88.701977;
7871566 -0.403893 -93.855661 -89.163244;
7898021 -1.161924 -94.362689 -90.346241;
7924453 -1.952343 -94.802722 -91.400485;
7949789 -2.726336 -95.870831 -92.289996;
7976260 -3.465142 -96.437742 -92.912457;
8001654 -4.230578 -97.390390 -93.347893;
8028074 -4.971075 -98.207219 -94.276778;
8054616 -5.741490 -98.504166 -95.216352;
8081108 -6.523162 -99.521366 -96.092826;
8107524 -7.341785 -100.318281 -96.714475;
8132919 -8.158060 -100.889632 -97.149869;
8159369 -8.967211 -101.556127 -98.079136;
8184779 -9.809977 -102.695405 -98.948966;
8211196 -10.634735 -103.520552 -99.714929;
8236734 -11.504278 -104.459236 -100.270698;
8263177 -12.352686 -105.132878 -100.670433;
8289610 -13.229947 -105.636494 -101.782544;
8316037 -14.106877 -106.821486 -102.715186;
8342474 -14.979977 -107.278383 -103.596721;
8367811 -15.858250 -108.668198 -104.283783;
8394288 -16.716999 -109.657560 -104.819899;
8419639 -17.631365 -109.920814 -105.962542;
8446062 -18.506845 -110.076778 -107.052747;
8472467 -19.432659 -112.196203 -107.867546;
8497856 -20.374371 -113.150164 -108.487806;
8524272 -21.293413 -114.495757 -108.966909;
8549612 -22.271812 -114.688403 -110.221966;
8576066 -23.210360 -114.737302 -111.442397;
8602501 -24.194611 -116.517126 -112.315883;
8627884 -25.178154 -118.880371 -113.013234;
8654307 -26.106668 -118.386413 -113.597032;
8679652 -27.049425 -118.655302 -115.020197;
8706120 -27.899160 -120.146904 -116.063167;
8732538 -28.658449 -121.232318 -116.912899;
8757879 -29.416304 -122.569307 -117.554944;
8784360 -30.103025 -122.481734 -118.128637;
8809726 -30.780210 -122.731050 -119.392518;
8836178 -31.373117 -123.266887 -120.341920;
8862591 -31.892868 -123.875636 -121.116556;
8889020 -32.411854 -124.613519 -121.701316;
8915484 -32.881119 -125.158470 -122.197442;
8941501 -33.301716 -125.519428 -122.924207;
8966877 -33.651653 -125.973419 -123.524390;
8993343 -33.912388 -125.805516 -123.973715;
9018727 -34.090580 -126.238328 -124.414354;
9045134 -34.067326 -126.091235 -124.737880;
9070591 -34.043137 -126.329881 -125.105040;
9097028 -33.921875 -126.076006 -125.372171;
9123526 -33.700691 -125.437625 -125.559153;
9148891 -33.371387 -125.128172 -125.680022;
9175307 -32.974453 -124.601581 -125.607648;
9200675 -32.561073 -123.613848 -125.459529;
9227133 -31.936361 -123.279012 -125.286471;
9253564 -31.284807 -122.450231 -125.033123;
9279991 -30.591145 -122.145070 -124.607639;
9308116 -29.840698 -121.351851 -124.081777;
9333760 -29.042034 -120.457674 -123.500573;
9360174 -28.298553 -119.680782 -123.017522;
9386599 -27.504923 -119.196807 -122.587838;
9413025 -26.710962 -118.232132 -121.949880;
9439574 -25.923830 -116.910628 -121.187245;
9466036 -25.137089 -116.566361 -120.300319;
9492482 -24.352520 -115.559342 -119.618586;
9517828 -23.567619 -114.844296 -119.139035;
9544278 -22.815365 -114.670149 -118.419226;
9569623 -22.030346 -113.712249 -117.537563;
9596066 -21.288183 -112.237484 -116.677652;
9622486 -20.513060 -111.755646 -116.001200;
9647839 -19.736191 -110.755438 -115.425614;
9674243 -18.990696 -110.790355 -114.469652;
9699584 -18.209864 -110.107697 -113.416469;
9725994 -17.460466 -108.463984 -112.621030;
9752437 -16.686714 -108.273669 -112.031110;
9777775 -15.911187 -107.822109 -111.544961;
9804213 -15.172323 -106.714578 -110.622461;
9830624 -14.386045 -105.719708 -109.790456;
9857098 -13.600571 -104.880367 -108.871460;
9883534 -12.810797 -104.716677 -108.173428;
9908879 -12.022560 -103.814946 -107.683650;
9935325 -11.272657 -102.831076 -106.843521;
9960708 -10.455859 -102.192187 -105.980979;
9987181 -9.671892 -101.651639 -105.036387;
