400730  0.000000  0.000000  179.999750;
420667 -0.005783 -92.713092 -92.713092;
447257 -0.005783 -93.727403 -93.727403;
472590 -0.018368 -93.656015 -93.727403;
498973 -0.023783 -92.960817 -93.645555;
525377 -0.029422 -94.433429 -93.724739;
551101 -0.034662 -93.844758 -93.833769;
576822 -0.042124 -92.403227 -93.735418;
603413 -0.047229 -95.019229 -93.859510;
628772 -0.040733 -94.556332 -94.556332;
655199 -0.034539 -93.489644 -93.859510;
681458 -0.015173 -94.607563 -94.556332;
706960  0.023715 -94.134439 -94.529225;
733501  0.080559 -94.092602 -94.134439;
758843  0.169704 -93.584266 -94.118095;
785606  0.254822 -93.360550 -94.114152;
812768  0.347574 -93.390315 -93.401688;
839544  0.438390 -87.343034 -93.363774;
864973  0.530778 -86.956583 -93.349314;
891561  0.650352 -95.099530 -93.349314;
918020  0.775377 -92.607658 -92.607658;
943648  0.924840 -91.388789 -92.566387;
970215  1.104431 -89.366318 -91.411146;
996027  1.346576 -95.108112 -92.653514;
1022010  1.625582 -104.209420 -94.941010;
1047618  1.953246 -88.630842 -92.653514;
1074404  2.258587 -82.931488 -88.630842;
1099901  2.726013 -101.760641 -94.941010;
1126419  3.238678 -86.795201 -88.630842;
1151895  3.771872 -99.444952 -94.941010;
1178187  4.457584 -96.433894 -96.433894;
1203733  5.205802 -118.676674 -96.604363;
1230353  6.002213 -82.315704 -94.812993;
1255679  6.838203 -90.197315 -94.643679;
1282092  7.633556 -101.161168 -94.643679;
1307900  8.535630 -69.972201 -90.204547;
1334590  9.417043 -77.341727 -90.204547;
1360695  10.322465 -69.001112 -77.341727;
1386899  11.167789 -93.939101 -90.209028;
1412643  12.016318 -80.860427 -90.204547;
1438990  12.884147 -74.601215 -80.686663;
1464697  13.772302 -77.021686 -78.353932;
1491530  14.616904 -80.473192 -81.187980;
1517102  15.477199 -79.716273 -79.588384;
1542773  16.307215 -78.111016 -78.161068;
1569287  17.148283 -76.503307 -79.175642;
1594986  18.016972 -70.482691 -75.093639;
1621197  18.874258 -87.197501 -79.121325;
1646794  19.793844 -84.906075 -84.614976;
1673554  20.634441 -58.538217 -79.121325;
1699275  21.526304 -70.703049 -69.160294;
1724948  22.363512 -54.427661 -69.160294;
1750680  23.264614 -77.349988 -67.227870;
1777303  24.167788 -68.665695 -68.638618;
1803032  25.018505 -68.869106 -72.695151;
1829520  25.839869 -55.976568 -66.716227;
1855182  26.707705 -65.112138 -65.112138;
1881037  27.549654 -52.456186 -65.112138;
1907558  28.397146 -64.934596 -62.042735;
1934588  29.419521 -54.601563 -59.134991;
1961178  30.461517 -76.192579 -67.369735;
1986950  31.395618 -52.063906 -60.892393;
2012868  32.284065 -66.241082 -60.206360;
2039225  33.177544 -72.535537 -71.233856;
2064968  34.159393 -42.031604 -60.206360;
2090678  35.118370 -53.733112 -53.733112;
2117616  36.005856 -77.319875 -71.053512;
2144484  36.902828 -35.250461 -53.733112;
2169840  37.850388 -63.818997 -63.818997;
2196456  38.776367 -41.119010 -63.818997;
2222464  39.748360 -72.361391 -63.818997;
2248395  40.609203 -46.711853 -46.711853;
2274201  41.512234 -37.120564 -46.711853;
2300022  42.326599 -66.922341 -46.711853;
2325663  43.083096 -47.021966 -47.021966;
2352281  43.834316 -91.334769 -61.566164;
2378079  44.383339 -67.641536 -61.566164;
2404015  44.915447 -30.453261 -46.349222;
2429668  45.424664 -45.164225 -48.311275;
2456571  45.931065 -44.638963 -46.349222;
2486689  46.402996 -34.253962 -41.381535;
2512965  46.575428 -91.749676 -48.423128;
2538683  46.725864 -51.817224 -48.423128;
2565560  46.712906 -24.756714 -41.381535;
2592480  46.699364 -11.530452 -47.310897;
2618197  46.530033 -30.581051 -35.671332;
2644046  46.134266 -66.390940 -47.310897;
2669825  45.736469 -34.109114 -47.310897;
2696548  45.181927 -44.249853 -40.898877;
2722037  44.607075 -54.468597 -48.232613;
2747782  44.510956 -31.873797 -48.232613;
2773583  43.270084 -53.725649 -48.232613;
2800356  42.520477 -43.837210 -43.837210;
2826115  41.694805 -37.344798 -43.837210;
2851964  40.900406 -72.012651 -43.837210;
2877753  40.040089 -42.819086 -42.819086;
2904246  39.217598 -53.031721 -53.031721;
2930002  38.369419 -58.014860 -49.508961;
2955733  37.490570 -93.017595 -49.368063;
2981555  36.590965 -75.752304 -75.752304;
3008402  35.717354 -59.419330 -59.557032;
3034313  34.809063 -75.066045 -72.256959;
3059916  33.864796 -60.381484 -75.429359;
3085714  32.974751 -48.792738 -55.015219;
3112593  32.129128 -41.255914 -48.792738;
3139458  31.274744 -52.422857 -52.422857;
3164967  30.420807 -80.626735 -52.422857;
3190669  29.549606 -64.500455 -58.968408;
3217506  28.713800 -52.783885 -65.690026;
3243348  27.857065 -83.113626 -65.690026;
3269053  27.062868 -48.246640 -48.246640;
3294872  26.272881 -76.166287 -76.166287;
3320765  25.471111 -76.921760 -74.003366;
3347551  24.667046 -62.826682 -62.826682;
3373336  23.861012 -81.455630 -77.066932;
3398733  23.054394 -69.718785 -68.751999;
3425569  22.359175 -60.185826 -67.113470;
3452304  21.471743 -87.137417 -77.688800;
3478128  20.587650 -68.052541 -71.376184;
3503945  19.659958 -87.622866 -77.688800;
3529851  18.659599 -56.818039 -77.688800;
3556602  17.752691 -91.777011 -76.681285;
3583174  16.775360 -68.460561 -67.788673;
3608873  15.804569 -91.767621 -91.510818;
3634688  15.726884 -79.015220 -78.948442;
3661575  14.760891 -84.541180 -84.541180;
3688155  13.760530 -85.545200 -85.837153;
3713704  12.827187 -98.287366 -85.545200;
3740523  11.930046 -85.934591 -85.934591;
3766290  10.952688 -101.887133 -90.946146;
3792066  10.056547 -85.400364 -86.058339;
3817807  9.218729 -87.125132 -87.125132;
3843620  8.514093 -86.683022 -87.254594;
3870419  7.807487 -69.640503 -86.443859;
3896288  7.093938 -83.447752 -83.199303;
3921965  7.019293 -82.389569 -83.388801;
3947689  6.360707 -92.479094 -83.199303;
3974348  5.704844 -86.753302 -86.749716;
3999916  5.703622 -91.041170 -90.859305;
4026627  5.056030 -92.161133 -90.859305;
4053421  4.392944 -86.181535 -86.444174;
4078804  3.749888 -87.411574 -87.386291;
4105237  3.140697 -89.926838 -87.163928;
4130578  2.503883 -98.119883 -89.924205;
4156958  1.905371 -95.403124 -95.403124;
4183352  1.274668 -95.289573 -95.349340;
4208703  0.662569 -95.358350 -95.062375;
4235166  0.074658 -97.192113 -95.342763;
4260738 -0.525305 -89.322300 -95.062375;
4287355 -1.092964 -97.338810 -95.342763;
4312862 -1.669598 -104.039283 -97.338810;
4339468 -2.250613 -101.106653 -97.988655;
4365033 -2.861941 -97.461848 -97.461848;
4391461 -3.434129 -101.062942 -99.521476;
4416998 -4.025632 -82.500757 -97.988616;
4443604 -4.607330 -82.334928 -82.815461;
4470241 -5.311272 -79.998828 -83.966554;
4495600 -5.931039 -96.287874 -83.966554;
4521931 -6.695294 -110.733844 -98.064498;
4548487 -7.488842 -86.243447 -97.637191;
4573869 -8.181325 -104.764653 -97.637191;
4600312 -8.873033 -122.948715 -105.270543;
4625723 -9.663497 -102.708639 -105.270543;
4652109 -10.438629 -108.298384 -105.270543;
4678514 -11.243503 -132.545925 -112.199733;
4703832 -12.067903 -103.790588 -110.215400;
4730278 -12.783764 -120.099007 -110.897306;
4755590 -13.657492 -103.365546 -105.217081;
4781989 -14.464770 -111.663580 -111.663580;
4808372 -15.315987 -90.371220 -105.217081;
4833928 -16.176758 -118.640400 -112.174023;
4860079 -17.010548 -120.366690 -118.640400;
4886494 -17.886106 -112.661462 -112.697306;
4912309 -18.735016 -109.422739 -109.580176;
4937668 -19.565432 -122.809218 -118.640400;
4963586 -20.445446 -124.326465 -120.569695;
4990005 -21.207949 -117.459017 -119.266953;
5015696 -22.015039 -91.233114 -118.276079;
5041595 -22.799891 -107.011043 -104.653459;
5067979 -23.558672 -113.382284 -113.382284;
5094465 -24.315952 -120.654385 -120.654385;
5119864 -25.077374 -125.334455 -120.654385;
5146271 -25.787382 -126.017286 -126.017286;
5171991 -26.525568 -117.203809 -126.017286;
5198411 -27.214314 -128.242632 -127.826149;
5223767 -27.989973 -111.317880 -113.688301;
5250202 -28.662392 -134.003613 -126.426403;
5275566 -29.478447 -112.416670 -113.792810;
5302024 -30.261440 -144.884682 -126.426403;
5328426 -31.035387 -105.412776 -126.426403;
5353759 -31.807695 -138.009982 -127.734383;
5380310 -32.640396 -111.836025 -109.935546;
5405655 -33.451519 -134.970459 -132.735642;
5432189 -34.260239 -119.890806 -118.847609;
5458623 -35.074894 -139.334098 -136.190618;
5486230 -36.702465 -126.563761 -132.735642;
5511806 -36.702465 -125.619059 -128.357296;
5538336 -37.424839 -140.750794 -136.082581;
5563674 -38.078167 -128.392408 -134.381312;
5590109 -38.702141 -142.040438 -136.082581;
5615572 -39.423756 -140.498932 -139.808247;
5642164 -39.925240 -144.728406 -138.762473;
5667678 -40.413235 -128.814315 -138.065438;
5694124 -40.808994 -146.256114 -140.498932;
5719583 -41.219212 -140.588485 -140.498932;
5746004 -41.395287 -145.103131 -141.572927;
5772592 -41.578014 -124.513140 -140.791418;
5799128 -41.563808 -112.238664 -140.791418;
5824585 -41.340176 -148.804554 -141.299006;
5850991 -41.125637 -113.321624 -117.454093;
5877402 -40.684597 -139.171016 -139.171016;
5903678 -40.243473 -127.332479 -129.277557;
5930289 -39.709530 -137.218979 -137.218979;
5956474 -39.052990 -144.687249 -137.183860;
5981832 -38.406960 -101.624993 -137.218979;
6008399 -37.652027 -141.232130 -137.183860;
6033737 -36.915047 -122.253685 -137.183860;
6059949 -36.172314 -138.060474 -138.060474;
6086389 -35.428371 -120.390518 -120.390518;
6111732 -34.526989 -130.267725 -130.962007;
6138145 -33.646370 -119.426520 -120.390518;
6163643 -32.728569 -132.534582 -130.962007;
6190170 -31.876040 -116.673463 -127.920766;
6215625 -30.985462 -129.265242 -128.485531;
6242163 -30.147585 -96.033145 -116.673463;
6267560 -29.273249 -115.766487 -116.497545;
6294018 -28.436504 -127.441352 -116.497545;
6320536 -27.612064 -112.274362 -115.332611;
6345961 -26.760654 -131.812718 -126.689447;
6372418 -26.004892 -108.935576 -115.332611;
6397890 -25.174021 -122.241997 -122.241997;
6424352 -24.374083 -100.105970 -121.842587;
6449894 -23.538610 -118.804234 -115.896761;
6475710 -22.732185 -119.644120 -120.126968;
6502254 -21.916321 -119.477511 -119.678467;
6527675 -21.054350 -117.670751 -120.126968;
6553762 -20.205561 -118.533114 -118.386656;
6580281 -19.301477 -98.540008 -117.349342;
6605741 -18.382421 -108.562793 -109.531811;
6632281 -17.397839 -100.130159 -100.130159;
6657614 -16.371490 -100.041189 -100.130159;
6684055 -15.485415 -107.002886 -100.130159;
6710502 -14.504071 -98.828411 -99.924325;
6736052 -13.596394 -121.521015 -107.002886;
6762511 -12.750319 -87.614497 -100.223286;
6787962 -11.874142 -116.012717 -107.811579;
6814414 -11.087687 -94.831554 -107.115177;
6840342 -10.247280 -125.774630 -107.115177;
6865869 -9.479337 -91.975240 -94.711747;
6892376 -8.752500 -107.768078 -106.712890;
6917811 -7.997758 -91.178051 -94.711747;
6943658 -7.343438 -105.305170 -105.305170;
6970205 -6.678519 -87.509997 -104.235820;
6996334 -5.981407 -100.795355 -100.795355;
7021704 -5.343939 -100.736643 -101.138833;
7047833 -4.759074 -99.321179 -101.138833;
7074252 -4.167082 -91.437980 -99.199774;
7099569 -3.568521 -107.176161 -102.164459;
7126543 -3.040922 -99.798255 -102.164459;
7151923 -2.478792 -94.628708 -99.317120;
7178334 -1.960343 -100.664477 -101.350011;
7203678 -1.418816 -97.621791 -101.350011;
7230085 -0.899167 -95.581490 -97.541511;
7256490 -0.329502 -96.140613 -96.074562;
7281847  0.240120 -78.728031 -95.581490;
7308461  0.839397 -63.144009 -77.580650;
7333805  1.482196 -97.698548 -96.532953;
7360379  2.140367 -103.732379 -97.495132;
7386033  2.875513 -92.856334 -96.359772;
7411724  3.585208 -103.595831 -97.350760;
7437790  4.335150 -89.281770 -97.350760;
7464275  5.049876 -91.227512 -91.167838;
7490548  5.927722 -68.255546 -89.318027;
7515910  6.804960 -100.765443 -96.911718;
7542354  7.651780 -111.821208 -96.911718;
7567750  8.520597 -91.875881 -91.875881;
7594352  9.354981 -80.163808 -91.875881;
7619843  10.321995 -80.220150 -80.555148;
7645620  11.264189 -108.386353 -91.876743;
7672284  12.170516 -88.714000 -91.876743;
7697819  13.158916 -81.524988 -88.714000;
7724526  14.133924 -61.076567 -81.524988;
7750014  15.174885 -81.374109 -83.156035;
7775646  16.075720 -76.046156 -81.374109;
7802650  17.100218 -71.667298 -72.931688;
7829014  18.175018 -76.715669 -76.715669;
7854835  19.244068 -66.172051 -72.931688;
7881524  20.353386 -76.670377 -76.495510;
7906629  21.383051 -67.395394 -76.495510;
7933456  22.332441 -76.550854 -74.768259;
7959231  23.346952 -70.275998 -69.898661;
7985406  24.349619 -55.790656 -69.898661;
8010972  25.333080 -61.024422 -63.193337;
8036824  26.325666 -58.239703 -58.239703;
8062652  27.268574 -79.485072 -69.836644;
8089359  28.210606 -54.046070 -58.239703;
8115023  29.227919 -60.256169 -60.498806;
8140609  30.183952 -61.849400 -63.921744;
8167324  31.220284 -47.976103 -58.259597;
8193022  32.356590 -80.015102 -63.921744;
8219470  33.393143 -33.496668 -63.921744;
8245033  34.460754 -84.787215 -63.921744;
8270609  35.492641 -53.458026 -53.458026;
8297336  36.639462 -39.317953 -53.458026;
8323218  37.871761 -50.827672 -50.827672;
8348951  40.110077 -37.435567 -40.815770;
8374735  40.110077 -72.218543 -53.458026;
8401551  41.105614 -71.663602 -53.458026;
8427220  42.064850 -40.031812 -40.815770;
8453054  42.982662 -74.929200 -71.221229;
8485502  44.953365 -35.947102 -42.206540;
8511466  44.953365 -61.826248 -61.826248;
8537324  45.736248 -27.750353 -61.826248;
8563040  46.385265 -54.675993 -54.675993;
8588812  47.030716 -62.082721 -58.452081;
8615602  47.617374 -91.713985 -61.826248;
8642472  48.212070 -61.390733 -59.384103;
8668140  48.692039 -27.951429 -52.291795;
8693730  49.012203 -59.125639 -60.423929;
8720393  49.331394 -51.970467 -57.778085;
8745968  49.581741 -31.701674 -44.695330;
8771952  49.714108 -47.275414 -50.050494;
8798331  49.648254 -30.888646 -41.902327;
8823920  49.396545 -46.705106 -46.416214;
8849994  49.152374 -57.415354 -50.335075;
8876559  48.835106 -30.058237 -46.416214;
8903224  48.511864 -63.416014 -50.335075;
8928662  47.969608 -26.497074 -50.335075;
8955383  47.425896 -53.571517 -46.938512;
8981179  46.748692 -53.290477 -53.290477;
9006758  45.993320 -36.730947 -53.290477;
9032603  45.244305 -65.186115 -53.290477;
9058817  44.346634 -37.781675 -41.387321;
9085571  43.515789 -91.105959 -64.058135;
9112076  42.661293 -32.073908 -41.387321;
9137680  41.644794 -59.832537 -59.832537;
9164354  40.662853 -15.069156 -64.011952;
9190106  39.677341 -49.776998 -49.776998;
9215816  38.682648 -62.003773 -60.450877;
9241592  37.682903 -44.102698 -60.450877;
9268317  36.699478 -57.881211 -56.923563;
9294085  35.606812 -48.064557 -48.717058;
9319804  34.612679 -53.566977 -56.646072;
9346594  33.620434 -79.853063 -56.646072;
9373346  32.588100 -31.671997 -45.323183;
9399136  31.484529 -80.506745 -79.615956;
9424969  30.420643 -36.516182 -45.323183;
9450593  29.403099 -70.155314 -70.155314;
9477392  28.393787 -85.739730 -79.615956;
9503154  27.470346 -61.158506 -70.155314;
9528998  26.510269 -71.355754 -71.355754;
9554727  25.521885 -47.197201 -71.355754;
9580569  24.565788 -75.938090 -67.900262;
9607200  23.605492 -76.237342 -76.237342;
9632685  22.615063 -64.759148 -76.237342;
9659553  21.667253 -81.034926 -74.456389;
9685182  20.635195 -60.126209 -66.803033;
9710852  19.701595 -74.381439 -74.381439;
9736661  18.739460 -79.531077 -74.381439;
9763527  17.830431 -73.589816 -73.589816;
9789311  16.884174 -47.065231 -78.730518;
9815139  15.946897 -62.533479 -72.942245;
9840624  15.138933 -63.517754 -63.517754;
9866811  14.245596 -87.552201 -78.730518;
9892612  13.341644 -21.185781 -68.447481;
9919275  12.493166 -85.434953 -78.580677;
9944991  11.668445 -82.930605 -81.876180;
9970739  10.873015 -71.973080 -78.580677;
9996802  10.083279 -86.148757 -81.876180;
10023444  9.343567 -73.854168 -81.876180;
