390018  0.000000  0.000000  0.000000;
410684  0.001893 -97.113515 -97.113515;
436966  0.001893 -97.326561 -97.119767;
462314  0.004702 -97.514994 -97.145231;
488787 -0.004199 -97.310816 -97.161730;
515298 -0.013495 -96.221787 -97.173688;
542108 -0.023209 -97.319180 -97.186843;
567467 -0.033442 -97.187243 -97.198689;
593961 -0.043121 -97.266617 -97.205066;
620202 -0.047166 -97.419640 -97.214870;
645585 -0.049970 -97.314591 -97.224871;
672037 -0.052683 -96.317004 -97.232683;
697396 -0.054702 -97.332775 -97.241799;
723856 -0.063219 -97.443830 -97.249811;
749269 -0.077762 -97.142430 -97.257021;
775712 -0.108413 -97.586395 -97.270286;
802189 -0.158473 -97.643243 -97.282225;
827557 -0.228405 -97.814204 -97.294703;
853507 -0.312836 -96.831963 -97.297425;
880121 -0.417824 -95.807093 -97.299700;
905657 -0.547034 -94.794305 -97.300012;
932100 -0.688164 -98.237537 -97.300293;
957477 -0.959457 -96.818956 -97.266686;
983955 -1.219814 -97.714613 -97.262022;
1009506 -1.614356 -97.849306 -97.307818;
1035960 -2.123816 -97.405920 -97.348758;
1061365 -2.730844 -98.253374 -97.385693;
1087805 -3.338237 -99.227301 -97.420271;
1113687 -3.969164 -100.770300 -97.504159;
1139465 -4.577687 -102.510724 -97.664195;
1166069 -5.183765 -103.644966 -97.944800;
1191820 -5.812920 -102.461222 -98.222329;
1218016 -6.404603 -104.583933 -98.477081;
1243611 -6.962918 -104.561427 -98.875347;
1270125 -7.470910 -104.932593 -99.438380;
1295520 -7.997142 -105.131716 -99.949732;
1321956 -8.520551 -106.067782 -100.413067;
1347305 -9.065414 -106.636567 -100.830552;
1373792 -9.612256 -106.158566 -101.342711;
1400246 -10.195779 -105.824935 -101.805182;
1426694 -10.785845 -107.751018 -102.235828;
1453165 -11.400408 -106.953122 -102.627294;
1478609 -12.015505 -108.554764 -102.991832;
1505048 -12.617227 -108.940965 -103.390070;
1530410 -13.247322 -109.507744 -103.898922;
1556846 -13.857559 -110.553865 -104.387232;
1583313 -14.492427 -110.597261 -104.840799;
1609757 -15.128039 -112.102258 -105.260644;
1636200 -15.758254 -112.792088 -105.792062;
1661590 -16.389252 -113.712838 -106.422156;
1688042 -17.007915 -114.795977 -107.046580;
1713422 -17.693647 -114.684363 -107.621970;
1739863 -18.351589 -115.542028 -108.171094;
1765388 -19.033001 -116.241521 -108.817893;
1791892 -19.666254 -117.474575 -109.473804;
1817258 -20.296280 -117.823442 -110.139444;
1843886 -20.877180 -117.853898 -110.751430;
1869334 -21.466248 -118.737137 -111.337049;
1895797 -21.982201 -118.930719 -111.993971;
1921273 -22.518732 -119.827200 -112.668888;
1947696 -23.017750 -119.915849 -113.277667;
1974223 -23.520391 -119.240454 -113.835534;
1999621 -24.008001 -121.086778 -114.345243;
2026062 -24.469431 -120.491578 -114.896321;
2051626 -24.949810 -122.257180 -115.460703;
2078054 -25.409962 -121.193332 -115.991483;
2107708 -25.885666 -123.223663 -116.473261;
2133576 -26.428040 -122.802028 -116.940526;
2160023 -26.900772 -123.482933 -117.525724;
2185394 -27.380451 -124.021000 -118.087812;
2212482 -27.842552 -124.674719 -118.604317;
2238938 -28.333031 -125.776163 -119.100916;
2264312 -28.812065 -124.690307 -119.563966;
2290738 -29.274609 -125.927412 -120.076555;
2317194 -29.756329 -126.110433 -120.625878;
2342571 -30.226074 -127.263445 -121.137209;
2369018 -30.666201 -127.654551 -121.633342;
2394386 -31.125288 -128.647516 -122.110683;
2420849 -31.559061 -128.496160 -122.665980;
2447304 -32.011559 -128.449842 -123.183112;
2473816 -32.443726 -128.883764 -123.675850;
2500245 -32.852131 -128.654114 -124.152817;
2526742 -33.226978 -130.128010 -124.592489;
2553190 -33.568001 -129.798650 -125.017784;
2578596 -33.908394 -130.271594 -125.461333;
2605063 -34.224514 -130.686750 -125.884598;
2630488 -34.534439 -131.215090 -126.299880;
2656924 -34.810040 -131.592806 -126.726272;
2682298 -35.055431 -131.172313 -127.169416;
2708713 -35.290962 -130.509795 -127.541591;
2735187 -35.521641 -131.261398 -127.881739;
2760564 -35.738686 -132.613436 -128.204635;
2787199 -35.945576 -132.359449 -128.505495;
2812564 -36.151741 -131.776529 -128.835720;
2839006 -36.348076 -132.320601 -129.132301;
2864382 -36.520859 -132.020872 -129.398709;
2890311 -36.686676 -133.078179 -129.660556;
2916815 -36.851749 -132.633266 -129.913060;
2942582 -37.015629 -132.912238 -130.167991;
2968514 -37.310406 -134.822950 -130.414369;
2995010 -37.310406 -133.108366 -130.644506;
3020515 -37.442684 -132.910509 -130.870508;
3047178 -37.554050 -133.936367 -131.093030;
3072559 -37.670471 -134.446181 -131.329734;
3099041 -37.770447 -130.270646 -131.543106;
3124418 -37.834328 -134.473301 -131.765247;
3150876 -37.869198 -134.505851 -131.965244;
3177301 -37.816685 -134.337273 -132.156401;
3203787 -37.764236 -134.136268 -132.363279;
3229523 -37.678513 -134.183390 -132.548309;
3256009 -37.575176 -134.374821 -132.714644;
3281374 -37.457909 -134.004406 -132.863105;
3307764 -37.307655 -133.633596 -132.995598;
3333803 -37.151329 -134.131142 -133.108236;
3359346 -36.962498 -133.272524 -133.204806;
3385813 -36.746063 -133.440016 -133.281267;
3412286 -36.498768 -132.995272 -133.316037;
3438695 -36.194427 -131.972750 -133.330345;
3465193 -35.890823 -132.302254 -133.296849;
3490575 -35.550598 -132.225099 -133.258227;
3517062 -35.188274 -131.950327 -133.208432;
3542445 -34.772976 -131.171011 -133.110547;
3568911 -34.341660 -130.935391 -133.015330;
3594910 -33.868504 -129.839396 -132.831511;
3621178 -33.342968 -128.842197 -132.649175;
3646755 -32.796352 -129.351081 -132.455361;
3673256 -32.264118 -127.781861 -132.216001;
3699709 -31.706585 -127.830174 -131.979909;
3726137 -31.138350 -126.966261 -131.567561;
3751507 -30.559355 -125.903601 -131.189707;
3777954 -29.985722 -125.073657 -130.842219;
3803919 -29.387737 -125.160720 -130.458131;
3829319 -28.794704 -124.636572 -130.025023;
3855766 -28.216515 -123.104213 -129.537454;
3882239 -27.617319 -124.150472 -129.065597;
3907586 -27.021172 -122.469087 -128.603710;
3934030 -26.450380 -122.092679 -128.153573;
3959380 -25.861345 -122.742679 -127.621142;
3986200 -25.296679 -120.933293 -127.127419;
4011588 -24.688213 -121.275430 -126.640419;
4038041 -24.097895 -119.539041 -126.196745;
4063451 -23.471909 -119.478614 -125.701607;
4089925 -22.859352 -119.058023 -125.169655;
4115287 -22.221148 -118.081534 -124.576628;
4141723 -21.592712 -117.926645 -124.041396;
4168201 -20.937664 -116.129618 -123.542955;
4193430 -20.276320 -115.074014 -122.996193;
4219929 -19.649639 -114.823796 -122.349420;
4245473 -18.985748 -114.149545 -121.645996;
4271931 -18.373861 -113.621111 -120.997840;
4297321 -17.740082 -112.653351 -120.410715;
4324199 -17.159407 -111.684514 -119.778393;
4349582 -16.544701 -112.404073 -119.108350;
4376046 -15.976974 -111.443348 -118.437963;
4401451 -15.413755 -111.111094 -117.804592;
4427898 -14.873075 -109.766744 -117.232227;
4453263 -14.330003 -110.410454 -116.650974;
4479718 -13.809149 -109.602326 -116.027983;
4506287 -13.273991 -108.833333 -115.404535;
4532742 -12.738960 -108.433708 -114.841907;
4559224 -12.207841 -107.558576 -114.333600;
4584596 -11.674158 -107.427858 -113.783414;
4611263 -11.162845 -106.745713 -113.181764;
4637070 -10.625433 -106.456360 -112.593900;
4662543 -10.112445 -106.193187 -112.062996;
4688999 -9.619319 -104.983387 -111.584963;
4714383 -9.153612 -104.784922 -111.067066;
4740825 -8.706777 -104.425425 -110.476407;
4767255 -8.278860 -103.683600 -109.904207;
4793705 -7.851138 -103.659247 -109.382253;
4820154 -7.438841 -102.999882 -108.913155;
4845733 -7.056037 -103.276230 -108.393526;
4871704 -6.685825 -103.141741 -107.875031;
4898155 -6.326989 -102.150901 -107.403764;
4923578 -5.961521 -102.599280 -106.979795;
4950014 -5.615691 -101.556127 -106.597225;
4975348 -5.266171 -101.103562 -106.182035;
