398792  0.000000  0.000000  179.999750;
410028  0.000000 -94.239865 -94.239865;
436368 -0.004289 -94.294781 -94.260338;
462807 -0.021178 -94.143514 -94.274669;
488172 -0.038535 -94.924751 -94.284700;
514797 -0.056736 -93.136013 -94.242442;
540335 -0.072183 -95.774055 -94.454728;
566893 -0.088558 -95.228381 -94.603421;
592539 -0.103966 -93.334314 -94.449332;
618009 -0.107098 -93.822109 -94.342043;
644676 -0.110209 -94.561431 -94.267220;
670042 -0.097588 -92.600133 -94.135711;
696642 -0.071254 -93.818386 -94.041223;
722158 -0.017648 -94.264050 -93.979597;
748746  0.054810 -95.361173 -94.059489;
774289  0.159132 -93.440869 -94.102462;
800744  0.322919 -92.845564 -93.906044;
826254  0.492555 -93.471907 -93.775713;
852858  0.689624 -93.742192 -93.765591;
878541  0.926826 -84.113427 -93.677616;
903916  1.207183 -92.469410 -93.318580;
930598  1.536864 -94.910264 -93.446668;
956145  1.883526 -85.409206 -93.156117;
982725  2.311390 -90.903912 -92.489417;
1008380  2.756554 -97.444372 -92.867603;
1034867  3.164684 -80.835547 -92.293841;
1060258  3.826252 -84.541645 -89.953316;
1086935  4.460446 -90.847683 -90.215788;
1113372  5.278269 -93.612059 -90.399161;
1139818  6.088735 -71.316612 -88.626085;
1165229  7.094894 -81.199467 -87.376831;
1192382  8.044218 -76.796370 -85.775409;
1218070  9.098003 -88.463606 -85.319747;
1244793  10.083168 -88.236608 -86.147004;
1270956  11.108026 -95.172808 -86.721995;
1297198  12.136571 -77.746060 -86.111117;
1322945  13.348110 -87.658505 -86.718479;
1349813  14.536797 -74.121048 -86.124428;
1375837  15.549987 -74.669310 -83.331650;
1401730  16.520622 -86.108960 -84.238365;
1427399  17.431818 -16.158016 -81.949868;
1452947  18.376673 -91.445826 -82.803125;
1479939  19.258957 -84.126474 -83.907871;
1506867  20.130119 -74.574617 -83.483781;
1532598  20.999216 -68.382723 -81.310929;
1558139  21.846178 -59.125225 -79.831771;
1584082  22.652962 -74.005997 -78.071405;
1610880  23.425310 -32.327662 -76.692741;
1636534  24.166245 -75.930651 -76.637222;
1662194  24.875547 -67.536993 -76.412915;
1688971  25.594027 -54.403301 -71.885445;
1715627  26.343782 -76.887686 -73.541936;
1741203  26.986782 -62.659141 -70.411775;
1767944  27.690025 -73.211728 -71.312332;
1794639  28.425301 -48.433997 -71.910423;
1820472  29.172760 -72.237078 -71.914466;
1846087  29.937891 -46.912629 -65.420661;
1872889  30.682095 -50.411093 -61.151014;
1898771  31.503340 -50.169262 -57.860705;
1924600  32.296394 -63.107247 -55.835305;
1950259  33.003044 -68.618865 -57.945684;
1976385  33.705044 -39.299015 -55.875379;
2001999  34.532700 -101.636306 -56.125678;
2028742  35.274529 -9.757307 -56.321057;
2054888  36.077229 -59.139077 -55.570047;
2080636  36.738262 -64.215575 -55.567523;
2106228  37.406925 -38.937376 -55.565872;
2132251  37.317841 -76.249629 -55.564768;
2158972  37.866508 -45.422064 -52.236963;
2185796  38.257736 -76.132248 -59.525382;
2211792  38.650471 -38.708737 -55.320451;
2237484  39.005684 -47.586140 -53.689826;
2263503  39.206120 -70.004299 -58.575537;
2289210  39.260143 -28.956521 -55.980427;
2314905  39.182434 -77.383560 -60.156978;
2341499  38.922344 -54.492714 -63.031582;
2367410  38.388840 -70.243823 -64.566514;
2393133  37.869038 -50.484127 -61.785687;
2419837  37.317268 -41.860452 -59.990467;
2445757  36.598911 -57.912663 -58.115193;
2471616  35.875923 -47.692736 -55.269729;
2497368  34.994347 -76.513621 -56.820521;
2523185  34.054298 -54.054363 -56.030647;
2549015  33.014523 -57.534282 -55.721877;
2575775  31.974224 -79.365031 -57.870120;
2601397  30.829060 -58.776877 -57.776448;
2627207  29.753717 -74.897919 -59.782539;
2653283  28.667334 -36.475434 -61.142104;
2679043  27.530739 -73.414093 -60.720857;
2705795  26.407917 -75.276190 -64.524321;
2731470  25.209999 -86.439147 -68.381097;
2757430  24.060308 -55.440130 -69.881495;
2783026  22.965630 -59.693844 -66.939614;
2809960  21.865587 -64.585063 -66.315561;
2836678  20.717501 -69.480826 -65.860874;
2861912  19.607582 -103.688247 -66.624318;
2888850  18.596682 -82.107391 -70.460081;
2914722  17.501888 -82.910750 -73.246370;
2940567  16.417635 -81.147396 -75.245143;
2966260  15.408298 -75.730672 -76.892441;
2991925  14.412352 -83.640031 -77.986809;
3018894  13.417490 -76.773203 -77.386860;
3044308  12.379493 -82.072174 -78.945848;
3070019  11.401345 -81.824958 -79.758350;
3096877  10.464758 -90.618680 -80.440511;
3122530  9.444564 -91.050896 -83.561355;
3148270  8.506956 -91.554750 -85.684304;
3174390  7.582281 -66.585277 -84.627060;
3200376  6.643955 -88.003491 -85.611906;
3226294  5.704492 -96.563048 -86.258180;
3252963  4.754429 -92.041553 -87.956036;
3279440  3.792310 -86.589461 -89.164225;
3305870  2.847626 -88.002516 -88.867612;
3331273  1.904620 -94.018247 -89.827691;
3357704  1.021139 -88.889312 -90.495866;
3383093  0.101905 -94.901060 -90.961590;
3409930 -0.756282 -91.989718 -91.260014;
3436517 -1.524107 -101.702805 -92.371274;
3462092 -2.284780 -95.089604 -93.139634;
3488730 -2.927864 -107.061995 -93.819247;
3514152 -3.597677 -100.068731 -95.600341;
3540598 -4.188787 -103.883884 -96.832387;
3566335 -4.793613 -102.630931 -98.649682;
3592843 -5.375937 -82.231198 -99.881971;
3618217 -5.937260 -91.322020 -97.437065;
3644711 -6.474569 -107.004844 -99.057613;
3670136 -7.093436 -92.403398 -100.160050;
3696638 -7.645411 -120.393151 -101.017520;
3722017 -8.274176 -95.413573 -99.351434;
3748895 -8.886759 -69.847274 -98.148199;
3774332 -9.525265 -113.103792 -97.336384;
3800041 -10.234782 -111.176146 -101.560357;
3826529 -10.951887 -96.609101 -104.494216;
3852130 -11.717006 -100.970362 -103.893372;
3878696 -12.495198 -118.914558 -106.182358;
3904144 -13.362751 -111.302240 -107.755115;
3930755 -14.164266 -101.621097 -108.749652;
3956145 -15.002411 -130.512510 -109.304424;
3982870 -15.911024 -102.212893 -109.682224;
4008354 -16.867413 -123.239476 -110.684959;
4034854 -17.829191 -121.809599 -113.648424;
4060390 -18.813940 -106.053511 -115.307377;
4086833 -19.773392 -117.601085 -115.691402;
4112276 -20.746332 -108.563859 -114.095972;
4138772 -21.682480 -119.907979 -115.872134;
4164180 -22.672338 -91.227304 -114.206228;
4190823 -23.587414 -114.561178 -114.806133;
4216743 -25.557362 -99.942397 -115.119008;
4242149 -25.557362 -124.311618 -115.442907;
4268772 -26.536366 -129.394508 -118.159858;
4294166 -27.609009 -128.890957 -120.616093;
4320679 -28.632135 -128.509958 -122.386280;
4346086 -29.690632 -106.908554 -123.153725;
4372492 -30.665020 -129.300423 -124.533131;
4397956 -31.734564 -114.995100 -125.117076;
4424730 -32.710747 -125.383580 -125.193913;
4450141 -33.778435 -108.987888 -125.249244;
4476645 -34.748707 -109.784419 -121.214012;
4502252 -35.760715 -140.984154 -122.492664;
4528788 -36.792034 -118.282251 -122.551352;
4554351 -37.748547 -132.006791 -123.397369;
4580910 -38.714085 -126.895486 -124.369150;
4607471 -39.572083 -141.807064 -126.062738;
4632995 -40.430145 -111.758925 -126.452158;
4659454 -41.180668 -142.382701 -127.617702;
4685087 -41.963531 -115.451531 -128.434890;
4711734 -42.614727 -139.047382 -129.007356;
4737282 -43.072811 -98.247767 -125.422638;
4763765 -43.512001 -135.843204 -127.564246;
4789304 -43.973331 -134.499987 -129.004484;
4815862 -44.252506 -132.847844 -129.421580;
4841345 -44.378605 -141.699220 -132.121292;
4867837 -44.453693 -132.084172 -132.660260;
4893368 -44.423359 -149.291855 -134.221678;
4919929 -44.105293 -119.739850 -134.737167;
4946418 -43.774395 -148.120372 -135.604571;
4972906 -43.388584 -125.130799 -132.751029;
4999768 -42.891174 -141.262218 -134.100213;
5025235 -42.312103 -138.817860 -135.227477;
5053032 -41.708672 -143.800874 -136.793610;
5079801 -41.050030 -136.817246 -137.871585;
5105546 -40.271889 -131.023752 -136.814624;
5131073 -39.486176 -141.713944 -138.308524;
5157652 -38.707115 -136.288883 -137.979912;
5183885 -37.958847 -143.493027 -137.760110;
5209281 -37.152634 -102.768560 -138.330453;
5234974 -36.307392 -139.097629 -139.377723;
5261574 -35.510323 -146.980393 -140.051878;
5287269 -34.618107 -131.309148 -139.216327;
5313835 -33.680927 -121.008978 -138.057473;
5339247 -32.711979 -130.536012 -136.160948;
5365712 -31.800251 -116.193288 -131.896347;
5391282 -30.821651 -113.784807 -128.645797;
5417792 -29.810562 -126.464709 -126.238906;
5443383 -28.737211 -99.351774 -121.505030;
5469014 -27.701069 -123.344927 -122.080368;
5495627 -27.719852 -104.445241 -118.251410;
5521129 -27.739355 -120.802698 -119.052952;
5547880 -25.525393 -108.261503 -119.517088;
5573360 -25.525393 -91.338353 -116.358636;
5599858 -24.468458 -95.471385 -110.549510;
5625439 -23.384266 -117.457125 -112.998596;
5651020 -22.337593 -105.017082 -111.322976;
5677661 -21.316696 -110.197627 -110.960165;
5703064 -20.253496 -105.009365 -110.719702;
5729749 -19.248236 -109.391519 -109.899705;
5755255 -18.265575 -90.966910 -108.409226;
5781753 -17.326332 -88.864884 -107.370777;
5807263 -16.433895 -107.974196 -106.646665;
5833806 -15.574734 -105.917487 -106.437274;
5859567 -14.717658 -95.687791 -105.888281;
5885085 -13.887013 -105.010069 -105.628991;
5911725 -13.099656 -100.631652 -104.172946;
5937385 -12.330960 -88.300992 -103.131491;
5962934 -11.590542 -101.790227 -102.451172;
5989440 -10.881801 -103.649488 -102.196922;
6014986 -10.146512 -105.640660 -103.189018;
6041616 -9.453065 -83.668268 -102.718061;
6067373 -8.709051 -97.314269 -101.106682;
6093887 -8.032290 -81.501339 -99.926678;
6119323 -7.483390 -101.575705 -99.147099;
6144927 -6.956806 -98.789919 -99.082147;
6171480 -6.390782 -95.639668 -99.037022;
6198241 -5.803778 -95.494101 -98.059832;
6224755 -5.190114 -104.448893 -98.386324;
6250138 -4.584542 -86.011229 -98.491853;
6276582 -4.004802 -94.934256 -97.407718;
6301950 -3.401233 -94.310899 -96.526652;
6328411 -2.781944 -90.947355 -95.896098;
6353972 -2.104865 -89.744160 -94.392518;
6380421 -1.430913 -84.718843 -92.993000;
6406868 -0.703667 -88.786123 -92.013318;
6432295  0.066728 -88.650342 -91.062635;
6458855  0.807411 -86.569697 -90.324382;
6484367  1.581098 -99.883087 -90.143489;
6510862  2.336331 -79.809156 -89.699012;
6536513  3.154238 -87.520453 -89.090736;
6562954  3.953139 -88.456437 -88.919212;
6589882  4.776645 -88.697939 -88.784659;
6615400  5.650674 -64.493438 -88.412599;
6641878  6.479717 -78.376170 -88.181863;
6667309  7.376331 -82.398727 -86.272360;
6693796  8.249527 -64.552427 -83.317220;
6719413  9.158981 -70.455606 -81.244619;
6745126  10.007667 -92.091296 -79.556467;
6770915  10.859532 -87.385805 -81.890720;
6797679  11.716672 -76.978417 -83.549262;
6823307  12.591916 -69.466088 -81.141955;
6848966  13.444096 -69.233027 -78.196732;
6875643  14.270668 -82.394749 -79.477649;
6901485  15.130034 -71.356822 -77.213010;
6927256  15.990119 -53.614333 -74.886166;
6953416  16.838398 -78.297594 -75.911272;
6979919  18.579760 -61.773553 -74.012971;
7006935  18.579760 -84.078689 -75.299054;
7033769  19.480156 -62.502905 -76.210777;
7059523  20.493702 -79.262171 -76.627549;
7085105  21.308001 -60.485829 -74.376408;
7111912  22.220360 -64.211288 -72.833888;
7138733  23.222654 -63.622582 -70.893846;
7164266  24.225473 -75.815292 -70.421297;
7189929  25.166491 -65.601310 -70.119592;
7216967  26.174204 -54.886787 -68.696415;
7243543  27.243753 -75.523216 -68.917944;
7269171  28.383072 -46.342292 -69.072620;
7295908  29.481750 -68.148570 -68.032805;
7322899  30.526331 -45.246061 -62.174598;
7349571  31.586191 -72.139425 -64.714976;
7375703  32.560635 -34.408374 -59.723546;
7401413  33.398056 -76.756429 -63.056931;
7427215  34.221954 -40.422952 -65.287310;
7453978  35.064953 -45.890268 -59.442018;
7480731  35.868660 -91.767544 -62.779496;
7506415  36.517265 -42.029751 -65.057207;
7532199  36.847824 -64.229475 -64.413889;
7558958  37.179668 -32.038605 -57.905757;
7585070  37.540405 -76.481060 -62.071241;
7611873  37.694687 -36.275691 -56.203722;
7637565  37.805172 -70.040202 -59.102425;
7663249  37.669849 -61.106785 -61.717049;
7688960  37.534569 -34.931408 -61.076773;
7715654  37.105530 -69.321417 -62.875460;
7741353  36.660088 -36.985099 -64.141538;
7766964  36.169647 -62.960098 -63.784702;
7793744  35.504543 -73.831852 -64.778440;
7819374  34.678246 -63.246016 -65.476311;
7844970  33.835781 -69.157698 -65.751148;
7871762  32.994434 -37.220733 -65.007329;
7897365  32.081463 -76.644783 -66.572274;
7923409  31.170700 -47.170573 -65.789523;
7949107  30.248226 -60.302101 -65.913887;
7975975  29.305836 -72.934757 -67.519341;
8001971  28.320539 -66.728151 -67.292311;
8028570  27.377937 -71.009010 -68.243326;
8055197  26.285551 -81.405723 -69.174409;
8081382  25.185917 -81.514799 -69.731920;
8107039  24.238060 -60.189553 -69.894561;
8133114  23.224314 -76.006917 -71.732325;
8158988  22.198830 -58.746359 -71.285195;
8185963  21.187571 -62.994778 -68.990611;
8212630  20.123808 -66.599807 -68.390800;
8238392  19.051022 -86.064579 -67.947577;
8263897  18.002842 -61.453699 -66.419816;
8290641  16.970961 -77.577503 -69.734029;
8316663  15.874660 -69.333769 -69.226613;
8342392  14.815506 -79.683892 -71.876726;
8368163  13.768277 -91.725524 -74.365686;
8394038  12.755929 -71.275717 -75.453414;
8420873  11.750557 -70.854301 -74.790187;
8446404  10.699690 -75.004253 -75.218798;
8472060  9.734969 -85.642252 -75.523108;
8498036  8.765525 -83.267978 -77.416430;
8524953  7.820474 -81.178682 -79.016292;
8551552  6.841188 -74.887214 -79.889999;
8577452  6.840782 -78.739951 -79.562387;
8603269  5.964532 -94.222400 -80.907457;
8629931  5.091090 -76.296524 -80.299047;
8656345  4.191909 -87.943797 -81.391013;
8682891  3.308754 -85.111388 -82.656712;
8708224  2.424022 -84.500909 -83.302298;
8734658  1.607565 -86.954551 -83.751682;
8760469  0.759255 -85.316480 -84.214935;
8786910 -0.055663 -89.081555 -84.513216;
8813738 -0.890472 -95.086990 -85.884088;
8839151 -1.832114 -80.528135 -86.847901;
8865719 -2.718271 -79.552010 -85.397133;
8891365 -3.519773 -98.077915 -86.533850;
8917908 -4.242951 -92.752896 -88.396632;
8944578 -4.991424 -90.596350 -89.050010;
8970518 -6.334467 -96.897391 -90.145666;
8996955 -6.334467 -109.104316 -92.967808;
9023434 -7.136860 -115.952201 -94.884066;
9049959 -7.856038 -89.786314 -94.175100;
9076596 -8.666367 -107.701478 -98.837967;
9101988 -9.437010 -92.105281 -97.014130;
9128425 -10.178224 -98.867254 -97.633154;
9154863 -10.960839 -104.243647 -99.167857;
9180262 -11.768913 -89.047934 -99.472265;
9206408 -12.545231 -97.776871 -98.977323;
9232889 -13.368331 -95.998136 -98.623995;
9258268 -14.215319 -113.952554 -98.479773;
9284720 -15.054569 -99.462888 -98.506899;
9310087 -15.963225 -99.226143 -98.780877;
9336560 -16.834610 -110.414622 -99.196602;
9362775 -17.756922 -101.281528 -99.812080;
9388323 -18.664640 -114.156700 -102.798204;
9414858 -19.569546 -94.422186 -102.353581;
9440801 -20.559645 -124.249316 -104.885382;
9466276 -21.487255 -100.412992 -106.306165;
9492314 -22.284565 -93.252123 -104.870661;
9518789 -23.099495 -131.505205 -106.876756;
9544307 -24.129393 -107.443534 -107.685441;
9570785 -24.995447 -113.625530 -108.864915;
9596350 -25.898125 -106.382012 -108.771101;
9622881 -26.742746 -108.551296 -108.705540;
9648244 -27.651281 -86.699175 -108.661262;
9674679 -28.541117 -114.223647 -109.140879;
9699998 -29.392282 -108.432303 -109.488375;
9726524 -30.182777 -111.814537 -109.737633;
9752082 -31.010956 -119.113923 -110.719553;
9778716 -31.815155 -108.295412 -111.057861;
9804157 -32.636948 -122.279050 -111.644365;
9830811 -33.493008 -122.912729 -113.935826;
9856227 -34.307686 -123.140392 -115.588573;
9882946 -35.084522 -124.336977 -116.705146;
9909430 -35.907711 -136.241918 -120.297494;
9935953 -36.733364 -124.184977 -121.640475;
9962605 -37.532700 -135.634990 -123.770537;
9987961 -38.468571 -141.374912 -126.965842;
