396325  0.000000  0.000000  0.000000;
417237 -0.023945 -96.049181 -96.049181;
443148 -0.023945 -95.408055 -95.729711;
469571 -0.060339 -95.556789 -95.643386;
495959 -0.103907 -95.313991 -95.600122;
521303 -0.147417 -94.809647 -95.578464;
547707 -0.186884 -95.110370 -95.405405;
574131 -0.223567 -94.878994 -95.257936;
599602 -0.246562 -96.591047 -95.244440;
625257 -0.242673 -95.725879 -95.454087;
651696 -0.238757 -96.232751 -95.768254;
678197 -0.227858 -93.357183 -95.747184;
704623 -0.204796 -95.142043 -95.518587;
731012 -0.177362 -98.562974 -95.630851;
756376 -0.150368 -89.765366 -95.687216;
782791 -0.124423 -96.373139 -95.941244;
808233 -0.107486 -96.499398 -96.068312;
834639 -0.201873 -90.007022 -95.935272;
861098 -0.206711 -95.813118 -95.887330;
886421 -0.204287 -94.866654 -95.863441;
912842 -0.201968 -98.436629 -96.023076;
938186 -0.213262 -97.857583 -96.102657;
964617 -0.212875 -92.010026 -95.971252;
991015 -0.174540 -90.885009 -95.422053;
1016373 -0.072172 -91.159155 -95.145129;
1042793  0.026162 -87.699596 -95.006085;
1068201  0.192750 -94.740959 -94.894875;
1094593  0.352956 -94.578848 -94.737002;
1120989  0.557242 -93.838340 -94.323308;
1146540  0.809112 -94.509602 -94.473571;
1172979  1.091929 -105.411490 -94.585988;
1198413  1.458038 -93.288373 -94.587004;
1224815  1.810231 -97.166030 -94.604535;
1250293  2.213718 -96.591104 -95.376770;
1277121  2.609308 -79.005261 -95.760981;
1302694  3.072142 -85.859631 -95.952598;
1329094  3.525428 -89.554804 -94.766933;
1354685  4.016750 -101.822162 -94.152058;
1381127  4.496142 -95.870892 -95.391672;
1406610  4.991475 -81.659441 -95.993371;
1433027  5.396869 -80.794748 -96.289789;
1458507  5.936502 -92.039023 -94.182425;
1484972  6.451548 -86.947764 -90.618786;
1510528  6.998221 -104.119259 -91.332060;
1536177  7.526119 -94.428674 -92.849571;
1562672  8.097054 -83.702769 -93.533027;
1588568  8.686820 -75.738986 -92.793624;
1615198  9.280253 -91.729751 -92.235726;
1641623  9.879530 -87.113124 -89.543967;
1667357  10.484280 -89.724421 -89.636278;
1693973  11.123898 -76.079592 -89.682377;
1719624  11.785438 -88.750639 -89.087463;
1745414  12.431216 -83.184359 -87.959562;
1772085  13.124200 -67.879137 -85.738065;
1797764  13.864880 -82.483597 -84.637833;
1823477  14.638386 -86.639114 -85.665965;
1850166  15.412916 -83.207636 -84.765632;
1876714  16.240887 -79.745291 -83.763152;
1902942  17.068130 -75.987489 -83.385928;
1928517  17.915035 -69.244239 -83.202390;
1954304  18.619032 -83.640632 -83.157995;
1980183  19.328863 -68.679277 -83.044770;
2006407  20.069279 -79.775133 -80.891730;
2033112  20.819565 -67.160268 -77.143951;
2058734  21.608484 -87.545805 -80.567184;
2084382  22.311817 -74.489373 -82.080635;
2110346  23.047190 -64.776761 -78.962344;
2137025  23.757137 -74.266030 -76.637056;
2162712  24.486635 -66.998756 -74.286419;
2188376  25.114103 -70.991820 -73.088299;
2215057  25.666565 -79.162759 -74.512829;
2240658  26.181040 -70.087110 -73.693145;
2266447  26.509357 -79.768262 -73.272046;
2293101  26.840086 -63.041530 -72.299592;
2318711  26.972746 -81.861367 -75.892791;
2344288  27.100210 -91.176562 -77.877293;
2370295  27.159954 -48.518408 -78.523732;
2397021  27.145660 -85.325682 -78.844174;
2422796  26.870647 -92.059386 -79.508196;
2448681  26.300449 -86.755436 -82.401885;
2474355  25.727818 -43.285638 -83.750024;
2501160  25.005417 -82.768048 -83.316072;
2527926  24.251194 -61.418817 -81.847139;
2553878  23.518909 -82.087218 -81.160292;
2579630  22.714993 -46.084389 -80.807184;
2605664  21.917271 -73.751625 -80.702457;
2632139  21.062323 -75.586405 -77.455083;
2657852  20.231695 -66.287253 -75.474545;
2683690  19.403776 -77.167122 -74.881330;
2709304  18.592344 -12.408465 -74.587900;
2736020  17.834482 -91.518863 -74.977108;
2761581  17.098671 -81.777473 -75.171926;
2787341  16.394670 -70.111358 -74.231703;
2814124  15.774464 -84.386519 -74.807479;
2839707  15.031082 -76.035484 -75.889392;
2865519  13.710320 -84.197864 -79.626743;
2892189  13.710320 -77.686459 -78.567930;
2918784  13.055582 -91.520238 -77.943505;
2944311  12.388880 -83.519110 -80.270780;
2970241  11.763761 -74.480206 -81.452933;
2996907  11.120855 -88.855135 -83.296328;
3022717  10.453594 -81.252796 -83.028411;
3048554  9.807754 -94.514577 -82.835364;
3074306  9.192004 -82.409485 -82.583798;
3101109  8.578281 -82.673047 -82.722900;
3127016  7.894907 -95.802268 -85.724478;
3152780  7.230027 -62.577650 -84.293974;
3178348  6.550723 -91.767440 -83.578208;
3205155  5.873854 -82.039563 -82.972403;
3231790  5.164185 -99.778683 -87.437604;
3257424  4.416778 -71.184256 -89.627893;
3283846  3.703331 -80.852012 -86.128003;
3309189  2.952220 -88.315185 -84.279498;
3335598  2.194252 -95.215276 -86.328984;
3362002  1.404401 -97.991772 -90.341352;
3387325  0.632840 -92.457608 -92.353245;
3414110 -0.141155 -94.867681 -93.382108;
3439623 -0.806486 -85.931426 -92.925026;
3465181 -1.411397 -86.350055 -90.652249;
3491612 -1.988111 -107.623974 -92.553264;
3518058 -2.563943 -93.047718 -93.481574;
3543524 -3.089633 -105.851652 -93.953145;
3570161 -3.599342 -89.965542 -93.510334;
3596724 -4.118662 -111.311185 -94.007668;
3622200 -4.548131 -106.122729 -99.434409;
3648193 -4.960025 -95.381865 -101.936937;
3674872 -5.492584 -82.887599 -98.839669;
3700361 -6.005798 -125.340443 -97.269428;
3726814 -6.536203 -76.819196 -95.923553;
3752230 -7.086668 -97.340728 -96.731235;
3778712 -7.599256 -115.721023 -102.237959;
3804255 -8.250592 -114.431052 -104.938679;
3830682 -8.947078 -100.227986 -102.333720;
3857097 -9.594236 -90.187268 -100.360848;
3882588 -10.241101 -106.659546 -103.508517;
3909096 -10.880906 -104.924751 -104.949134;
3934527 -11.528025 -112.607299 -105.659649;
3960970 -12.199326 -120.387575 -106.012402;
3986317 -12.888862 -101.083853 -105.609444;
4012782 -13.549819 -98.620647 -105.404574;
4038248 -14.309425 -98.446805 -105.001411;
4064657 -15.040358 -122.136817 -104.804752;
4091063 -15.748764 -116.523025 -104.998100;
4117040 -16.526430 -107.288536 -106.142372;
4142559 -17.309309 -116.974804 -110.316049;
4168969 -18.066307 -109.881514 -112.151223;
4194390 -18.849737 -134.082163 -113.229512;
4220818 -19.597231 -110.783009 -112.251305;
4246298 -20.374334 -125.310662 -113.296287;
4272747 -21.264383 -116.248740 -113.803977;
4299170 -22.033625 -92.665100 -114.054208;
4325660 -22.803724 -108.273826 -114.596013;
4352104 -23.572136 -135.646023 -115.400036;
4377428 -24.339214 -91.957592 -111.900185;
4404073 -25.025862 -126.651895 -119.511329;
4429407 -25.727987 -114.292577 -122.836063;
4455852 -26.395567 -126.442472 -123.434212;
4481254 -26.978569 -109.686702 -119.242927;
4507805 -27.538576 -131.014897 -122.383025;
4533177 -28.095945 -109.427714 -123.941511;
4559636 -28.569685 -130.274205 -125.058365;
4586058 -29.066145 -110.570908 -125.045831;
4611432 -29.382805 -129.937187 -125.266359;
4637308 -29.686905 -120.198990 -122.945449;
4663745 -29.820038 -129.089441 -124.757425;
4689253 -29.956057 -116.007542 -125.458382;
4715876 -29.956446 -131.057043 -125.974128;
4741254 -29.917831 -118.692947 -123.334825;
4767649 -29.759752 -126.514819 -124.944091;
4794120 -29.394253 -113.495924 -125.734336;
4819566 -29.027700 -128.797249 -125.912011;
4845980 -28.575111 -115.710080 -125.832623;
4871346 -28.105305 -127.439472 -126.171474;
4898105 -27.636711 -118.963797 -122.949449;
4923493 -27.072525 -126.375276 -124.168403;
4949838 -26.529106 -86.985137 -124.563023;
4975181 -26.013065 -130.728356 -124.941701;
5001912 -25.404060 -115.437707 -122.049556;
5027156 -24.761700 -125.912656 -123.435643;
5054017 -24.185520 -127.192967 -124.283337;
5079408 -23.515841 -129.358479 -124.875502;
5105841 -22.833191 -123.227731 -124.989868;
5131188 -22.169743 -116.757251 -125.176243;
5157596 -21.533552 -118.816397 -124.060647;
5184039 -20.851782 -114.884440 -123.025585;
5209439 -20.169107 -110.954533 -122.133266;
5235997 -19.475746 -109.946834 -118.933977;
5261466 -18.767803 -97.820246 -115.578585;
5287893 -18.051949 -114.030604 -114.808252;
5313278 -17.283751 -115.272334 -115.174309;
5339754 -16.545841 -91.846926 -115.354142;
5366190 -15.759241 -108.988967 -114.699737;
5392623 -14.957282 -116.538277 -114.367031;
5419069 -14.208683 -102.690758 -111.481957;
5444545 -13.429030 -110.114357 -110.155629;
5471062 -12.677975 -91.201198 -109.488121;
5496385 -11.855340 -116.657847 -109.153352;
5522952 -11.119233 -96.539613 -108.842046;
5548351 -9.553719 -100.052811 -105.122917;
5574974 -9.553719 -99.231928 -102.952614;
5600347 -8.758280 -116.560845 -105.195886;
5626234 -8.029629 -91.355001 -103.048712;
5652701 -7.286217 -102.425530 -102.217452;
5679210 -6.525342 -96.560159 -100.853801;
5705802 -5.759616 -89.979029 -100.178293;
5731176 -4.984997 -101.121372 -100.657563;
5757561 -4.329535 -90.535547 -100.086163;
5783975 -3.647956 -86.436343 -95.727741;
5809313 -3.042248 -95.089654 -95.404626;
5835720 -2.495257 -102.896124 -97.343409;
5862130 -1.944137 -91.331158 -98.297291;
5887467 -1.435291 -93.590542 -96.696110;
5913879 -0.947118 -103.613722 -95.909753;
5939219 -0.458396 -98.652974 -97.109770;
5965618  0.001206 -90.550895 -97.719148;
5991319  0.894656 -117.908511 -99.677640;
6017736  0.894656 -62.103019 -99.013488;
6044200  1.368549 -85.427372 -95.274614;
6070664  1.853790 -88.001973 -91.718315;
6097054  2.329738 -91.852737 -91.788133;
6122434  2.800326 -85.592176 -91.820660;
6148961  3.258716 -82.893036 -89.950086;
6174300  3.737822 -88.181104 -88.896165;
6200736  4.229515 -75.523471 -87.226748;
6227135  4.742494 -99.458362 -87.667691;
6252618  5.336976 -80.992459 -87.886869;
6279040  5.861031 -69.585330 -86.726702;
6304414  6.424969 -74.373263 -83.860131;
6330655  7.026584 -88.583484 -84.710748;
6356414  7.648756 -93.304303 -86.595752;
6382273  8.270118 -102.238484 -89.827368;
6409173  8.920343 -92.599505 -90.899146;
6435198  9.609066 -86.272607 -89.699425;
6461902  10.350480 -80.244798 -88.022475;
6487574  11.111238 -91.621477 -89.775832;
6513224  11.820648 -87.909218 -90.620727;
6539935  12.566652 -85.586312 -89.138285;
6565544  13.335359 -82.718587 -87.743321;
6592220  14.068440 -99.434953 -87.663103;
6618928  14.865462 -89.121964 -88.393898;
6644288  15.618179 -72.709492 -88.815459;
6670877  16.359234 -73.536295 -88.220833;
6696546  17.091143 -76.096318 -82.706280;
6722394  17.812618 -68.258401 -78.789917;
6748265  18.511106 -85.416988 -82.152689;
6775103  19.217325 -71.620926 -84.016170;
6800294  19.949942 -80.912169 -82.520974;
6827070  20.573755 -77.754345 -80.010454;
6852744  21.246630 -72.040170 -77.817327;
6878510  21.948256 -72.327189 -76.720653;
6904843  22.579620 -58.712872 -76.172641;
6930661  23.224880 -91.357974 -74.970742;
6956160  23.808249 -60.650380 -73.687918;
6982781  24.384409 -11.689688 -66.724423;
7008384  25.037132 -86.624440 -71.668936;
7035037  25.592972 -60.100952 -73.966524;
7060794  26.201717 -82.370296 -75.016189;
7086334  26.634277 -73.264271 -73.565980;
7112992  27.063194 -60.712959 -68.063167;
7139056  27.578447 -80.826863 -72.197088;
7165089  27.897583 -54.779165 -74.213633;
7190723  28.295431 -64.425048 -70.141422;
7216508  28.565861 -67.763225 -67.993844;
7243186  28.815050 -51.683450 -64.858343;
7269998  28.849670 -73.963330 -66.346881;
7295580  28.884464 -42.661617 -67.063857;
7321363  28.822365 -89.096363 -67.415715;
7348098  28.613739 -47.023910 -64.623344;
7373610  28.388430 -89.071333 -65.325819;
7399298  27.839239 -74.999487 -69.625108;
7425967  27.286261 -40.733900 -71.757308;
7451600  26.669413 -71.729648 -70.058675;
7477589  26.007259 -59.475222 -68.103990;
7503342  25.387094 -76.935361 -68.266849;
7530009  24.502056 -70.664081 -69.417702;
7555693  23.585608 -76.711900 -73.144580;
7581317  22.776268 -81.541826 -75.033930;
7608078  21.968819 -79.937416 -75.897980;
7633299  21.233402 -79.382129 -77.295730;
7660051  20.471382 -79.151454 -78.370850;
7685717  19.694553 -76.841034 -78.884150;
7711449  18.924965 -95.376942 -79.135016;
7738151  18.153399 -64.682138 -78.707619;
7764872  17.370275 -85.964852 -79.050536;
7790598  16.596794 -80.991483 -80.736962;
7816243  15.857614 -97.951660 -83.345375;
7843008  15.204939 -80.215105 -82.875985;
7868778  14.523760 -83.318536 -82.379781;
7894900  13.880493 -85.990768 -83.091658;
7920789  13.228440 -67.864007 -83.438711;
7946555  12.597223 -85.319195 -84.442948;
7972190  11.991820 -81.181167 -84.032577;
7998287  11.422371 -83.984410 -83.684870;
8025091  10.820347 -85.547263 -83.861343;
8050770  10.309639 -57.300765 -83.951306;
8076504  9.742349 -86.668252 -84.712699;
8102472  9.173843 -88.416659 -85.091325;
8128148  8.583121 -78.754988 -84.570027;
8154946  7.966113 -93.167078 -85.021057;
8180621  6.704134 -71.662927 -85.245241;
8206456  6.704134 -97.027958 -86.865575;
8233173  6.060823 -93.490792 -87.636209;
8260086  5.392287 -92.645393 -88.018639;
8285583  4.690495 -94.197183 -90.273799;
8312043  4.044311 -97.057328 -91.999874;
8337448  3.389477 -108.501874 -93.175944;
8363855  2.760751 -94.891144 -93.757245;
8389217  2.162461 -93.095341 -93.705481;
8415642  1.587847 -89.053385 -93.538439;
8442041  1.007708 -89.291226 -93.453871;
8467391  0.417257 -90.238646 -93.411322;
8493795 -0.132703 -98.362142 -93.389980;
8519291 -0.689807 -102.468016 -93.380897;
8545701 -1.227753 -73.893757 -91.811049;
8572207 -1.806354 -106.924618 -95.308872;
8598829 -2.417813 -98.836664 -97.113654;
8624820 -3.015284 -97.865342 -97.783957;
8650183 -3.595816 -105.708205 -98.135683;
8676814 -4.162321 -103.624955 -99.845889;
8702305 -4.744544 -64.144295 -100.714544;
8728776 -5.295227 -76.848436 -101.152148;
8755163 -5.864253 -110.629347 -101.425898;
8781687 -6.560789 -86.466150 -96.124186;
8807173 -7.260941 -102.490622 -98.980377;
8833587 -7.949646 -119.017733 -101.397113;
8859191 -8.663429 -103.440821 -102.534060;
8885583 -9.330306 -127.090862 -103.085509;
8911977 -10.049135 -94.310803 -103.064182;
8937324 -10.768019 -83.310276 -102.577694;
8963775 -11.494374 -115.215003 -103.634539;
8989260 -12.252367 -101.314838 -104.169847;
9015703 -12.993183 -113.889412 -104.439208;
9042167 -13.804640 -112.848269 -104.610645;
9068711 -14.732698 -104.666168 -104.939020;
9095222 -15.587375 -117.458858 -108.133352;
9121654 -16.440989 -107.866106 -109.677330;
9148213 -17.267443 -114.433862 -110.444583;
9174715 -18.080837 -119.539002 -110.830094;
9200407 -18.892487 -117.823230 -112.655841;
9226848 -19.789942 -118.609227 -115.581247;
9252229 -20.528271 -119.246885 -117.303761;
9278778 -21.276525 -123.280225 -118.262571;
9305205 -22.027599 -123.509441 -118.857394;
9331616 -22.775221 -118.859438 -118.827476;
9358056 -23.519165 -124.495247 -120.503152;
9388984 -25.007362 -146.073478 -121.793994;
9414465 -25.007362 -112.917992 -122.178458;
9440874 -25.592453 -127.664040 -123.467489;
9466250 -26.146034 -115.924239 -122.636778;
9492797 -26.677961 -122.315220 -122.503858;
9519206 -27.231598 -107.871352 -122.441022;
9545634 -27.748489 -124.886678 -123.150831;
9572202 -28.319012 -133.552439 -124.290617;
9598847 -28.732742 -111.494193 -122.519504;
9625102 -29.147673 -132.836402 -124.769921;
9650711 -29.538090 -110.092918 -125.835880;
9677180 -29.740225 -131.245091 -126.354630;
9703795 -30.017443 -117.432339 -123.632710;
9730209 -30.213297 -107.936039 -120.384330;
9756646 -30.266529 -132.653774 -124.171825;
9782739 -30.268143 -111.300503 -125.960320;
9808287 -30.100033 -139.898674 -126.828433;
9834936 -29.935434 -124.149605 -125.359410;
9860445 -29.666910 -123.932843 -125.412921;
9886970 -29.430124 -125.352335 -125.439308;
9912571 -29.043386 -123.137900 -125.351980;
9939157 -28.600548 -126.722000 -125.308627;
9965596 -28.151224 -98.427730 -125.193304;
9992061 -27.605087 -134.369369 -125.229458;
