386843  0.000000  0.000000  0.000000;
399632  0.007615 -93.925808 -93.925808;
426218  0.007615 -93.807421 -93.849305;
451539  0.022227 -93.722965 -93.762672;
477909  0.035757 -93.670574 -93.736735;
503813  0.049848 -93.909006 -93.860624;
530139  0.067645 -93.678493 -93.766142;
555588  0.089751 -93.750212 -93.737783;
582115  0.112674 -93.631925 -93.698791;
607501  0.132519 -92.335004 -93.687101;
633924  0.151510 -93.154053 -93.683594;
659563  0.172890 -93.818338 -93.691773;
685952  0.194419 -92.464028 -93.680021;
712362  0.213758 -94.394171 -93.691949;
738741  0.260933 -93.909347 -93.780442;
765289  0.308053 -94.226407 -93.870717;
790631  0.394789 -92.369836 -93.834061;
817024  0.539103 -88.755141 -93.738184;
842380  0.749844 -93.251767 -93.411323;
868760  1.014631 -90.842531 -93.313244;
895146  1.352134 -98.432270 -93.654643;
920522  1.781158 -89.938509 -93.375253;
946960  2.193760 -93.733970 -93.291514;
973366  2.660361 -93.388036 -93.172074;
999662  3.076003 -84.436634 -93.123018;
1026249  3.631230 -80.463454 -93.108362;
1051625  4.211679 -76.605885 -90.890056;
1077992  4.765689 -82.146459 -85.008480;
1103549  5.410574 -93.071478 -88.460463;
1129988  6.024722 -96.867387 -91.788728;
1156365  6.684284 -78.713904 -92.784733;
1183006  7.329413 -86.963732 -90.792937;
1208625  7.980999 -89.831868 -90.118431;
1235294  8.611892 -96.262397 -89.992583;
1260915  9.259276 -84.911901 -89.955337;
1286479  9.894912 -83.203831 -89.944209;
1313286  10.532255 -89.720843 -89.796215;
1339075  11.200588 -81.527085 -86.434760;
1364728  11.848267 -91.046446 -88.725886;
1390642  12.496446 -82.689897 -89.433742;
1416795  13.150032 -80.765328 -89.643221;
1442899  13.827215 -77.048021 -84.271203;
1468390  14.519071 -76.269609 -82.158073;
1495009  15.204798 -78.753311 -80.183850;
1521060  15.929810 -80.675486 -81.153180;
1546572  16.557817 -65.158709 -81.446648;
1573363  17.172832 -78.892910 -79.960566;
1600032  17.914391 -73.902768 -78.069410;
1625623  18.660715 -70.936318 -75.143116;
1651645  19.376873 -79.683655 -77.095499;
1677416  20.102709 -91.055696 -78.967206;
1703996  20.821543 -91.618740 -79.217409;
1729542  21.532507 -72.903629 -78.297108;
1756234  22.330868 -73.564286 -76.364217;
1781424  23.165043 -70.583657 -76.409336;
1808194  23.883438 -64.496481 -76.422249;
1833918  24.635450 -82.307348 -76.426070;
1859567  25.327053 -45.894378 -73.204237;
1886407  26.042484 -76.670508 -75.217287;
1913319  26.807528 -56.697273 -75.802435;
1939310  27.574623 -69.530124 -76.023847;
1965044  28.288483 -13.279236 -71.364572;
1991321  28.989391 -80.521388 -69.925498;
2016959  28.921192 -44.617970 -62.805226;
2042706  29.466831 -73.480824 -70.278104;
2068688  30.014790 -58.981745 -72.522132;
2095380  30.584806 -52.114306 -65.015361;
2122196  31.021252 -53.314415 -59.390072;
2148015  31.444986 -91.559485 -61.205423;
2173953  31.679131 -39.141349 -61.737048;
2199788  31.914354 -58.718677 -61.895369;
2225400  32.011383 -66.858050 -61.942761;
2252213  32.078640 -50.420064 -59.730513;
2277712  32.020512 -56.706506 -57.582658;
2303551  31.838709 -35.913934 -56.966635;
2330274  31.635942 -80.194241 -60.465746;
2355919  31.280996 -52.500755 -57.830490;
2381681  30.940369 -74.637512 -57.043269;
2408310  30.412542 -47.167063 -55.011387;
2434114  29.836868 -79.694011 -67.972375;
2459923  29.170692 -45.732044 -71.908046;
2485484  28.355444 -35.728081 -71.358291;
2511358  27.548029 -55.114750 -58.886018;
2538268  26.618935 -65.042533 -63.116985;
2564311  25.652639 -55.392840 -64.457843;
2589871  24.715488 -81.745159 -70.915391;
2615508  23.724697 -57.561358 -67.478500;
2641349  22.746576 -75.774776 -65.794272;
2667991  21.662437 -79.228664 -73.214312;
2693723  20.544693 -92.066818 -75.555197;
2719800  19.516985 -79.610407 -77.919578;
2745466  18.381540 -91.251777 -78.164151;
2772252  17.220888 -81.883492 -78.237569;
2798121  15.997320 -75.408126 -77.253898;
2823725  14.815640 -82.344194 -80.588192;
2849604  13.628475 -77.478664 -81.502751;
2876277  12.428558 -74.036154 -79.043446;
2901999  11.185311 -84.506842 -78.287574;
2928187  11.102844 -99.857293 -80.439834;
2953650  9.879005 -85.515886 -83.351334;
2979592  8.772240 -81.571711 -84.165715;
3005746  7.644654 -91.883240 -83.998373;
3031485  6.570543 -90.803894 -83.943688;
3058185  5.513475 -90.637070 -88.652762;
3083775  4.371694 -91.826043 -90.242061;
3110176  3.439124 -86.726360 -90.684789;
3135523  2.500377 -97.251446 -90.814758;
3161919  1.746158 -95.251430 -90.853498;
3188305  0.960726 -90.201130 -90.690314;
3213657  0.232392 -88.010608 -90.639420;
3240216 -0.425599 -88.473167 -90.614501;
3265811 -1.634966 -115.486276 -90.616466;
3292354 -1.634966 -84.453193 -89.062998;
3319101 -2.189330 -103.244287 -90.161698;
3344578 -2.802674 -104.679736 -99.970816;
3371207 -3.384561 -105.263859 -103.085872;
3396708 -3.989913 -83.519858 -103.605439;
3423231 -4.509666 -105.409239 -104.056756;
3448742 -5.049035 -77.728843 -94.626911;
3475239 -5.580676 -89.491792 -91.788078;
3500562 -6.132865 -87.922115 -90.946440;
3526978 -6.652470 -92.449638 -90.694948;
3552494 -7.207408 -107.687404 -90.622908;
3578893 -7.736037 -107.485954 -99.901028;
3605299 -8.260390 -116.744601 -105.240463;
3630659 -8.784882 -90.431832 -106.792793;
3657103 -9.304471 -106.031505 -105.722529;
3682488 -9.846271 -99.855177 -105.159144;
3708910 -10.380712 -108.192178 -105.104779;
3735307 -10.942229 -104.910481 -105.088485;
3760795 -11.480245 -95.494233 -105.083599;
3787170 -12.029696 -112.996283 -105.082133;
3812516 -12.598268 -105.224796 -105.068829;
3839038 -13.114474 -106.966206 -105.077778;
3864376 -13.697554 -118.366732 -106.422045;
3890799 -14.241838 -96.397944 -106.804880;
3917383 -14.808621 -113.282748 -107.090824;
3943825 -15.378859 -110.708017 -107.444923;
3970248 -15.953316 -117.994020 -108.871089;
3995923 -16.538252 -99.640275 -109.205701;
4022361 -17.132109 -114.363485 -112.085871;
4048773 -17.649164 -99.555421 -110.267488;
4075189 -18.165710 -117.019391 -110.003952;
4100541 -18.775497 -119.003387 -113.135349;
4126948 -19.415297 -123.563685 -115.836597;
4153391 -20.061159 -111.655945 -116.626605;
4179960 -20.699829 -111.546065 -115.778053;
4206384 -21.341541 -116.833146 -115.678755;
4232907 -22.062857 -105.756891 -113.504904;
4258473 -22.743546 -124.560618 -116.376679;
4284886 -23.465639 -116.421244 -117.220934;
4311270 -24.211655 -132.879232 -117.472578;
4336677 -24.956852 -103.538720 -116.669101;
4363111 -25.634501 -128.311510 -117.380212;
4388755 -26.372635 -101.380319 -117.592651;
4415279 -27.033506 -133.296547 -124.137699;
4440681 -27.664009 -116.120897 -119.747004;
4467248 -28.267839 -133.798860 -118.411319;
4492590 -28.839739 -113.257586 -116.726495;
4519317 -29.385269 -127.400763 -124.127557;
4544861 -29.947964 -112.466999 -126.129275;
4571276 -30.382406 -127.139386 -125.548138;
4596711 -30.695757 -118.200623 -120.547847;
4623117 -30.940010 -120.689871 -117.937698;
4648736 -31.193588 -117.632164 -117.325470;
4674663 -31.344955 -125.611814 -122.627905;
4701162 -31.350893 -130.482673 -124.565742;
4727234 -31.429783 -140.914736 -125.297361;
4752442 -31.218819 -120.771507 -122.991410;
4778668 -31.014845 -127.697380 -126.349027;
4804361 -30.626860 -128.590961 -127.759583;
4831111 -30.246759 -123.391307 -127.817623;
4856484 -29.773020 -105.347225 -124.270094;
4882829 -29.279892 -113.340189 -122.735353;
4909237 -28.705933 -121.931582 -123.115351;
4934742 -28.023355 -125.978877 -124.666838;
4961352 -27.364119 -133.080685 -126.070405;
4987761 -26.605227 -119.747378 -124.930640;
5013934 -25.824245 -114.889550 -122.118758;
5039428 -24.964731 -129.190579 -124.865620;
5066040 -24.098324 -123.030634 -125.079298;
5091440 -23.193922 -123.483606 -124.275121;
5118006 -22.313646 -111.122648 -123.723935;
5143455 -21.392962 -119.188608 -121.605674;
5170005 -20.584421 -117.496281 -120.354560;
5195397 -19.695503 -114.729900 -119.532451;
5221842 -18.884897 -102.539755 -118.898934;
5248274 -18.096796 -123.329912 -118.704660;
5273926 -17.309082 -105.216298 -116.856857;
5299541 -16.519157 -126.372074 -121.607144;
5326013 -15.788250 -110.519316 -121.881719;
5351511 -15.028039 -108.674095 -117.907575;
5377973 -14.322269 -101.303087 -114.317086;
5404349 -13.650013 -115.205113 -113.809102;
5431039 -12.849874 -94.577065 -113.670209;
5456464 -12.079735 -117.026241 -114.792198;
5483061 -11.384138 -98.535285 -113.972117;
5508400 -10.665004 -119.298195 -115.102483;
5534888 -9.979883 -96.351975 -109.376171;
5560568 -9.352259 -99.200168 -107.224442;
5587187 -8.743780 -96.262661 -105.129921;
5612539 -7.983818 -107.953257 -104.565023;
5639352 -7.299895 -97.097516 -100.224597;
5665912 -6.509832 -106.213554 -103.132286;
5691410 -5.721953 -74.294216 -103.974359;
5717997 -4.965578 -106.636947 -105.848872;
5743464 -4.205717 -81.442004 -104.792951;
5769946 -3.438985 -101.150444 -102.259191;
5796351 -2.666358 -96.932915 -98.591349;
5822767 -1.914924 -87.488461 -97.347608;
5849193 -1.163177 -89.231455 -96.831998;
5874538 -0.422846 -90.506158 -92.426222;
5900942  0.289523 -88.245896 -90.154850;
5926481  1.050603 -86.126341 -88.826472;
5952981  1.794159 -91.187084 -90.028245;
5978583  2.565693 -87.186951 -90.380214;
6005066  3.297011 -86.041073 -88.906704;
6030420  4.053495 -87.905165 -88.344915;
6056989  4.754891 -80.916492 -87.782545;
6083402  5.505313 -71.224266 -87.617685;
6109804  6.240441 -97.941972 -88.159737;
6136194  6.918428 -105.907011 -88.312267;
6161692  7.630757 -66.086382 -87.787009;
6188292  8.255166 -75.973741 -82.008416;
6213897  8.992250 -71.396061 -80.889576;
6239592  9.701763 -94.486886 -86.229209;
6265344  9.603691 -22.003398 -82.203778;
6291930  9.505401 -77.108767 -77.204604;
6317573  10.245749 -86.499344 -79.605860;
6344291  10.959839 -78.344091 -80.552846;
6369836  11.739352 -91.520185 -84.799704;
6395437  12.483862 -81.162780 -82.161527;
6422025  13.264400 -91.555804 -81.170460;
6447761  14.082335 -79.353715 -80.875348;
6473358  14.874062 -74.932527 -80.787139;
6500032  15.661902 -29.062655 -80.760705;
6525608  16.482891 -72.321458 -79.199220;
6551454  17.293514 -80.260340 -77.593717;
6578128  18.174252 -88.704986 -80.567347;
6603803  18.987503 -77.606869 -81.391852;
6629617  19.727570 -78.890672 -81.633505;
6655361  20.471643 -66.162936 -80.252297;
6682052  21.193655 -60.912871 -79.255607;
6708123  21.942226 -64.679705 -69.229207;
6733726  22.693310 -91.165898 -75.936885;
6760322  23.388304 -16.590229 -78.074166;
6786199  24.107817 -59.043700 -68.087570;
6811900  24.766790 -70.718985 -64.981945;
6837542  25.421284 -101.558220 -64.643044;
6864269  26.071924 -41.270423 -64.534665;
6889748  26.722349 -72.015532 -68.511939;
6915635  27.238932 -51.272462 -66.072864;
6941401  27.832554 -64.213311 -62.331159;
6968068  28.436382 -69.812650 -66.028224;
6993396  28.875269 -73.966842 -68.171736;
7020237  29.292118 -68.530393 -69.689843;
7045904  29.731819 -53.822918 -68.883201;
7071720  30.060200 -87.416195 -68.633948;
7098392  30.288012 -44.564503 -64.015045;
7125257  30.443972 -74.406814 -71.246193;
7151072  30.601061 -37.858948 -73.299239;
7176709  30.673973 -83.370836 -73.903667;
7202394  30.644617 -43.445770 -65.728553;
7229123  30.575993 -68.253716 -67.237828;
7254760  30.313192 -25.153861 -68.739623;
7280494  30.061129 -39.544889 -69.231504;
7307082  29.584951 -83.940002 -69.383135;
7332669  29.092972 -45.696838 -68.417228;
7358799  28.623030 -74.788809 -69.138213;
7384410  28.032213 -64.479167 -72.621158;
7411222  27.462515 -75.124113 -74.345341;
7436795  26.761719 -66.261109 -74.146890;
7463018  26.093307 -81.794282 -74.088786;
7488987  26.022846 -76.790424 -75.223438;
7514849  25.953068 -66.034067 -75.553014;
7540473  25.214323 -62.298542 -75.650940;
7567086  24.375578 -50.714390 -69.390118;
7592723  23.511366 -66.616442 -67.062101;
7618773  22.620138 -89.673178 -69.930835;
7644485  21.714552 -54.405072 -70.803682;
7671242  20.874887 -78.915779 -74.182739;
7697267  20.029694 -63.996306 -71.852586;
7722951  19.163519 -81.020175 -71.153731;
7748927  18.265167 -88.160428 -77.436674;
7775111  17.403399 -68.372978 -79.218548;
7800453  16.521137 -74.574690 -79.743321;
7827140  15.669569 -69.067866 -76.232248;
7852628  14.820066 -77.456327 -75.082190;
7879341  13.977990 -82.081222 -76.779703;
7906019  13.126437 -77.320625 -77.511567;
7931641  12.291884 -87.277523 -80.345810;
7958218  11.490366 -78.359045 -80.174525;
7983855  10.665871 -98.209065 -80.120586;
8009751  9.850574 -80.039319 -80.063809;
8035569  9.047601 -86.963100 -80.975925;
8062260  8.141803 -71.612269 -81.540548;
8087817  7.296248 -87.349388 -81.411946;
8113465  6.412873 -97.574364 -81.372239;
8140127  5.526353 -81.073927 -81.159845;
8165582  4.742368 -95.060021 -85.667457;
8192000  3.991542 -88.307877 -87.603577;
8217341  3.230865 -91.782603 -88.114608;
8243733  2.487271 -92.614248 -88.275360;
8270146  1.726134 -91.989471 -90.974409;
8295502  1.103916 -92.603293 -92.056775;
8321932  0.421046 -95.133742 -92.447050;
8347392 -0.281063 -87.952447 -92.553210;
8373749 -0.934472 -90.869940 -92.317713;
8400405 -1.618547 -96.795452 -92.515571;
8426868 -2.300615 -85.352945 -92.574787;
8453286 -2.977744 -95.996968 -94.055019;
8478633 -3.639203 -108.426169 -94.487370;
8505201 -4.258753 -114.546040 -94.616035;
8530539 -4.893140 -103.085503 -100.588974;
8556940 -5.445160 -116.623367 -106.062658;
8582403 -6.020339 -72.086932 -107.551674;
8608862 -6.685487 -83.077317 -104.508157;
8635272 -7.376652 -91.676471 -95.784111;
8660607 -8.102826 -94.022680 -94.552667;
8687408 -8.703517 -65.562636 -94.181807;
8713866 -9.410981 -100.216581 -97.619954;
8740391 -10.181293 -111.554281 -98.641987;
8766810 -10.989596 -97.334417 -97.414708;
8793288 -11.779343 -95.364233 -96.018568;
8818813 -12.517089 -105.609582 -98.073654;
8845272 -13.228282 -109.520997 -103.791013;
8870534 -14.059216 -108.731161 -105.439180;
8897109 -14.849087 -109.559440 -105.975953;
8922456 -15.655263 -104.160306 -103.402664;
8948904 -16.387037 -121.533099 -107.752838;
8975341 -17.171595 -118.885783 -111.559662;
9002241 -17.904566 -123.108861 -112.665802;
9027701 -18.685692 -101.148902 -111.234579;
9054125 -19.333658 -123.275358 -113.674321;
9079448 -19.947662 -90.779578 -114.413541;
9105851 -20.536083 -108.494722 -114.635897;
9132343 -21.084702 -113.478792 -113.109762;
9158750 -21.635168 -121.856031 -112.960664;
9185230 -22.162905 -105.058046 -110.504893;
9210700 -22.650864 -125.577540 -118.209307;
9237126 -23.120211 -107.095857 -119.669045;
9262478 -23.521645 -139.228182 -120.770780;
9289041 -23.906763 -115.276339 -118.583660;
9314729 -24.326500 -123.984708 -120.467485;
9341193 -24.757902 -114.906994 -121.020383;
9366538 -25.147388 -131.046231 -121.089555;
9392994 -25.612885 -110.731723 -120.755251;
9418544 -26.129887 -123.310448 -121.103018;
9445020 -26.535566 -125.703877 -121.924042;
9470576 -26.955948 -122.029842 -122.164806;
9497023 -27.418688 -108.155260 -122.236545;
9522425 -27.850319 -129.874007 -123.219829;
9549053 -28.341295 -108.004962 -121.382042;
9574495 -28.860439 -134.363509 -122.987933;
9600928 -29.356461 -120.240503 -122.871586;
9626448 -29.848801 -138.374458 -126.274412;
9652924 -30.324135 -117.015698 -123.900050;
9678415 -30.788172 -134.732341 -123.150128;
9704415 -31.340412 -119.624887 -123.494399;
9730902 -31.771099 -136.280970 -131.640153;
9757163 -32.143940 -119.030254 -132.862837;
9782596 -32.513599 -105.782905 -126.669480;
9809144 -32.801323 -111.156854 -122.605383;
9834548 -33.025055 -91.429033 -114.766045;
9861188 -33.212772 -114.257334 -112.309527;
9886617 -33.209927 -130.567769 -120.437486;
9912991 -33.207211 -100.904876 -114.580823;
9938416 -33.011921 -137.879494 -112.652430;
9965510 -32.823658 -118.161412 -116.195992;
9992674 -32.051094 -121.249512 -121.189638;
10019163 -32.051094 -124.148144 -122.518348;
