384300  0.000000  0.000000  179.999750;
397186 -0.012984 -95.064615 -95.064615;
422706 -0.012984 -95.068102 -95.068102;
449309 -0.039868 -94.998657 -95.025870;
475773 -0.059363 -94.931997 -94.998657;
502245 -0.078757 -95.152090 -95.016316;
527973 -0.092094 -95.327158 -95.152090;
554389 -0.102699 -95.086058 -95.086058;
579727 -0.113588 -94.995901 -95.064454;
606337 -0.120938 -95.008687 -95.022283;
631723 -0.128657 -95.261019 -95.042678;
658128 -0.134083 -95.233839 -95.233839;
684581 -0.146983 -95.117447 -95.233839;
709925 -0.162734 -94.972041 -95.069650;
736345 -0.175503 -95.117845 -95.163047;
761711 -0.188814 -95.271734 -95.190345;
788154 -0.208564 -95.070957 -95.136075;
814585 -0.230365 -95.181733 -95.181733;
839939 -0.249330 -94.519977 -95.181733;
866344 -0.259007 -95.396116 -95.218845;
892741 -0.269086 -95.243491 -95.243491;
919169 -0.279161 -96.257066 -95.379427;
945589 -0.287634 -95.195280 -95.243491;
970922 -0.294491 -95.202743 -95.230082;
997336 -0.302613 -94.870372 -95.196515;
1023766 -0.311082 -96.202846 -95.230082;
1050202 -0.309063 -95.363343 -95.363343;
1076616 -0.309063 -95.073615 -95.346686;
1101958 -0.307854 -95.563641 -95.346686;
1128352 -0.281158 -95.404589 -95.413624;
1153725 -0.253353 -95.155561 -95.413624;
1180137 -0.196797 -95.294887 -95.278441;
1206563 -0.108488 -95.092143 -95.160494;
1231912  0.006899 -94.951938 -95.154329;
1258323  0.160928 -94.820571 -94.976795;
1283800  0.321410 -94.712494 -94.845957;
1310210  0.492942 -94.143514 -94.841322;
1336638  0.688094 -94.254977 -94.280443;
1362005  0.896694 -93.940894 -94.118857;
1388507  1.101954 -93.674591 -94.118857;
1413873  1.316397 -93.492642 -93.674591;
1440378  1.509644 -92.842871 -93.478495;
1465805  1.690120 -93.302528 -93.478495;
1491999  1.830260 -92.975720 -93.302528;
1518411  1.941435 -92.804608 -92.960111;
1543763  2.030550 -93.058035 -93.041996;
1570222  2.145118 -92.660402 -92.960817;
1596635  2.264688 -92.748792 -92.755348;
1621994  2.424376 -91.808723 -92.749446;
1648398  2.621828 -92.044988 -92.044988;
1673824  2.863697 -91.907380 -91.894632;
1700231  3.138530 -91.581301 -91.894632;
1726645  3.471138 -91.381630 -91.581301;
1751999  3.896988 -91.112219 -91.375032;
1778442  4.305748 -90.047459 -91.371429;
1803803  4.774456 -89.746487 -90.047857;
1830231  5.278578 -89.114815 -89.746487;
1856653  5.841837 -88.871099 -89.746790;
1882047  6.474351 -88.326210 -88.869749;
1908467  7.082257 -87.812526 -88.347040;
1933854  7.746992 -86.964856 -88.347040;
1960266  8.410930 -86.283850 -86.983041;
1986730  9.121432 -85.375864 -86.290955;
2013151  9.868081 -84.758049 -86.290955;
2039585  10.613517 -83.734634 -84.803382;
2064934  11.368601 -82.705866 -83.730127;
2091398  12.107785 -82.570235 -83.730127;
2116744  12.895241 -82.980251 -82.978572;
2143159  13.650590 -80.735085 -82.570235;
2169571  14.437798 -80.440422 -82.584467;
2194910  15.225722 -78.706965 -80.422211;
2221332  15.988987 -78.586725 -78.826935;
2247758  16.823599 -78.236137 -78.826935;
2274173  17.716839 -77.198051 -78.351055;
2300647  18.609707 -76.029376 -77.137107;
2325989  19.546200 -75.261598 -77.137107;
2352417  20.467411 -74.806287 -75.286198;
2377773  21.435362 -73.399593 -74.788205;
2404240  22.443794 -72.293120 -74.788205;
2430684  23.496412 -71.548806 -72.322553;
2456013  24.588892 -69.471780 -71.518264;
2482239  25.653870 -68.925940 -71.518264;
2508709  26.783390 -67.844385 -69.143491;
2535145  27.933926 -66.956949 -67.689175;
2561570  29.082983 -65.543742 -67.689175;
2586894  30.203321 -65.358911 -65.761480;
2613377  31.240252 -64.318447 -65.138497;
2638747  32.297955 -62.687715 -65.138497;
2665150  33.277897 -61.769151 -62.687715;
2691567  34.262669 -60.762913 -61.769151;
2716918  35.195934 -59.590169 -61.769151;
2743320  36.024197 -59.028729 -59.681213;
2769731  36.823914 -58.351644 -58.936546;
2796131  37.509792 -57.446194 -58.936546;
2822590  38.195385 -56.835787 -57.446194;
2847937  38.810204 -56.622539 -57.149599;
2874360  39.324108 -55.960811 -57.149599;
2899746  39.812630 -55.873125 -56.098648;
2926124  40.230820 -55.199014 -55.859844;
2952560  40.591251 -54.739669 -55.859844;
2977952  40.816864 -54.420975 -54.739669;
3004394  41.033569 -54.151801 -54.477386;
3029776  41.174458 -54.081261 -54.477386;
3056167  41.211269 -54.240015 -54.218945;
3082709  41.144386 -54.158620 -54.158620;
3109121  40.902470 -54.855840 -54.509551;
3135543  40.661736 -54.814792 -54.509551;
3160897  40.331764 -55.358393 -54.814792;
3187324  39.931519 -55.993150 -55.358393;
3212714  39.434448 -56.237563 -55.358393;
3239144  38.823536 -56.785079 -56.237563;
3265546  38.187603 -57.500219 -56.785079;
3290938  37.485832 -58.438044 -56.785079;
3317366  36.760124 -58.840021 -58.438044;
3342712  35.972530 -59.810358 -58.840021;
3369112  35.153721 -61.331028 -58.840021;
3395612  34.300861 -61.186448 -61.186448;
3420969  33.414829 -61.838849 -61.331028;
3447420  32.559273 -63.704171 -61.331028;
3473523  31.674477 -64.185026 -63.704171;
3498895  30.807697 -64.967970 -64.185026;
3525336  29.953959 -66.010337 -64.185026;
3551766  29.066671 -66.625967 -66.010337;
3578176  28.179752 -67.432179 -66.593200;
3604565  27.296730 -68.214057 -66.593200;
3629927  26.414007 -68.774635 -68.214057;
3656359  25.565639 -70.405222 -68.774635;
3681897  24.699638 -70.694589 -68.774635;
3708325  23.862928 -71.306676 -70.694589;
3734730  22.990200 -72.526685 -71.306676;
3761180  22.118231 -73.516922 -71.306676;
3787693  21.257294 -74.594633 -73.516922;
3813018  20.416569 -75.523156 -74.594633;
3839397  19.613516 -75.869710 -74.594633;
3864717  18.775026 -76.489874 -75.869710;
3891115  17.965174 -77.727248 -76.489874;
3917551  17.122856 -78.404575 -76.489874;
3942924  16.297085 -79.258438 -78.404575;
3969407  15.504518 -80.103309 -79.117996;
3994763  14.698707 -80.469375 -79.117996;
4021177  13.927187 -81.414475 -80.469375;
4047596  13.116620 -81.363486 -81.363486;
4072978  12.299446 -82.877982 -81.363486;
4099411  11.521710 -83.819663 -82.877982;
4124748  10.718228 -84.606664 -83.819663;
4151159  9.948061 -85.212203 -83.819663;
4177607  9.147667 -85.959417 -85.212203;
4202937  8.352208 -86.648265 -85.908271;
4229388  7.598109 -86.561217 -85.904359;
4254738  6.824770 -88.198833 -86.564505;
4280902  6.083622 -88.983694 -88.198833;
4307350  5.329859 -89.719956 -88.198833;
4332769  4.567914 -90.402121 -89.719956;
4359198  3.851913 -91.178868 -90.402889;
4385648  3.140549 -92.186447 -90.402889;
4414930  2.469406 -92.523990 -92.207962;
4441654  1.751438 -93.189085 -92.517948;
4467098  1.089254 -92.769661 -92.517948;
4493568  0.458787 -94.454286 -92.784941;
4518916 -0.213672 -95.029027 -94.441503;
4545365 -0.880073 -95.589574 -94.442566;
4570709 -1.598436 -96.471031 -95.588240;
4597335 -2.301104 -96.980970 -96.472572;
4623741 -3.035249 -97.716529 -96.491116;
4650165 -3.775827 -98.488442 -97.699918;
4676575 -4.519733 -99.426874 -98.468239;
4702493 -5.250746 -100.046167 -98.488442;
4727865 -5.978428 -100.460734 -100.046167;
4753909 -6.690781 -101.585974 -100.423464;
4780328 -7.451027 -102.391369 -100.551265;
4805740 -8.222220 -102.644333 -102.323818;
4832140 -8.984193 -103.511081 -102.644333;
4858575 -9.800779 -103.527130 -102.734734;
4884298 -10.631766 -105.234877 -103.527130;
4910729 -11.465899 -105.794194 -105.184707;
4937165 -12.322989 -106.566988 -105.343480;
4963597 -13.200019 -107.612105 -106.566988;
4988931 -14.099514 -108.360230 -107.446377;
5015361 -14.961643 -109.270307 -107.499906;
5041750 -15.883264 -110.406878 -109.270307;
5068166 -16.803453 -111.301751 -110.349912;
5094088 -17.744347 -111.834272 -110.521731;
5120513 -18.693369 -113.259163 -111.834272;
5145865 -19.675329 -114.012893 -112.705754;
5172271 -20.657284 -114.900235 -112.981994;
5198321 -21.680063 -115.772927 -114.900235;
5223880 -22.712519 -116.787441 -115.690103;
5250287 -23.753609 -118.060578 -116.109257;
5276741 -24.836901 -118.911413 -118.060578;
5303182 -25.941910 -120.246064 -118.661294;
5329594 -27.046377 -121.514719 -119.239877;
5354975 -28.149229 -122.565323 -121.514719;
5381386 -29.208256 -123.240261 -122.248925;
5406748 -30.300985 -124.418563 -122.662069;
5433176 -31.290684 -125.857601 -124.418563;
5458717 -32.321980 -126.394582 -124.901183;
5484874 -33.273430 -127.353449 -125.768043;
5511330 -34.197510 -128.133627 -127.353449;
5536721 -35.066719 -129.027707 -127.939668;
5563147 -35.833099 -130.153608 -128.543865;
5589557 -36.560520 -130.674749 -129.690853;
5614914 -37.160088 -131.014456 -130.332586;
5641384 -37.735748 -131.571135 -130.959934;
5666734 -38.282524 -131.914605 -131.625808;
5693165 -38.758564 -132.181649 -131.758976;
5719565 -39.213741 -132.595214 -132.089665;
5744954 -39.593822 -133.178244 -132.595214;
5771402 -39.959347 -133.122471 -132.897376;
5796749 -40.311852 -133.186678 -132.897376;
5823178 -40.622593 -133.902293 -133.401886;
5849621 -40.916740 -134.308511 -133.599904;
5874962 -41.092758 -134.860883 -134.131282;
5901380 -41.261440 -134.800964 -134.615788;
5926856 -41.367516 -134.695172 -134.695172;
5953281 -41.316174 -134.615394 -134.615788;
5979694 -41.262920 -134.764457 -134.695172;
6005044 -41.120571 -134.420394 -134.656432;
6031462 -40.898808 -134.119311 -134.420394;
6056860 -40.599941 -133.679723 -134.119311;
6083273 -40.216839 -133.478340 -133.756779;
6108706 -39.818424 -132.971725 -133.478340;
6135133 -39.390530 -132.393050 -132.971725;
6161551 -38.910004 -131.962777 -132.534240;
6186889 -38.401810 -132.103692 -132.342470;
6213260 -37.854046 -130.954026 -131.971913;
6239698 -37.283951 -130.047898 -131.672139;
6265105 -36.686573 -130.121043 -130.501933;
6290764 -36.088440 -128.534586 -130.103117;
6317179 -35.453819 -128.490484 -129.206275;
6343622 -34.756542 -128.174451 -128.490484;
6369006 -34.058529 -127.064247 -128.174451;
6395276 -33.379169 -126.575673 -127.846335;
6421711 -32.666870 -125.784864 -126.855126;
6448110 -31.936377 -124.847912 -125.784864;
6474656 -31.188337 -124.319007 -125.339274;
6500656 -30.436132 -123.277209 -124.373344;
6526010 -29.676773 -122.858514 -123.277209;
6552457 -28.907249 -121.853583 -123.224863;
6577816 -28.081942 -120.931168 -122.210057;
6603965 -27.272776 -120.231219 -120.931168;
6630391 -26.410458 -119.357701 -120.797757;
6656631 -25.513990 -119.183924 -119.812469;
6682036 -24.592987 -117.305021 -119.102616;
6707916 -23.681511 -116.590808 -118.266849;
6734353 -22.733631 -115.345153 -116.707517;
6759759 -20.814705 -114.679263 -115.345153;
6786196 -20.814705 -113.964385 -115.310132;
6812627 -19.838757 -112.793900 -113.964385;
6837955 -18.872311 -111.842149 -112.793900;
6864345 -17.946196 -111.293989 -112.756787;
6890764 -16.980442 -110.090109 -111.534623;
6917194 -16.000721 -109.194270 -110.090109;
6943627 -15.020592 -108.250021 -110.043120;
6968966 -14.050036 -107.177836 -108.250021;
6995414 -13.140927 -106.396143 -107.177836;
7020783 -12.215045 -105.584233 -107.036929;
7047195 -11.336232 -104.662895 -105.632185;
7072954 -10.429756 -103.105741 -104.662895;
7099372 -9.584625 -102.814582 -104.552515;
7124726 -8.717873 -102.580832 -102.878506;
7151135 -7.900738 -101.488947 -102.668198;
7177549 -7.053231 -100.263039 -102.580832;
7202896 -6.200725 -99.471787 -100.364178;
7229358 -5.399295 -98.900440 -99.471787;
7254855 -4.562611 -98.009962 -99.411323;
7281493 -3.794197 -97.003146 -98.023285;
7307015 -2.991397 -96.474404 -97.004815;
7333462 -1.473116 -95.841009 -97.004815;
7358791 -1.473116 -94.989262 -95.820065;
7385237 -0.755397 -94.252250 -95.018040;
7412177 -0.018139 -93.726514 -94.989262;
7437783  0.732891 -92.851542 -93.744364;
7464194  1.439695 -92.330284 -92.851542;
7490673  2.174364 -91.738854 -92.835234;
7516030  2.913351 -90.655604 -91.753038;
7542533  3.615217 -89.965698 -90.650899;
7567895  4.348804 -89.471464 -90.650899;
7594315  5.051970 -88.787866 -89.472349;
7620716  5.786487 -87.967717 -88.785253;
7647167  6.526924 -87.269907 -88.785253;
7673582  7.277244 -86.455545 -87.277091;
7698947  8.026543 -85.856406 -86.405441;
7725390  8.756900 -85.286296 -86.405441;
7751270  9.534041 -84.617729 -85.286296;
7777088  10.315183 -83.523970 -84.629322;
7803556  11.132687 -82.685243 -84.629322;
7830022  11.970773 -81.802718 -82.711411;
7856663  12.830615 -81.000874 -81.773373;
7882082  13.709158 -80.237304 -81.773373;
7908531  14.563702 -79.362009 -80.237304;
7933871  15.501328 -78.365314 -79.362009;
7960423  16.399641 -77.402530 -79.362009;
7985926  17.369295 -76.601325 -77.402530;
8012360  18.325171 -75.584345 -76.601325;
8037708  19.332891 -74.510399 -76.601325;
8064148  20.310434 -73.529863 -74.569006;
8090558  21.340181 -72.831149 -73.467740;
8116613  22.374002 -71.635856 -73.467740;
8141974  23.415407 -71.093414 -71.640192;
8168403  24.452305 -69.510936 -71.088969;
8193722  25.536499 -68.630734 -71.088969;
8220728  26.577864 -67.530080 -68.630734;
8247164  27.753345 -66.234331 -67.530080;
8273630  28.904018 -64.931393 -67.530080;
8298992  30.091555 -63.840836 -64.931393;
8325407  31.248138 -62.712212 -63.840836;
8350755  32.443066 -61.301467 -63.840836;
8377163  33.567280 -60.544835 -61.301467;
8403559  34.738506 -59.274585 -60.544835;
8428897  35.907185 -58.463833 -60.544835;
8455377  37.024376 -57.003958 -58.463833;
8481623  38.172920 -55.976007 -57.003958;
8506928  39.233177 -54.759694 -57.003958;
8533111  40.255421 -53.696932 -54.759694;
8559568  41.253574 -52.576472 -53.721555;
8584997  42.262173 -51.822127 -53.721555;
8611420  43.205956 -50.793055 -51.822127;
8636765  44.146694 -50.172887 -50.793055;
8663156  45.012680 -48.382273 -50.793055;
8689562  45.887814 -48.444344 -48.548216;
8714942  46.763443 -47.005433 -48.278330;
8741360  47.564754 -47.319081 -48.278330;
8767771  48.329868 -45.917789 -47.319081;
8794238  49.024216 -45.218607 -45.917789;
8820637  49.527695 -44.592655 -45.917789;
8845992  50.029881 -44.187339 -44.592655;
8872420  50.377884 -44.905451 -44.905451;
8897772  50.608673 -44.269173 -44.905451;
8924284  50.698082 -43.763988 -44.269173;
8950743  50.555607 -43.725115 -43.763988;
8977151  50.413414 -44.119039 -44.119039;
9003595  50.156189 -44.757737 -44.119039;
9028958  49.790413 -45.119633 -44.757737;
9055372  49.353626 -45.570969 -45.119633;
9080709  48.756386 -46.575081 -45.119633;
9107162  48.183498 -47.356492 -46.514206;
9133558  47.534492 -47.634976 -47.267795;
9158917  46.847794 -48.377566 -47.267795;
9185341  46.155552 -48.963157 -48.377566;
9210717  45.384617 -49.768511 -48.963157;
9237178  44.644257 -50.414371 -48.963157;
9263568  43.852852 -51.254521 -50.414371;
9288902  43.063568 -52.019407 -51.254521;
9315375  42.280727 -52.582753 -51.254521;
9341766  41.446526 -53.727505 -52.582753;
9368191  40.616116 -54.397158 -53.727505;
9394578  39.777374 -55.101091 -53.727505;
9419958  38.939838 -56.264257 -55.101091;
9446417  38.110630 -57.005167 -56.264257;
9472008  37.244553 -57.847858 -56.264257;
9498550  36.409229 -58.449125 -57.847858;
9524081  35.518959 -59.267866 -58.449125;
9550493  34.662598 -60.353642 -58.449125;
9575843  33.769428 -61.253427 -60.353642;
9602249  32.912174 -61.979113 -61.253427;
9628244  32.017597 -62.712212 -61.253427;
9654695  31.125036 -63.711003 -62.712212;
9679896  30.212376 -65.202603 -63.711003;
9706423  29.312065 -65.757209 -63.711003;
9731797  28.364384 -66.369345 -65.689501;
9758217  27.420317 -67.404307 -66.435617;
9784657  26.437332 -68.387059 -66.435617;
9809996  25.441492 -68.944076 -68.387059;
9836411  24.471260 -70.233979 -68.944076;
9861749  23.449745 -71.518299 -68.944076;
9888146  22.456728 -72.093860 -71.518299;
9914538  21.422207 -73.174168 -72.093860;
9939898  20.395941 -74.414154 -72.093860;
9965820  19.423355 -74.986792 -74.414154;
9992252  18.418135 -76.252737 -74.986792;
10017724  17.397173 -77.343038 -74.986792;
