387769  0.000000  0.000000  0.000000;
400575  0.008407 -94.513108 -94.513108;
426055  0.008407 -94.542645 -94.515269;
452446  0.023189 -94.614146 -94.540471;
479008  0.048976 -95.279030 -94.614146;
505418  0.074930 -94.711898 -94.627758;
531021  0.114444 -94.707982 -94.649901;
557556  0.168777 -94.179022 -94.636224;
583011  0.240482 -92.830206 -94.543733;
609545  0.341914 -93.009666 -94.526391;
635020  0.447644 -95.077854 -94.635484;
661418  0.565880 -92.821576 -94.543733;
687835  0.712983 -95.590439 -94.543733;
713319  0.883988 -93.365377 -93.341832;
739730  1.102644 -92.092224 -93.295715;
765184  1.329255 -83.384425 -93.295715;
791736  1.619936 -93.710677 -93.295715;
817222  1.923155 -100.697130 -93.295715;
843650  2.232100 -98.495655 -94.908988;
870010  2.574252 -87.991657 -94.908988;
896547  2.938060 -79.768801 -94.908988;
922027  3.342800 -94.491092 -94.908988;
948469  3.722471 -90.886929 -90.886929;
974993  4.135047 -101.206659 -94.908988;
1001394  4.567125 -95.016508 -94.908988;
1027775  4.997199 -70.918198 -94.908988;
1053252  5.455544 -91.355929 -94.678960;
1079614  5.929688 -88.273829 -91.355929;
1105068  6.408632 -89.690351 -89.690351;
1131575  6.894784 -82.423017 -89.690351;
1157249  7.461751 -88.280424 -89.694024;
1183741  8.055976 -83.381559 -88.259789;
1209377  8.669134 -87.827824 -87.710052;
1236000  9.300054 -90.728000 -88.212160;
1262890  9.991845 -91.401998 -90.672108;
1288484  10.681953 -83.561445 -90.672108;
1314026  11.381783 -89.498823 -89.419158;
1340571  12.080192 -70.824687 -88.212160;
1366301  12.783330 -80.141531 -87.827824;
1393126  13.486878 -91.874299 -89.419158;
1419635  14.180642 -79.293783 -89.419158;
1445345  14.867043 -82.952193 -87.609106;
1471111  16.222765 -81.468105 -83.895282;
1497920  16.222765 -78.369883 -80.459711;
1523538  16.915707 -81.447756 -81.468105;
1550050  17.605633 -69.482103 -81.468105;
1576768  18.319635 -68.736110 -80.914719;
1602533  18.950262 -81.245014 -80.069948;
1628404  19.643360 -72.151523 -72.124507;
1654028  20.339310 -72.301114 -74.842522;
1680746  21.039959 -79.067850 -79.022374;
1706304  21.770523 -86.355890 -78.533118;
1732383  22.442446 -83.705296 -77.687383;
1758988  23.135231 -48.250262 -72.549955;
1785677  23.837929 -74.859596 -74.842522;
1811414  24.499245 -79.014040 -79.348917;
1837363  25.136972 -66.448505 -74.377757;
1863985  25.796593 -67.342508 -73.876127;
1890885  26.402193 -74.565812 -73.838620;
1916708  26.991940 -48.599674 -74.377757;
1942280  27.401165 -49.792542 -74.377757;
1968075  27.806414 -80.212837 -74.377757;
1994912  28.062395 -90.648763 -74.377757;
2020532  28.296349 -78.655029 -78.655029;
2046304  28.396091 -59.799246 -78.655029;
2073003  28.246181 -65.136814 -78.655029;
2099770  28.090879 -52.960168 -72.554648;
2125450  27.869797 -90.508869 -72.554648;
2151290  27.448723 -46.520672 -59.799246;
2177872  26.986759 -79.735165 -79.735165;
2203305  26.298874 -58.190502 -79.735165;
2229835  25.640722 -77.969710 -77.462839;
2255381  24.782852 -60.738321 -61.475659;
2281156  23.936520 -75.562335 -75.562335;
2307861  22.945658 -68.425997 -75.594549;
2333508  21.905998 -79.142655 -77.462839;
2359080  20.829607 -74.128781 -75.594549;
2385997  19.826248 -72.017851 -74.121509;
2412878  18.770115 -92.300967 -75.364264;
2438455  17.650963 -66.271447 -79.142655;
2465062  16.536900 -32.769334 -79.142655;
2491793  15.413312 -89.557567 -79.142655;
2517665  14.309382 -75.695507 -76.768546;
2543284  13.240928 -79.829854 -78.437272;
2569719  12.231030 -69.780975 -78.437272;
2595259  11.239012 -90.975915 -79.590168;
2621153  11.187932 -78.782867 -78.782867;
2647647  10.308722 -81.197566 -78.782867;
2673353  9.409140 -80.751116 -80.706005;
2699164  8.559468 -91.495127 -81.428040;
2725737  7.706326 -47.329716 -83.925282;
2751237  6.903050 -103.757670 -83.925282;
2777807  6.205012 -91.620227 -83.925282;
2803650  5.457807 -95.611582 -91.672102;
2829331  4.760243 -94.915325 -94.371507;
2855710  4.067052 -96.518248 -95.611582;
2881069  3.348577 -93.717195 -94.371507;
2907348  2.675692 -91.379500 -93.813786;
2933775  1.980402 -91.616488 -91.880947;
2959207  1.274337 -98.305723 -94.497716;
2985647  0.580878 -95.116826 -94.883537;
3011011 -0.119883 -95.081771 -94.934042;
3037633 -0.792125 -87.175366 -94.712744;
3064009 -1.496491 -79.758023 -91.738417;
3090474 -2.119850 -96.680426 -94.746600;
3116996 -2.865315 -108.846618 -95.688924;
3143563 -3.567844 -99.298694 -95.796188;
3169969 -4.271565 -100.839855 -95.796188;
3195324 -4.981504 -107.375813 -98.612328;
3221917 -5.667831 -119.355728 -100.903129;
3247288 -6.387669 -82.353417 -100.903129;
3273781 -7.081401 -85.955162 -98.931967;
3299275 -7.805813 -110.059649 -98.984712;
3325682 -8.439855 -108.552365 -108.473086;
3351067 -8.980896 -98.594188 -107.381311;
3377459 -9.583548 -103.566781 -107.381311;
3403905 -10.262084 -116.202883 -107.381311;
3429306 -10.942009 -109.697910 -107.702759;
3455694 -11.613681 -123.364469 -107.952423;
3481037 -12.311452 -91.794166 -107.952423;
3507454 -12.975400 -100.164983 -107.952423;
3533859 -13.696120 -112.980327 -109.437525;
3559272 -14.407241 -101.149868 -102.011965;
3585642 -15.111433 -115.436392 -108.421077;
3611543 -15.842144 -106.920023 -108.421077;
3637083 -16.525455 -122.102319 -115.436392;
3663662 -17.263971 -117.247965 -114.518598;
3688993 -17.944475 -117.414327 -115.230759;
3715379 -18.619324 -122.006822 -117.561576;
3741787 -19.298512 -113.321834 -117.561576;
3767137 -19.948027 -110.361332 -117.561576;
3793557 -20.571520 -107.591532 -112.751091;
3818989 -21.224960 -125.594579 -113.321834;
3845405 -21.860954 -110.194550 -110.194550;
3871845 -22.479612 -129.345394 -119.553961;
3897167 -23.146061 -107.183151 -118.695464;
3923553 -23.784330 -129.142914 -118.695464;
3949986 -24.483660 -114.102463 -113.741595;
3976457 -25.149933 -139.100072 -118.695464;
4002895 -25.881018 -99.412297 -118.695464;
4028247 -26.551050 -122.191010 -122.204530;
4054211 -27.193560 -118.873440 -118.695464;
4080542 -27.833740 -129.907579 -120.874692;
4106040 -28.482969 -116.736532 -116.937505;
4132062 -29.058329 -132.564087 -126.886653;
4158516 -29.665377 -114.875981 -126.886653;
4184765 -30.252615 -131.788493 -126.886653;
4210108 -30.611685 -116.532121 -117.830540;
4236512 -30.958361 -128.936543 -128.069388;
4262915 -31.369940 -131.335664 -128.936543;
4288277 -31.530373 -131.616605 -129.695374;
4314743 -31.605490 -127.101394 -130.074459;
4340258 -31.447502 -136.503453 -130.286544;
4366715 -31.295191 -126.064318 -129.692240;
4393355 -30.999115 -132.464146 -131.403078;
4419909 -30.626562 -138.683017 -133.439158;
4445313 -30.211023 -137.410095 -133.439158;
4471703 -29.561768 -126.566895 -131.403078;
4497047 -28.887312 -132.197744 -132.838157;
4523567 -28.143244 -116.670210 -131.868568;
4549024 -27.364649 -125.563319 -131.868568;
4575590 -26.618816 -125.240501 -125.639735;
4601103 -25.768299 -126.958551 -126.074616;
4627539 -24.965126 -130.701329 -127.334117;
4654002 -24.124018 -125.657764 -129.354224;
4680431 -23.282049 -113.792878 -128.602641;
4706807 -22.414129 -121.815014 -125.787309;
4732428 -21.593855 -103.784577 -121.843314;
4758999 -20.791977 -124.378348 -124.195377;
4785413 -19.989979 -98.575228 -124.195377;
4811837 -19.192720 -91.461052 -124.195377;
4837209 -18.434292 -113.332873 -118.492205;
4863632 -17.742083 -123.208243 -118.492205;
4889112 -17.032494 -103.508155 -103.772167;
4915665 -16.393744 -102.735698 -103.772167;
4941293 -15.728094 -102.569516 -103.508155;
4967701 -15.032812 -118.462659 -103.772167;
4993762 -14.316369 -100.745179 -103.581690;
5019226 -13.597801 -115.560452 -104.333536;
5045931 -12.920964 -103.504532 -104.089046;
5071517 -12.097390 -118.431522 -113.960233;
5097872 -11.410669 -103.045466 -104.333536;
5123090 -10.703309 -112.881072 -104.333536;
5149583 -10.030701 -99.850373 -103.050908;
5175148 -9.324086 -113.208227 -111.473877;
5201825 -8.690230 -98.177993 -111.473877;
5227258 -8.043058 -121.488244 -111.473877;
5253705 -7.426065 -100.932109 -103.670699;
5279164 -6.774379 -104.231505 -104.166085;
5305574 -6.147038 -100.022263 -103.266982;
5331068 -5.491828 -95.863233 -102.889700;
5357500 -4.896709 -102.544066 -102.305297;
5384009 -4.380175 -103.693063 -102.305297;
5410587 -3.802643 -109.538302 -106.490606;
5437007 -3.223608 -92.279671 -105.333797;
5463473 -2.649225 -101.842956 -105.333797;
5489853 -2.090005 -104.837472 -104.907403;
5515184 -1.540254 -93.488949 -101.334261;
5541773 -1.010816 -90.367815 -98.046684;
5567151 -0.455086 -91.948463 -97.512561;
5593536  0.079983 -97.837791 -97.750510;
5619987  0.618962 -95.479562 -97.597226;
5646507  1.189577 -117.549587 -97.597226;
5672892  1.895292 -99.395626 -100.627429;
5698531  2.597415 -96.912486 -100.241154;
5724962  3.200225 -82.958881 -100.241154;
5750292  3.865237 -89.481908 -96.912486;
5776724  4.502162 -77.844883 -89.444002;
5802164  5.225309 -91.199974 -91.244540;
5828576  5.921316 -88.614188 -91.244540;
5854957  6.636658 -85.566381 -91.244540;
5880298  7.351160 -84.914149 -88.627593;
5906813  8.067286 -77.371319 -85.713295;
5932048  8.798776 -67.798407 -85.311824;
5958571  9.509594 -87.351985 -87.351985;
5984028  10.179350 -97.847356 -88.627593;
6010562  10.822187 -78.708608 -87.452471;
6036107  11.532731 -77.464537 -85.391990;
6062881  12.182861 -78.532482 -78.737218;
6088531  12.880212 -81.052206 -81.896257;
6114506  13.543588 -85.232189 -84.532859;
6140370  14.215368 -89.560641 -84.532859;
6167036  14.925740 -83.420049 -84.148492;
6193698  15.658139 -75.376766 -81.521066;
6219302  15.590976 -79.923987 -82.277844;
6245887  16.391150 -19.212402 -82.277844;
6271857  17.190729 -88.830406 -82.277844;
6297385  17.975777 -15.280018 -77.724935;
6324038  18.747463 -69.241706 -69.241706;
6350473  18.703110 -82.253144 -81.459493;
6376065  19.490509 -76.717633 -81.459493;
6402960  20.222713 -65.201798 -77.664677;
6428587  21.026279 -66.501557 -72.128630;
6454232  21.770441 -81.428675 -77.664677;
6480020  22.553886 -59.195989 -77.664677;
6506760  23.357841 -80.534802 -79.863064;
6532103  24.155142 -53.030945 -76.970683;
6558922  25.037697 -74.482090 -73.743293;
6584739  25.838173 -66.107008 -66.107008;
6610419  26.533064 -62.232896 -66.969702;
6636357  27.224268 -75.716592 -74.469440;
6662987  27.924791 -44.690382 -66.969702;
6689854  28.593184 -83.974104 -66.969702;
6715353  29.148981 -37.363647 -61.247793;
6742004  29.134966 -91.091809 -78.587494;
6768977  29.120317 -42.693427 -78.587494;
6795562  29.530884 -71.728063 -71.423846;
6821149  29.677811 -43.512602 -61.247793;
6847832  29.819223 -95.378310 -71.423846;
6873451  29.873404 -48.657709 -71.423846;
6899008  29.829988 -32.526883 -80.920197;
6925561  29.583002 -49.609367 -64.985859;
6951455  29.298824 -81.779215 -63.979845;
6977107  28.809803 -66.249460 -63.579135;
7003716  28.132669 -44.231456 -63.579135;
7029241  27.430273 -69.737301 -66.249460;
7055775  26.692192 -43.027452 -61.465041;
7081517  25.860523 -73.484292 -61.465041;
7107250  25.009268 -51.637004 -51.637004;
7133842  24.109987 -83.761057 -72.393037;
7159830  23.079191 -43.276818 -72.393037;
7185347  22.039671 -78.806921 -72.393037;
7211130  21.018991 -74.230250 -72.393037;
7237965  20.033333 -59.127838 -59.480739;
7263581  18.964029 -65.909196 -65.909196;
7289218  18.001181 -72.721676 -72.961104;
7315927  17.098993 -85.091720 -72.961104;
7341762  16.159081 -61.616720 -62.812262;
7367423  15.249926 -83.353081 -72.961104;
7393975  13.457097 -17.281335 -72.961104;
7419710  13.457097 -79.774633 -79.626050;
7445368  12.608825 -36.998283 -79.374642;
7471252  11.711774 -86.182930 -77.630212;
7497006  10.912729 -84.225982 -80.571345;
7523689  10.162127 -84.825745 -83.633957;
7549273  9.384450 -85.824476 -85.526055;
7575447  8.648568 -85.506415 -85.176756;
7601073  7.918893 -86.458448 -85.176756;
7627793  6.496356 -87.295741 -86.005088;
7653353  5.786543 -101.026649 -86.103074;
7680044  5.107544 -75.872271 -86.103074;
7706747  4.426211 -88.804501 -86.103074;
7732193  3.750686 -78.576129 -85.622811;
7758584  3.110457 -79.797412 -79.797412;
7784967  2.445646 -87.960570 -86.033184;
7810448  1.781036 -92.815340 -87.996583;
7836843  1.167547 -92.422646 -87.996583;
7862157  0.546559 -93.369321 -87.996583;
7888602 -0.037402 -92.623583 -92.352730;
7914045 -0.552575 -88.746004 -92.352730;
7940612 -1.048228 -87.679254 -92.307425;
7966179 -1.513455 -62.174554 -88.785781;
7992807 -1.961170 -97.553275 -88.746004;
8018143 -2.438442 -93.401260 -92.628556;
8044705 -2.866639 -103.274927 -93.394831;
8070049 -3.311908 -92.020546 -93.394831;
8096393 -3.790542 -93.172232 -93.089601;
8122784 -4.288061 -95.817754 -93.114678;
8148437 -4.662773 -112.719892 -94.551156;
8174862 -5.018782 -103.551222 -96.747557;
8200217 -5.490398 -107.983156 -104.666501;
8226595 -5.975821 -113.045910 -104.666501;
8252031 -6.428475 -87.501587 -96.821414;
8278421 -6.842441 -97.302411 -96.814042;
8304772 -7.271933 -83.198297 -96.814042;
8330113 -7.305325 -79.270893 -96.814042;
8356485 -7.749469 -92.055707 -91.809835;
8382841 -8.250738 -99.590660 -91.888478;
8408183 -8.833386 -87.199129 -87.786512;
8434820 -9.393619 -97.087858 -97.087858;
8460182 -10.026807 -82.965437 -97.087858;
8486581 -10.661051 -106.236854 -97.151152;
8513003 -11.370398 -99.176786 -97.451401;
8539457 -12.159023 -108.566139 -98.981491;
8565930 -12.948605 -98.831441 -98.845140;
8591307 -13.733094 -109.977394 -104.504733;
8617740 -14.503703 -116.099813 -104.722203;
8643105 -15.312432 -96.068452 -99.036761;
8669500 -16.088486 -103.951592 -103.951592;
8696019 -16.863008 -93.594092 -103.951592;
8722479 -17.644814 -98.798041 -103.596318;
8748933 -18.424879 -110.029645 -103.596318;
8774327 -19.244751 -104.509635 -103.596318;
8800703 -19.968576 -113.318769 -104.509635;
8826156 -20.782810 -105.720903 -104.509635;
8852550 -21.560390 -112.204674 -110.519175;
8878952 -22.366716 -115.253593 -110.767786;
8905008 -23.141848 -128.821455 -111.425480;
8931457 -23.951374 -112.427740 -112.427740;
8957935 -24.704868 -122.506401 -114.506090;
8983280 -25.457167 -100.309873 -114.506090;
9009867 -26.177275 -120.715343 -114.506090;
9035156 -26.905069 -111.793396 -112.235431;
9061656 -27.597332 -99.150108 -111.982670;
9086988 -28.371294 -111.002398 -111.982670;
9113459 -29.065893 -108.309503 -111.328514;
9139978 -29.820822 -114.661507 -110.510245;
9166458 -30.567808 -130.973838 -110.903210;
9191979 -31.313696 -115.217631 -115.217631;
9218430 -31.981138 -117.244246 -115.745803;
9244829 -32.672901 -114.563237 -115.745803;
9270162 -33.256500 -118.313951 -115.842749;
9296579 -33.823494 -119.914055 -116.331548;
9322101 -34.330055 -127.983043 -117.921771;
9348666 -34.725937 -102.230535 -117.921771;
9374243 -35.137997 -133.126410 -120.093013;
9400933 -35.505836 -113.827433 -117.921771;
9426335 -35.808186 -126.937862 -117.921771;
9453003 -36.033508 -123.346418 -121.074597;
9479476 -36.015594 -136.122648 -128.674470;
9505968 -35.997810 -104.345485 -127.744448;
9531362 -35.827938 -129.989341 -128.310410;
9558006 -35.641457 -113.686861 -120.745229;
9584510 -35.316032 -123.723568 -123.723568;
9610939 -34.848267 -118.037463 -123.723568;
9636317 -34.381824 -109.891182 -123.723568;
9662982 -33.829319 -112.460465 -115.263930;
9689526 -33.253273 -98.281710 -113.122390;
9716020 -32.559887 -125.829391 -115.263930;
9742495 -31.886414 -117.916311 -119.145792;
9769033 -31.059423 -121.518871 -120.486845;
9795435 -30.286783 -124.909507 -120.486845;
9821883 -29.446354 -110.955878 -119.145792;
9847258 -28.604460 -129.576292 -119.832169;
9873714 -27.905195 -109.143586 -119.832169;
9899095 -27.035177 -125.757808 -126.357924;
9925536 -26.238485 -114.666209 -119.566867;
9951948 -25.337473 -86.970591 -116.112164;
9977354 -24.437449 -103.001669 -110.955878;
10003762 -23.602736 -119.824994 -118.247911;
