393751  0.000000  0.000000  0.000000;
413359  0.003293 -95.870061 -95.870061;
439636  0.003293 -96.001006 -95.894639;
465709  0.008107 -95.918418 -95.911287;
492133  0.023233 -95.859608 -95.913310;
517490  0.038563 -95.888849 -95.902069;
543902  0.055984 -95.833418 -95.901660;
569247  0.076549 -95.876458 -95.872243;
595652  0.094349 -96.092901 -95.902578;
622057  0.114908 -95.849488 -95.901812;
647401  0.135468 -96.054886 -95.949229;
673810  0.174548 -95.758583 -95.920748;
699247  0.215270 -95.604795 -95.883578;
725671  0.345437 -95.644248 -95.783523;
753499  0.345437 -95.615264 -95.753583;
780163  0.444428 -95.118661 -95.744607;
806623  0.559633 -95.374787 -95.646743;
833027  0.705466 -95.314629 -95.456413;
858389  0.850990 -95.008903 -95.353712;
884779  1.016715 -94.952480 -95.311254;
911198  1.189156 -94.645456 -95.298540;
937653  1.385584 -95.198974 -95.247061;
964088  1.623074 -94.202535 -95.069497;
989412  1.860383 -93.951283 -94.772850;
1015838  2.138367 -93.888664 -94.668852;
1041188  2.428448 -93.431312 -94.637763;
1067605  2.743098 -93.052004 -94.132933;
1094009  3.101240 -92.932450 -93.642147;
1119334  3.481780 -92.379751 -93.237945;
1145740  3.886207 -92.015046 -93.116489;
1172210  4.307896 -91.541352 -93.076945;
1198623  4.756876 -91.318748 -92.586547;
1225090  5.237552 -90.553785 -91.855024;
1250651  5.748709 -90.047891 -91.481339;
1277068  6.270855 -89.403404 -91.369284;
1302604  6.810488 -88.790756 -91.334334;
1329049  7.345380 -88.470067 -90.434154;
1354417  7.910616 -87.970909 -89.281970;
1380862  8.467937 -87.518290 -88.716765;
1406202  9.060225 -86.727146 -88.547381;
1432622  9.627763 -86.073709 -88.496582;
1459100  10.244902 -85.621496 -87.806886;
1484479  10.863396 -84.992215 -86.602105;
1510902  11.487603 -84.602515 -85.910053;
1536268  12.159272 -83.836290 -85.702219;
1562675  12.835441 -83.360317 -85.644226;
1589124  13.649018 -82.422504 -84.914918;
1614469  14.463890 -81.230865 -83.815104;
1640868  15.294664 -80.739089 -82.838335;
1666217  16.205530 -79.797339 -82.545927;
1692651  17.135509 -78.771661 -82.458264;
1719069  18.146460 -77.240375 -81.331613;
1744428  19.156797 -77.018546 -79.553079;
1770828  20.143669 -76.341663 -77.934846;
1796195  21.171053 -74.894781 -77.452594;
1822656  22.214779 -72.256185 -77.308226;
1849086  23.322506 -72.366783 -76.555450;
1874417  24.417233 -71.323284 -73.650321;
1900858  25.446714 -70.596653 -72.651500;
1926207  26.521309 -69.326518 -72.351361;
1952611  27.510113 -68.510799 -72.261279;
1979037  28.540070 -67.142116 -71.096062;
2004418  29.537802 -65.681797 -69.287397;
2030831  30.465467 -65.437347 -67.784720;
2056202  31.396576 -64.420132 -67.334792;
2082611  32.191406 -63.186621 -67.199909;
2109044  33.018753 -63.015551 -65.777596;
2134383  33.798828 -62.534612 -64.009208;
2160780  34.507160 -61.899465 -63.270100;
2187204  35.199932 -61.184652 -63.048183;
2213613  35.782875 -60.350508 -62.981593;
2240018  36.365486 -60.218692 -62.225946;
2265336  36.885525 -59.571937 -61.044004;
2291744  37.308006 -58.705205 -60.332110;
2317168  37.650707 -58.498067 -60.118460;
2343572  37.784618 -58.671967 -60.054360;
2369973  37.923695 -59.152607 -59.508359;
2395303  37.948280 -58.284456 -58.930417;
2421746  37.860882 -57.524474 -58.679221;
2447994  37.753494 -58.993393 -58.804701;
2473360  37.419285 -59.310150 -59.158562;
2499781  36.991741 -59.930776 -59.264678;
2525186  36.385067 -60.278276 -59.296509;
2551605  35.801723 -61.403939 -59.741062;
2578038  35.122494 -61.619047 -60.117144;
2603385  34.391651 -62.700752 -61.017869;
2629809  33.651752 -63.298697 -61.288119;
2656213  32.846123 -64.185429 -61.369193;
2682651  32.041103 -64.851446 -62.721187;
2709088  31.237873 -65.808487 -63.744814;
2734487  30.429829 -66.588121 -64.519122;
2760892  29.635674 -67.169498 -64.751721;
2786287  28.814095 -67.966823 -64.821526;
2812687  28.023941 -68.889858 -66.563418;
2839129  27.178738 -69.569975 -67.548576;
2864498  26.332190 -70.610346 -68.488022;
2890894  25.517670 -71.427520 -68.769361;
2916214  24.683475 -71.283668 -68.853714;
2942654  23.894110 -72.897843 -70.554339;
2969026  23.056910 -73.783342 -71.166100;
2994463  22.221863 -74.477234 -72.378407;
3020880  21.403996 -75.208316 -72.742029;
3046260  20.555426 -76.196578 -72.851101;
3072633  19.747141 -77.072069 -74.499338;
3099206  18.920116 -77.514310 -75.687287;
3125636  18.086819 -78.513520 -76.605986;
3152077  17.259216 -79.210275 -76.882437;
3177410  16.422792 -80.357465 -76.965445;
3203824  15.617938 -80.915422 -78.539601;
3230194  14.795273 -81.988556 -79.807843;
3256647  13.973978 -82.680364 -80.589460;
3283054  13.161407 -83.378345 -80.823709;
3308390  12.362343 -84.064341 -80.893960;
3334826  11.611547 -84.867992 -82.631668;
3360169  10.873357 -85.365540 -83.605024;
3386635  10.165688 -86.287042 -84.504441;
3413057  9.448479 -87.072303 -84.773548;
3438403  8.732463 -87.402237 -84.854212;
3464534  8.060310 -88.251496 -86.387725;
3490966  7.388484 -88.814589 -87.097708;
3516323  6.732729 -89.391148 -87.909027;
3542747  6.114096 -89.389837 -88.149229;
3569191  5.469431 -90.623643 -88.221391;
3595626  4.829930 -91.196646 -89.039337;
3622040  4.197104 -91.877158 -90.148129;
3647380  3.573653 -91.960640 -90.881845;
3673847  3.009597 -92.928241 -91.102192;
3699210  2.420453 -93.474796 -91.170068;
3725650  1.878731 -93.918698 -92.400037;
3754075  1.314005 -95.081201 -93.152464;
3779669  0.786732 -95.205176 -93.683116;
3806085  0.311973 -95.609655 -93.843433;
3831440 -0.157869 -95.950213 -93.891533;
3857853 -0.608840 -96.636447 -95.072477;
3883223 -1.069353 -96.977926 -95.730780;
3909678 -1.501224 -96.935591 -96.365067;
3936089 -1.948334 -97.503014 -96.564888;
3961404 -2.420910 -98.347988 -96.626026;
3987838 -2.873874 -98.598678 -97.229632;
4013165 -3.392869 -98.102354 -97.819129;
4039622 -3.890128 -99.519099 -98.185275;
4066045 -4.433406 -100.168929 -98.306072;
4091413 -5.011485 -100.476373 -98.345144;
4117809 -5.597466 -101.056566 -99.591780;
4144224 -6.259180 -102.138963 -100.208045;
4170660 -6.921370 -102.588120 -100.813464;
4197076 -7.602652 -103.084949 -101.029171;
4222399 -8.305196 -103.705533 -101.169884;
4248819 -8.992976 -104.528547 -102.511871;
4274173 -9.738383 -105.404994 -103.332501;
4300792 -10.453714 -106.052229 -104.096715;
4327221 -11.223431 -107.007180 -104.398471;
4353637 -11.985231 -107.488242 -104.530346;
4380063 -12.740205 -108.023976 -106.258828;
4405471 -13.494657 -108.177075 -106.972250;
4431880 -14.220045 -109.573380 -107.583411;
4457231 -14.994575 -110.269580 -107.917340;
4483663 -15.766329 -110.905374 -108.062926;
4510108 -16.581079 -111.965386 -109.535905;
4535439 -17.420456 -113.054468 -110.496196;
4561858 -18.224474 -114.291449 -111.199824;
4587180 -19.106989 -114.654776 -111.732714;
4613607 -19.952860 -115.342495 -112.014718;
4639992 -20.846132 -116.418591 -113.886739;
4665332 -21.746445 -117.324431 -114.571744;
4691746 -22.622318 -118.200654 -115.517864;
4718182 -23.559914 -118.769904 -116.145620;
4744626 -24.498291 -120.248036 -116.495333;
4771038 -25.448256 -120.651512 -118.088590;
4796373 -26.404734 -122.005487 -119.432341;
4822823 -27.320274 -122.050546 -120.078773;
4849210 -28.240976 -123.400801 -120.478904;
4875621 -29.159485 -124.327311 -120.870215;
4902184 -30.056250 -125.133188 -122.645352;
4928624 -30.935059 -126.242663 -123.550716;
4954926 -31.768625 -126.860671 -124.246316;
4980292 -32.479782 -127.435605 -124.864912;
5006713 -33.165634 -127.754002 -125.492874;
5033141 -33.811436 -128.855547 -126.858060;
5058455 -34.383572 -128.908890 -127.445610;
5084932 -34.864346 -129.381679 -127.794333;
5110775 -35.281914 -130.209668 -128.317545;
5136175 -35.611362 -130.263607 -128.656707;
5162576 -35.793621 -130.204803 -129.717785;
5189007 -35.983063 -130.766799 -130.056170;
5214399 -36.080311 -130.807582 -130.201451;
5240830 -36.069069 -130.729713 -130.269770;
5266463 -35.954063 -130.204930 -130.290270;
5292878 -35.659775 -130.383697 -130.335905;
5318217 -35.356506 -129.770635 -130.244141;
5344700 -34.985126 -129.266670 -130.117964;
5371110 -34.525009 -129.164642 -129.999783;
5396438 -34.000439 -128.346518 -129.603361;
5422856 -33.420021 -127.569981 -129.211342;
5449124 -32.814625 -126.923637 -128.791929;
5474575 -32.184994 -126.380017 -128.631337;
5501005 -31.539200 -125.533821 -127.891165;
5526376 -30.833862 -124.854331 -127.336688;
5552802 -30.128510 -124.073836 -126.070054;
5579195 -29.378899 -123.390130 -125.593844;
5605620 -28.610077 -122.726130 -125.259015;
5632078 -27.840322 -122.094256 -124.431844;
5657433 -27.056681 -121.256860 -123.566269;
5683848 -26.298353 -120.461130 -122.534311;
5709209 -25.502676 -119.579445 -122.113687;
5735616 -24.737200 -118.765880 -121.756445;
5762072 -23.940151 -117.755772 -120.852082;
5787390 -23.127892 -117.168419 -119.645519;
5813813 -22.349026 -116.695187 -118.349177;
5839182 -21.536165 -115.766121 -117.933147;
5865628 -20.753407 -114.824727 -117.746673;
5892031 -19.931763 -114.037014 -117.012255;
5917352 -19.119114 -113.391309 -115.735854;
5943768 -18.337448 -112.455286 -114.544670;
5970178 -17.521173 -112.450728 -114.051686;
5996620 -16.709116 -110.867987 -113.762456;
6023036 -15.896075 -110.264039 -112.968853;
6048354 -15.086657 -109.395584 -111.620236;
6074752 -14.319773 -108.594001 -110.676267;
6100244 -13.522593 -108.025216 -110.394226;
6126692 -12.754720 -107.229504 -110.303072;
6152628 -11.960069 -106.443013 -109.217571;
6179048 -11.198620 -105.332982 -108.062704;
6204390 -10.422961 -104.786396 -106.922923;
6230775 -9.694040 -104.154297 -106.586447;
6256160 -8.947607 -103.342041 -106.437399;
6282645 -7.516392 -102.565563 -105.283766;
6309047 -7.516392 -102.122200 -103.960986;
6334394 -6.801724 -101.346910 -103.048325;
6360811 -6.151603 -100.471426 -102.768654;
6386279 -5.474037 -100.200421 -102.630368;
6412684 -4.842197 -99.471787 -101.683786;
6439086 -4.206462 -98.797190 -100.646776;
6465084 -3.596596 -97.103605 -99.825744;
6490477 -3.044089 -97.563771 -99.577943;
6516882 -2.504439 -97.210057 -99.473650;
6542253 -1.953764 -96.636447 -98.138105;
6568661 -1.427751 -96.445234 -97.531947;
6595091 -0.890721 -95.473245 -96.934810;
6620410 -0.375034 -95.216355 -96.731132;
6646846  0.118977 -94.578225 -96.670345;
6672190  0.645275 -93.987437 -95.843737;
6698629  1.149834 -93.665315 -94.956066;
6724157  1.685879 -93.021907 -94.281888;
6751196  2.208911 -92.476903 -94.079075;
6777887  2.764139 -92.101663 -94.014903;
6803199  3.305294 -91.693340 -93.320183;
6829960  3.818490 -91.064233 -92.470051;
6855303  4.347581 -90.459163 -91.907415;
6881721  4.842060 -89.938319 -91.737690;
6908140  5.345010 -89.499756 -91.686518;
6933373  5.842333 -89.129162 -90.827491;
6959787  6.316559 -88.446358 -89.898009;
6986198  6.825886 -87.982344 -89.359874;
7012639  7.335155 -87.379245 -89.199051;
7038330  7.845405 -87.209259 -89.150994;
7064160  8.369815 -86.465364 -88.360162;
7090701  8.897062 -85.793377 -87.538122;
7117121  9.509734 -85.401130 -86.792480;
7142489  10.119613 -85.652071 -86.568811;
7168908  10.742388 -84.400456 -86.501714;
7194732  11.420408 -83.525515 -85.907426;
7221185  12.123767 -82.777467 -84.879981;
7247590  12.915741 -81.726472 -83.915143;
7274071  13.706279 -81.329446 -83.625088;
7299407  14.532648 -80.265128 -83.538021;
7325853  15.351523 -79.486147 -82.278933;
7351217  16.240593 -79.003711 -80.856583;
7377604  17.159893 -78.127996 -79.898032;
7404015  18.116270 -77.047312 -79.609776;
7429346  19.088840 -75.630456 -79.523241;
7455804  20.039043 -74.710549 -78.555744;
7481169  21.043236 -73.840838 -76.490062;
7507584  22.019110 -72.257221 -75.285461;
7534001  23.041027 -71.709290 -74.919250;
7559368  24.076735 -70.631798 -74.808954;
7585781  25.071276 -69.878061 -72.976620;
7612204  26.104406 -69.300989 -71.330669;
7638591  27.127439 -68.484794 -70.315287;
7665020  28.132965 -67.298394 -70.009354;
7690371  29.062218 -66.028505 -69.917460;
7716775  29.953568 -65.397005 -68.915387;
7743205  30.854931 -64.154617 -66.897308;
7769610  31.731358 -62.803322 -65.846290;
7796055  32.592442 -62.571115 -65.531712;
7821396  33.378525 -61.630178 -65.437410;
7847828  34.131790 -60.979338 -63.595626;
7873174  34.874306 -60.524380 -62.218526;
7899611  35.530594 -59.415934 -61.351267;
7925166  36.251053 -59.241877 -61.090929;
7951583  36.639645 -58.730412 -61.012816;
7978022  37.041344 -58.547493 -59.918739;
8003424  37.325512 -57.940049 -59.260353;
8029843  37.482967 -58.068750 -58.560863;
8055188  37.531368 -58.074315 -58.350853;
8081645  37.445080 -58.189312 -58.369696;
8108046  37.233425 -58.459016 -58.375355;
8133375  36.804157 -58.568782 -58.351800;
8159780  36.392319 -59.905396 -58.558928;
8185159  35.874298 -59.804510 -59.183729;
8211613  35.290775 -60.687282 -59.418657;
8238038  34.607819 -61.607605 -59.489084;
8263561  33.770691 -62.025919 -59.510207;
8290023  32.962139 -62.983851 -60.953736;
8315352  32.028091 -63.818549 -61.726032;
8341776  31.134035 -65.435274 -62.594299;
8368170  30.169054 -66.339212 -62.853926;
8394620  29.184216 -66.692985 -62.931734;
8421095  28.162962 -67.971383 -65.313856;
8446425  27.111238 -68.600588 -66.281680;
8472902  26.105000 -70.190948 -67.464494;
8498283  25.056429 -71.036268 -67.819327;
8524768  24.056688 -71.925525 -67.925767;
8551170  23.019123 -73.509647 -70.104079;
8577573  22.013832 -73.968063 -71.380675;
8604003  21.008503 -75.006938 -72.868751;
8629330  20.021515 -75.966302 -73.317196;
8655744  19.079195 -76.334578 -73.451896;
8682182  18.108934 -76.931614 -75.214083;
8708603  17.205198 -78.806784 -75.999482;
8735005  16.302044 -80.132753 -76.633078;
8760342  15.428158 -80.510068 -76.822648;
8786771  14.606156 -81.068700 -76.879472;
8813211  13.756797 -81.783178 -79.408881;
8839611  12.952698 -82.699561 -80.577645;
8866023  12.149816 -83.135271 -81.422115;
8891353  11.364310 -83.546831 -81.674916;
8917771  10.629160 -84.775692 -81.724467;
8944179  9.868886 -85.988329 -82.976080;
8970579  9.124624 -86.432825 -84.283288;
8996981  8.380588 -87.390309 -85.469212;
9022362  7.634479 -88.147144 -85.823782;
9048768  6.907924 -88.570863 -85.930208;
9075214  6.147995 -89.212373 -87.486675;
9101768  5.378437 -90.020497 -88.244896;
9128191  4.605736 -90.914299 -88.922290;
9154604  3.818290 -91.456853 -89.125364;
9181021  3.019851 -92.625061 -89.185454;
9206360  2.227341 -93.348219 -90.788399;
9232823  1.520557 -93.681140 -92.076886;
9258187  0.782421 -95.073933 -92.932417;
9284602  0.098949 -95.136536 -93.189833;
9311059 -0.592277 -95.691668 -93.274189;
9336410 -1.271273 -96.610880 -94.571437;
9362984 -1.916466 -96.933574 -95.339472;
9388319 -2.592784 -97.587287 -96.170604;
9414725 -3.259617 -98.282575 -96.438626;
9441179 -3.954639 -98.925598 -96.519279;
9467732 -4.672734 -99.673670 -97.754952;
9494172 -5.438514 -100.214408 -98.551309;
9520591 -6.201036 -101.325242 -99.337700;
9547014 -6.983119 -102.033479 -99.584085;
9572390 -7.775405 -102.625444 -99.690256;
9598805 -8.532811 -103.507875 -101.343033;
9625217 -9.307920 -104.153017 -102.172836;
9651650 -10.082941 -104.737700 -103.006387;
9678054 -10.845664 -105.856862 -103.345398;
9703427 -11.606341 -106.406931 -103.454545;
9729853 -12.331119 -107.032483 -105.136570;
9755942 -13.082343 -107.675913 -106.018553;
9781555 -13.823988 -108.429349 -106.639637;
9807970 -14.548582 -109.231480 -106.914118;
9833309 -15.289815 -109.876373 -107.109863;
9859761 -15.990409 -110.894215 -108.597861;
9886163 -16.715315 -111.448808 -109.376865;
9912576 -17.455780 -112.075327 -110.103971;
9939006 -18.196554 -112.573482 -110.524762;
9964415 -18.940226 -112.969487 -110.676207;
9990236 -19.660988 -113.997766 -111.966804;
10016680 -20.398167 -114.702910 -112.669888;
