396524  0.000000  0.000000  0.000000;
413354  0.004882 -94.479312 -94.479312;
438875  0.004882 -94.416265 -94.460415;
464462  0.011895 -94.294894 -94.411256;
490857  0.007208 -93.712147 -94.362096;
517416  0.002372 -94.528278 -94.401800;
543118 -0.004927 -94.076071 -94.355499;
568460 -0.009243 -94.366955 -94.323094;
594885 -0.015433 -94.323815 -94.323311;
621453 -0.013416 -94.308573 -94.323463;
647889 -0.011388 -94.545450 -94.339979;
674339  0.001931 -96.652011 -94.352462;
699835  0.025352 -93.196804 -94.351659;
726414  0.051821 -94.646467 -94.360643;
751769  0.083473 -94.033234 -94.366925;
778443  0.113666 -95.247377 -94.461533;
804870  0.156019 -94.102369 -94.437531;
831323  0.222187 -88.458436 -94.340299;
856855  0.332846 -99.374277 -94.352684;
883436  0.495003 -96.110975 -94.614917;
909954  0.663823 -94.403559 -94.792180;
935431  0.871918 -93.801985 -94.686762;
961901  1.115797 -94.180952 -94.588559;
988474  1.414443 -89.278766 -94.469055;
1015047  1.799853 -95.739778 -94.460065;
1040621  2.185263 -94.491555 -94.522345;
1067071  2.604208 -75.654840 -94.497385;
1093483  3.020544 -79.874102 -94.405318;
1119935  3.556445 -91.059079 -93.493777;
1145436  4.245812 -103.274649 -93.786613;
1172060  4.910396 -103.080470 -94.421391;
1197608  5.654242 -106.738373 -94.855462;
1224067  6.472948 -105.860199 -95.154397;
1249437  7.384672 -78.410870 -94.939518;
1276033  8.291020 -80.735690 -94.789253;
1301786  9.241167 -85.743746 -94.644399;
1327657  10.160805 -86.692502 -92.102734;
1353501  11.084656 -82.891434 -90.127532;
1380166  12.051340 -84.300282 -88.456843;
1405935  13.033263 -88.029019 -87.835673;
1431670  13.936162 -77.935501 -87.417723;
1458297  14.828440 -69.796263 -86.572507;
1483866  15.751644 -84.147364 -85.564792;
1509494  16.620209 -52.393369 -83.294475;
1536297  17.473953 -83.195974 -83.372294;
1562048  18.341471 -103.013941 -83.700925;
1587655  19.199314 -73.380595 -83.565430;
1614339  20.025051 -75.285843 -81.729133;
1639876  20.025051 -77.576573 -80.677329;
1665733  20.880444 -75.640249 -80.120185;
1692480  21.742607 -70.258376 -79.739072;
1719053  22.634445 -77.781789 -79.248648;
1744712  23.456383 -67.968680 -78.004200;
1771286  24.289223 -67.942524 -75.548558;
1797177  25.195580 -57.305387 -73.830625;
1822985  25.980610 -80.415111 -75.117853;
1848690  26.763124 -81.726340 -76.022191;
1875418  27.588432 -45.631954 -74.158049;
1901010  28.464539 -90.889259 -75.349337;
1926619  29.180723 -9.075248 -76.185267;
1953325  29.118166 -91.596218 -77.411527;
1978997  30.034325 -70.590625 -77.630378;
2004759  30.836624 -46.706624 -74.715482;
2030530  31.641735 -63.707965 -71.485182;
2057339  32.346405 -77.763016 -73.146145;
2083057  33.030750 -56.541011 -74.281171;
2108632  33.679394 -70.365251 -72.410960;
2135449  34.336143 -31.407888 -69.913322;
2162020  35.024788 -84.880650 -69.418994;
2187640  35.598396 -92.068686 -72.027856;
2213733  36.196068 -59.437508 -73.861400;
2239660  36.110420 -52.964240 -71.563599;
2265459  36.436981 -51.079266 -68.061342;
2292111  36.761929 -77.904582 -67.429978;
2317880  36.999557 -36.391626 -66.985436;
2343431  37.242298 -68.589304 -67.474721;
2370116  37.301983 -69.496864 -67.813051;
2395814  37.302799 -91.945699 -68.047855;
2421450  37.121933 -91.191001 -70.501749;
2448245  37.061661 -92.639654 -76.430284;
2473823  36.998661 -84.793719 -80.832977;
2499472  36.593708 -29.657961 -81.815639;
2526245  36.143383 -72.666467 -79.577140;
2551882  35.518406 -46.917596 -78.074678;
2578485  34.854191 -59.057489 -77.034808;
2605076  34.164951 -49.637928 -76.722503;
2630702  33.405788 -91.210540 -76.513784;
2657439  32.515724 -91.276109 -76.372253;
2683455  31.527067 -83.602352 -78.495092;
2710091  30.518202 -73.458670 -80.036969;
2735653  29.485294 -52.553576 -81.077242;
2762219  28.442131 -79.075448 -80.107894;
2787806  27.324331 -63.789969 -77.751241;
2814495  26.290304 -100.240397 -77.814824;
2841228  26.193735 -91.274426 -81.767144;
2867078  26.097006 -58.977804 -84.554054;
2892689  25.065769 -65.600739 -82.372482;
2918511  23.998709 -83.549305 -80.807799;
2945409  21.929794 -55.522998 -76.076505;
2971421  20.815273 -89.524799 -78.498547;
2998380  19.737463 -61.249418 -80.083692;
3023971  18.638523 -87.833462 -81.046546;
3051829  17.610586 -67.744849 -77.396115;
3077562  16.505623 -69.382928 -75.024309;
3104285  15.467660 -91.071638 -77.122462;
3130032  14.389765 -20.559516 -78.644916;
3155535  13.383077 -91.427526 -79.653462;
3182362  12.411627 -93.072653 -80.381186;
3208018  12.341181 -80.870789 -78.959918;
3233731  11.438325 -78.859359 -79.181123;
3260490  10.447491 -77.432315 -79.329396;
3287445  9.567100 -89.159652 -79.430139;
3314459  8.680260 -84.971638 -79.264308;
3340421  7.834784 -103.060276 -81.241188;
3367164  7.060680 -82.931993 -82.607518;
3392952  6.263289 -94.789304 -85.284335;
3418782  5.473507 -79.992479 -85.417729;
3445367  4.791280 -94.353904 -85.511527;
3470781  3.963695 -89.763579 -86.753151;
3497174  3.279651 -84.871107 -87.639704;
3522527  2.544273 -89.419155 -88.268780;
3548945  1.827035 -98.544543 -88.708565;
3575393  1.079668 -97.473696 -89.020348;
3600743  0.328221 -89.745905 -89.240977;
3627335 -0.391641 -79.059505 -89.393446;
3653043 -1.216602 -114.048482 -91.844354;
3678538 -1.940744 -85.779268 -91.207846;
3704951 -2.658885 -100.469376 -90.768414;
3730472 -3.343204 -92.149261 -91.139205;
3756905 -3.981424 -102.895673 -93.293141;
3783346 -4.669489 -98.538963 -94.866785;
3808681 -5.378350 -100.638306 -95.970273;
3835129 -6.057560 -84.511394 -96.712250;
3860547 -6.658394 -108.026866 -97.342224;
3887007 -7.235829 -106.863140 -98.392640;
3912512 -7.906822 -99.117342 -99.133448;
3938960 -8.559828 -107.386360 -99.654589;
3965401 -9.263224 -96.140787 -99.484751;
3990770 -9.974103 -82.549990 -99.222802;
4017304 -10.656161 -100.356639 -99.728068;
4042780 -11.457852 -108.675568 -100.154344;
4069323 -12.203852 -106.141214 -100.474599;
4094713 -12.994063 -114.885365 -100.698209;
4121276 -13.720489 -88.088809 -100.607899;
4146706 -14.576588 -98.401847 -100.535432;
4173309 -15.417136 -107.717414 -102.283979;
4198724 -16.296457 -108.763890 -103.320095;
4224827 -17.155523 -88.414264 -102.782379;
4251445 -18.066538 -123.620921 -104.158602;
4277921 -19.022348 -109.872481 -105.719461;
4303620 -19.984377 -113.816823 -106.907318;
4329876 -20.918173 -119.631969 -107.748229;
4356288 -21.881027 -118.597726 -108.378249;
4381651 -22.849602 -106.533748 -108.783897;
4408094 -23.754150 -134.062980 -111.223889;
4434478 -24.756561 -131.860855 -114.606038;
4460908 -25.675369 -123.023175 -116.620247;
4487394 -26.481989 -115.413309 -117.115054;
4512859 -27.290318 -122.037152 -118.344245;
4539257 -28.057766 -107.938805 -118.682813;
4564661 -28.686481 -119.101390 -118.915189;
4591202 -29.329533 -122.354683 -119.075640;
4616562 -29.917892 -128.270632 -119.718858;
4643120 -30.480072 -117.019071 -119.256863;
4668500 -30.959332 -129.530061 -121.148158;
4695182 -31.399122 -108.725744 -122.435103;
4720749 -31.715639 -129.197648 -123.680687;
4747037 -31.942425 -116.721841 -122.435768;
4773246 -32.069653 -133.307638 -124.168348;
4798742 -31.874786 -103.812781 -125.391263;
4825214 -31.685221 -135.036607 -125.860426;
4850705 -31.530430 -116.750858 -125.917177;
4877125 -31.248667 -80.705104 -124.700061;
4902487 -30.850954 -100.693440 -120.778102;
4928519 -30.366947 -126.321785 -122.525712;
4955189 -29.866577 -120.275059 -123.705349;
4980543 -29.103937 -128.029856 -124.510056;
5006980 -28.378929 -125.415497 -125.063185;
5033439 -27.589048 -127.380098 -125.218743;
5059982 -26.774273 -105.419937 -125.279860;
5086466 -25.882347 -120.526218 -125.321549;
5113053 -24.951971 -104.854356 -123.908736;
5138552 -23.989967 -116.709694 -122.481114;
5165034 -23.031128 -119.766947 -121.645091;
5190509 -22.016726 -115.129995 -120.935494;
5217156 -21.040897 -118.085880 -120.444329;
5242657 -19.999834 -113.272773 -119.375017;
5269009 -19.003544 -146.211840 -118.240317;
5294542 -18.033548 -96.132635 -117.464823;
5320861 -17.036007 -94.475159 -116.570331;
5347302 -16.112633 -80.025734 -115.944056;
5372808 -15.196684 -115.848317 -115.505693;
5399246 -14.313125 -109.360739 -113.490596;
5424643 -13.466301 -120.647642 -113.794303;
5451116 -12.659801 -106.323867 -113.630361;
5477338 -11.809027 -107.885900 -113.401862;
5502718 -11.041583 -89.633176 -111.735688;
5529219 -10.267396 -113.358983 -110.574304;
5554747 -9.557735 -96.310781 -109.560762;
5581505 -8.874130 -113.844371 -110.910131;
5607963 -8.211103 -101.418841 -111.695346;
5634433 -7.581363 -84.210759 -110.159661;
5661178 -6.893951 -98.514510 -107.923789;
5686607 -6.195314 -94.198159 -104.881882;
5713109 -5.531054 -100.615188 -103.592727;
5738603 -4.850499 -94.809226 -102.682144;
5765010 -4.196997 -101.140097 -102.068576;
5791467 -3.511624 -87.409239 -100.762836;
5817851 -2.830205 -96.907715 -99.652575;
5844296 -2.150666 -100.247968 -99.513497;
5869636 -1.465518 -92.400097 -99.416067;
5896084 -0.803970 -95.642788 -98.757908;
5921640 -0.121975 -94.149141 -97.846564;
5948067  0.554576 -90.958703 -96.701407;
5973810  1.254185 -93.262936 -95.838077;
5999440  1.967129 -101.612537 -96.180130;
6025998  2.682812 -77.261765 -95.481045;
6053840  4.272382 -93.683605 -94.961120;
6079576  4.272382 -91.589361 -94.458211;
6106158  5.102613 -66.081370 -94.110281;
6131619  6.040085 -74.781523 -93.868729;
6158077  6.938023 -75.473711 -89.386148;
6183474  7.917978 -100.492117 -86.160371;
6210208  8.841964 -85.058634 -85.857286;
6235763  9.845612 -92.091131 -87.720058;
6262501  10.825285 -70.191712 -89.029044;
6289226  11.850309 -85.141657 -87.956936;
6314831  12.865044 -29.436435 -87.026880;
6341408  13.854843 -80.435444 -84.874165;
6367076  14.865987 -85.617446 -85.024976;
6392808  15.833533 -80.902070 -85.206428;
6419483  16.803492 -51.073352 -83.753023;
6446305  17.837503 -82.707529 -82.746456;
6471991  18.705225 -67.937337 -81.655443;
6497792  19.539726 -83.746584 -81.756353;
6523800  20.351177 -69.795459 -81.824641;
6549533  21.169138 -96.462031 -81.871341;
6576123  21.912449 -59.241460 -81.058587;
6601677  22.680513 -80.800578 -80.859097;
6628495  23.254406 -75.186326 -80.750652;
6655207  23.739996 -72.301408 -80.676310;
6680775  24.223667 -53.674848 -78.970264;
6707576  24.512136 -92.188437 -77.169100;
6734255  24.814518 -20.770775 -75.590046;
6759845  25.028357 -76.675794 -75.913749;
6785466  24.985771 -66.260216 -76.594885;
6812140  24.943134 -17.839898 -75.644819;
6837920  24.838474 -80.653890 -74.972212;
6863747  24.449217 -47.678625 -72.892808;
6889561  24.144814 -86.594432 -74.332673;
6916192  23.630110 -67.011034 -76.233221;
6941800  23.102369 -79.482236 -77.249568;
6967609  22.412321 -63.841813 -75.004961;
6994389  21.716858 -46.453201 -71.358637;
7020010  21.088448 -77.230525 -72.849693;
7045892  20.444206 -61.021969 -73.857544;
7071661  19.812368 -136.343774 -73.862533;
7098339  19.106966 -51.643313 -70.465423;
7124466  19.045057 -85.738330 -71.445501;
7150499  18.320681 -70.435169 -72.308248;
7177129  17.598911 -88.351296 -76.537164;
7202778  16.812614 -30.167113 -76.958465;
7229487  16.103058 -91.368692 -77.259617;
7256447  15.319322 -80.022451 -77.857537;
7283091  14.566500 -83.487034 -79.593883;
7308869  13.792807 -73.768954 -80.945380;
7335471  13.090307 -59.142501 -80.493614;
7362291  12.331642 -78.182530 -79.706321;
7388045  11.566760 -85.812485 -79.705820;
7413592  10.678542 -67.375794 -79.839594;
7440354  9.929684 -77.061473 -79.930257;
7466295  9.181982 -78.931542 -79.793107;
7492225  8.295631 -78.832094 -79.544845;
7517940  7.409657 -89.353257 -80.123444;
7543624  6.496088 -82.570408 -81.109875;
7570326  5.583619 -86.886819 -82.455472;
7595986  4.612155 -95.122007 -83.400420;
7622437  3.678602 -85.665125 -83.871291;
7648848  2.658118 -91.436896 -84.546765;
7675269  1.639177 -91.863118 -86.640265;
7700613  0.645667 -98.467790 -88.272323;
7727203 -0.276390 -98.915755 -89.404510;
7752841 -1.195877 -106.537155 -90.196725;
7779286 -2.058175 -103.904934 -92.843846;
7804642 -2.947615 -111.398510 -96.112935;
7831239 -3.772943 -103.423756 -98.395804;
7856739 -4.571259 -92.540265 -99.544665;
7883360 -5.333534 -114.648441 -100.347260;
7908715 -6.138667 -100.023817 -100.683410;
7935113 -6.905510 -94.874296 -100.905265;
7960500 -7.721229 -120.058462 -101.616451;
7986473 -8.505706 -100.025010 -101.745575;
8013256 -9.279741 -97.459253 -100.909640;
8038613 -10.073827 -111.541703 -101.504785;
8065209 -10.822923 -100.278178 -101.934128;
8090870 -11.578574 -119.086608 -104.784678;
8117338 -12.307660 -109.491580 -106.770385;
8142760 -13.080688 -104.453252 -106.588821;
8169208 -13.831704 -113.476489 -108.083917;
8194562 -14.639681 -80.594297 -109.127175;
8220987 -15.352690 -96.067208 -109.855412;
8246639 -16.176102 -132.439965 -110.364036;
8273092 -17.001665 -113.118594 -110.719464;
8298515 -17.853008 -80.774796 -107.794707;
8324995 -18.665768 -102.114528 -105.895676;
8351475 -19.589130 -125.134685 -108.270962;
8377887 -20.466406 -96.417744 -106.267193;
8404466 -21.309977 -131.099356 -105.134602;
8430934 -22.158882 -122.696213 -111.670688;
8456451 -23.024042 -105.955715 -115.929154;
8482911 -23.799681 -106.587791 -118.740739;
8509357 -24.599136 -124.660755 -120.623781;
8534861 -25.257257 -111.695778 -117.942166;
8560508 -25.891937 -117.949181 -117.761991;
8586954 -26.562283 -100.929214 -117.632960;
8613380 -27.182047 -122.970230 -119.010670;
8638915 -27.746473 -113.783452 -118.703351;
8665364 -28.153864 -131.153611 -118.518846;
8690799 -28.575836 -116.978055 -118.231176;
8717235 -28.793684 -124.890947 -119.253228;
8742907 -29.020105 -121.770174 -121.430260;
8769259 -29.186287 -133.774442 -122.977790;
8794768 -29.220484 -107.849175 -122.569608;
8821280 -29.171024 -126.734780 -123.755168;
8846828 -28.912785 -118.021571 -124.329232;
8873502 -28.663935 -126.984759 -124.720170;
8899933 -28.259142 -133.366222 -125.223579;
8925644 -27.839878 -101.422910 -125.356057;
8952104 -27.304070 -125.958422 -125.472061;
8977514 -26.629845 -97.388103 -125.555288;
9003965 -25.982374 -124.999791 -125.712064;
9030455 -25.360876 -109.004095 -125.289427;
9056716 -24.602980 -112.429074 -121.859220;
9083179 -23.879299 -129.274376 -122.882888;
9108807 -23.072077 -112.988908 -123.127844;
9135332 -22.200333 -122.461667 -123.292970;
9160905 -21.304558 -113.312537 -123.408015;
9187396 -20.440931 -111.288959 -121.130304;
9213052 -19.566122 -106.382589 -117.792764;
9238519 -18.722412 -117.147759 -117.595480;
9264430 -17.907469 -108.413052 -117.458401;
9291007 -17.054581 -115.798953 -116.946967;
9317319 -16.209391 -94.790837 -114.965382;
9342920 -15.358569 -105.541624 -113.120709;
9369434 -14.530739 -49.350188 -111.811304;
9395885 -13.705769 -100.791938 -110.717713;
9422301 -12.970795 -113.760212 -109.957888;
9447709 -12.175088 -92.023989 -107.260195;
9473535 -11.403151 -48.926378 -103.952405;
9499949 -10.655182 -96.761007 -102.051790;
9525472 -9.839776 -99.999703 -101.575638;
9551931 -9.133315 -95.601520 -100.398984;
9578280 -8.337121 -104.151261 -99.583640;
9603619 -7.573201 -94.813736 -98.492466;
9630130 -6.838563 -91.538167 -97.728058;
9655622 -6.080875 -105.675909 -100.045788;
9682428 -5.352310 -106.045464 -101.624939;
9708844 -4.541582 -83.776757 -99.877887;
9735241 -3.739423 -97.947017 -99.282700;
9760733 -2.937840 -89.965600 -98.874307;
9787188 -2.096410 -85.762095 -98.592393;
9812535 -1.223193 -88.237368 -96.033590;
9838957 -0.392740 -98.559515 -94.224293;
9865398  0.470110 -92.299246 -93.650590;
9890977  1.308956 -79.329594 -93.226805;
9916468  2.168098 -79.738913 -92.931082;
9943365  3.024284 -98.012178 -92.740031;
9968859  3.873080 -76.425653 -90.645758;
9995277  4.697061 -100.965217 -91.137431;
