397792  0.000000  0.000000  0.000000;
418480 -0.006317 -95.301657 -95.301657;
444760 -0.006317 -95.655017 -95.302920;
470225 -0.015545 -95.082675 -95.286465;
496714 -0.021377 -95.132092 -95.271656;
523155 -0.027443 -94.954295 -95.257576;
548891 -0.026636 -95.876266 -95.244907;
574258 -0.027421 -95.386303 -95.234256;
600704 -0.038653 -95.133155 -95.224055;
627144 -0.044709 -95.313995 -95.231692;
652545 -0.050764 -95.215221 -95.238565;
678965 -0.052703 -95.124940 -95.232504;
704316 -0.054720 -95.389685 -95.227797;
730770 -0.057429 -95.476592 -95.237293;
757204 -0.062679 -95.314629 -95.245842;
783637 -0.071154 -95.350935 -95.253538;
810155 -0.070751 -95.234984 -95.261217;
835704 -0.070346 -94.845720 -95.265408;
862216 -0.068006 -95.360334 -95.272157;
888661 -0.074482 -96.098840 -95.279951;
915102 -0.080942 -95.257420 -95.286966;
940480 -0.089419 -95.306712 -95.290556;
966924 -0.097555 -95.289816 -95.293434;
992311 -0.100785 -94.525311 -95.290927;
1018758 -0.101173 -95.387890 -95.293364;
1045191 -0.101577 -95.382483 -95.301004;
1070361 -0.106823 -95.227319 -95.302431;
1096858 -0.111818 -95.562313 -95.304474;
1122265 -0.121123 -94.859362 -95.300865;
1148702 -0.123450 -95.461171 -95.309874;
1175178 -0.125872 -96.141393 -95.319946;
1200705 -0.125467 -95.446107 -95.329770;
1227121 -0.125078 -95.414917 -95.338014;
1252484 -0.133547 -95.152090 -95.343309;
1278961 -0.141679 -94.487337 -95.346035;
1304336 -0.148146 -95.365386 -95.348360;
1330914 -0.149696 -95.186611 -95.350578;
1356524 -0.148884 -95.468765 -95.354231;
1383008 -0.154749 -95.092680 -95.336219;
1408386 -0.160814 -95.327026 -95.332254;
1434823 -0.163526 -95.535049 -95.339569;
1460206 -0.166352 -95.129474 -95.336540;
1486664 -0.167127 -95.344133 -95.334576;
1512698 -0.169147 -95.461772 -95.335530;
1538606 -0.174711 -95.223372 -95.335625;
1565029 -0.181435 -95.385876 -95.343203;
1590644 -0.188293 -95.689143 -95.350656;
1616542 -0.191422 -94.647677 -95.349241;
1643010 -0.196166 -95.380707 -95.352390;
1668348 -0.201420 -95.195280 -95.354841;
1694861 -0.300451 -95.279611 -95.356537;
1720429 -0.304498 -95.479760 -95.358572;
1746850 -0.310744 -95.345409 -95.356707;
1772220 -0.317198 -95.431826 -95.359490;
1798709 -0.321071 -95.374968 -95.365309;
1825132 -0.325115 -95.433752 -95.370544;
1850491 -0.329956 -95.362557 -95.374664;
1876916 -0.333441 -95.074511 -95.377828;
1902330 -0.341913 -95.113582 -95.367746;
1928773 -0.348121 -95.255717 -95.358671;
1959493 -0.354580 -94.619231 -95.350503;
1985714 -0.359270 -95.170515 -95.332521;
2012265 -0.362473 -94.586920 -95.316333;
2038705 -0.370985 -95.484984 -95.301889;
2064555 -0.379462 -95.194045 -95.291104;
2091019 -0.383803 -95.108486 -95.281398;
2116428 -0.388248 -95.331402 -95.272788;
2142888 -0.392903 -95.215055 -95.265038;
2168225 -0.396539 -95.323793 -95.260661;
2196212 -0.400407 -95.237259 -95.258817;
2221652 -0.406389 -95.357774 -95.265322;
2248094 -0.414157 -96.093727 -95.271176;
2273459 -0.417790 -95.275920 -95.270268;
2300109 -0.419726 -95.049794 -95.267463;
2325572 -0.412403 -95.416916 -95.273101;
2351987 -0.412791 -95.334684 -95.278174;
2377337 -0.413195 -95.048657 -95.280019;
2403780 -0.425966 -96.044773 -95.282812;
2430246 -0.451400 -95.592526 -95.296082;
2456701 -0.473219 -96.139073 -95.325713;
2483162 -0.458275 -95.087748 -95.351364;
2508600 -0.443328 -95.457847 -95.359146;
2535065 -0.432454 -95.307009 -95.365045;
2560483 -0.440535 -95.135922 -95.357856;
2586937 -0.463430 -95.387646 -95.364224;
2612835 -0.456160 -95.359896 -95.369954;
2638236 -0.449043 -95.078470 -95.368949;
2665262 -0.442063 -95.143933 -95.361242;
2691738 -0.434636 -95.438308 -95.361235;
2718185 -0.480682 -95.119682 -95.361229;
2744127 -0.480682 -95.483243 -95.362662;
2769881 -0.502070 -96.005372 -95.366118;
2795253 -0.496565 -94.882126 -95.362436;
2821699 -0.491142 -95.940590 -95.369102;
2848188 -0.493564 -95.212575 -95.373826;
2873545 -0.513785 -95.223448 -95.374627;
2900112 -0.555208 -96.670590 -95.378796;
2925515 -0.611992 -96.018829 -95.382549;
2951978 -0.666289 -96.998841 -95.452381;
2978166 -0.690530 -97.498797 -95.572266;
3003542 -0.714519 -93.305597 -95.674373;
3030084 -0.754423 -94.574388 -95.709205;
3055468 -0.810749 -94.563016 -95.598440;
3081667 -0.858029 -94.854429 -95.532567;
3108092 -0.928826 -92.444624 -95.471262;
3133481 -1.000234 -92.619511 -95.408365;
3159939 -1.125047 -94.035288 -95.269302;
3185283 -1.255116 -95.309899 -95.149701;
3211709 -1.464059 -97.094411 -95.162719;
3238109 -1.817481 -98.251734 -95.248597;
3263481 -2.321298 -95.785993 -95.325864;
3289895 -3.017769 -93.248235 -95.353055;
3315265 -3.742843 -96.672076 -95.377615;
3341456 -4.533381 -100.888765 -95.508356;
3367983 -5.349500 -94.316079 -95.620731;
3393366 -6.141260 -96.534548 -95.721508;
3419634 -6.827958 -104.664770 -95.817116;
3446089 -7.566269 -110.921995 -95.908759;
3471426 -8.479068 -101.931779 -96.487452;
3497893 -9.353292 -109.846614 -97.264534;
3523283 -10.269736 -103.593627 -97.959316;
3549730 -11.177187 -108.794049 -98.596857;
3576169 -12.052563 -105.516219 -99.173614;
3602198 -12.798102 -104.562421 -99.726284;
3627566 -13.198670 -107.350803 -100.314215;
3654031 -13.589067 -111.516104 -100.988238;
3679447 -13.982607 -111.392435 -101.622369;
3706171 -14.360549 -109.227565 -102.208032;
3731255 -14.807309 -108.325769 -102.820970;
3757707 -15.198313 -108.740888 -103.429839;
3783313 -15.550064 -108.126892 -103.977327;
3809858 -15.838181 -109.655710 -104.472317;
3835259 -16.136862 -111.336130 -104.917861;
3861686 -16.496353 -111.917472 -105.393691;
3888119 -16.870365 -111.385856 -105.961073;
3913502 -17.276344 -110.568207 -106.470717;
3939943 -17.661547 -111.134486 -106.918073;
3965315 -18.050694 -112.851821 -107.335475;
3991791 -18.434566 -113.314513 -107.745208;
4018280 -18.835142 -114.159838 -108.224538;
4044858 -19.233892 -114.761466 -108.695715;
4070412 -19.631142 -113.307668 -109.131336;
4096998 -19.972511 -113.168300 -109.533876;
4122401 -20.240807 -115.306186 -109.906241;
4148393 -20.497164 -115.544866 -110.331672;
4174845 -20.777321 -114.857199 -110.767059;
4200941 -21.083437 -117.811793 -111.158699;
4227053 -21.405354 -115.565700 -111.510975;
4253059 -21.727070 -115.667179 -111.915589;
4279108 -22.047480 -116.203278 -112.304950;
4304465 -22.391485 -116.719278 -112.660214;
4330261 -22.726353 -116.796226 -112.987736;
4356724 -23.067017 -117.193530 -113.285196;
4383229 -23.407198 -117.355621 -113.654088;
4409797 -23.735779 -118.233261 -113.992421;
4436234 -24.032286 -118.280292 -114.315611;
4462800 -24.327332 -118.721989 -114.626315;
4489261 -24.612865 -119.042091 -114.925280;
4515649 -24.878283 -119.245225 -115.299929;
4542111 -25.142969 -118.823055 -115.642326;
4567463 -25.396276 -119.269773 -115.976512;
4593964 -25.625025 -119.978541 -116.285783;
4619335 -25.852407 -120.312964 -116.582057;
4645801 -26.054602 -120.756417 -116.919466;
4672240 -26.255823 -121.354955 -117.259780;
4698703 -26.451189 -120.921557 -117.589005;
4724276 -26.646732 -120.525894 -117.865193;
4750790 -26.824768 -120.614891 -118.129266;
4777219 -27.007330 -120.566700 -118.371503;
4803643 -27.177202 -121.413540 -118.597049;
4830147 -27.350269 -120.609644 -118.798708;
4855581 -27.523861 -121.602282 -118.997423;
4882033 -27.695881 -121.575598 -119.176391;
4907430 -27.874382 -121.677631 -119.402544;
4933871 -28.057007 -122.113564 -119.625872;
4961388 -28.262480 -122.137177 -119.833862;
4988047 -28.476315 -122.031649 -120.025017;
5013664 -28.700983 -122.080892 -120.203865;
