386109  0.000000  0.000000  0.000000;
397564  0.000000 -95.457237 -95.457237;
423932 -0.009269 -96.169544 -95.457237;
450370 -0.022956 -95.346686 -95.401820;
475756 -0.035065 -96.041889 -95.722457;
502192 -0.043592 -95.293054 -95.871810;
527591 -0.049242 -95.529770 -95.700815;
554005 -0.051957 -95.425359 -95.567636;
579403 -0.050747 -95.308639 -95.462416;
605832 -0.047257 -95.278664 -95.409861;
632309 -0.043626 -95.016525 -95.372720;
657703 -0.038775 -95.459760 -95.365039;
684308 -0.027144 -95.112363 -95.347594;
709655 -0.014146 -95.721746 -95.357570;
735781  0.000946 -95.121098 -95.357457;
762201  0.016502 -95.166747 -95.357400;
787621  0.034653 -96.118708 -95.362480;
814080  0.055610 -95.166820 -95.269637;
839466  0.084291 -95.033060 -95.212627;
865913  0.118397 -95.360774 -95.272671;
892344  0.168465 -95.054753 -95.302677;
917741  0.243924 -95.108258 -95.239789;
944208  0.316432 -95.035879 -95.174096;
969580  0.402904 -94.903062 -95.120690;
996038  0.499356 -94.959015 -95.082409;
1021407  0.622962 -95.286794 -95.116626;
1047870  0.771303 -94.469478 -95.079230;
1074321  0.926040 -94.455886 -95.019700;
1099699  1.094035 -94.137395 -94.748749;
1126143  1.272649 -93.820186 -94.613346;
1151558  1.715458 -93.858424 -94.545664;
1178018  1.715458 -92.778942 -94.345707;
1204448  1.994601 -93.446298 -94.102245;
1230887  2.310954 -92.913852 -93.781833;
1257375  2.667376 -92.470920 -93.618056;
1282770  3.075817 -92.018617 -93.535413;
1309194  3.551150 -91.640316 -93.152876;
1334583  4.045743 -91.073845 -92.585902;
1361061  4.617092 -90.460375 -92.118221;
1386449  5.212948 -89.761726 -91.883093;
1412882  5.834276 -89.223098 -91.765596;
1439321  6.532834 -88.418022 -91.112665;
1464866  7.280795 -88.028471 -90.169917;
1490903  8.098235 -86.675276 -89.305660;
1517394  8.931419 -86.075589 -88.872850;
1543857  9.812700 -84.623370 -88.656296;
1570313  10.717694 -84.764719 -87.681388;
1595674  11.639817 -83.813067 -86.232802;
1622084  12.526872 -82.493321 -85.425241;
1647439  13.450617 -82.078031 -85.021645;
1673967  14.327009 -80.772469 -84.819910;
1700386  15.244757 -79.564408 -83.656348;
1726532  16.151876 -78.680020 -82.230271;
1752984  17.029663 -77.888316 -80.878051;
1779437  17.917723 -77.657286 -80.202343;
1805862  18.794508 -76.750466 -79.864671;
1832371  19.635267 -75.661416 -78.875358;
1857756  20.478699 -74.257664 -77.828095;
1884250  21.250326 -73.921194 -76.728457;
1909607  22.055662 -72.962572 -76.179368;
1936049  23.546864 -72.383439 -75.905050;
1961425  23.546864 -71.717430 -74.859097;
1987902  24.215162 -70.703077 -73.638929;
2014339  24.699429 -70.231953 -72.657384;
2039698  25.182962 -70.247936 -72.167678;
2066144  25.520954 -69.615970 -71.923122;
2091603  25.748672 -69.601265 -71.206503;
2118043  25.830297 -69.518299 -70.496441;
2143419  25.649052 -69.944353 -70.265877;
2169870  25.475100 -69.978796 -70.154780;
2196338  25.176264 -70.139406 -70.147085;
2221684  24.751564 -70.754259 -70.143244;
2248159  24.236517 -71.574877 -70.141325;
2273520  23.553421 -72.053915 -70.509450;
2299969  22.899069 -72.297909 -71.043964;
2326403  22.185551 -73.830265 -71.508551;
2352842  21.472439 -74.186991 -71.741047;
2379290  20.760805 -74.927617 -71.857343;
2404685  20.070734 -75.511453 -73.019772;
2431103  19.408138 -76.731116 -73.958897;
2456593  18.759586 -76.647028 -74.748415;
2483055  18.133816 -77.275144 -75.143594;
2508424  17.497112 -78.738965 -75.341271;
2534855  16.879736 -78.795962 -76.342676;
2560816  16.219566 -79.043792 -77.501977;
2587277  15.541806 -80.151549 -78.158783;
2612691  14.850992 -80.654876 -78.486839;
2639137  14.170441 -81.453838 -78.650772;
2664509  13.343549 -81.282039 -79.664931;
2690942  12.635844 -82.900074 -80.473692;
2716800  11.890474 -83.334093 -80.964394;
2742398  11.161318 -84.458257 -81.209277;
2768833  10.451609 -85.271462 -81.331599;
2795443  9.718693 -84.916290 -82.889367;
2821928  8.964269 -86.317897 -83.897749;
2848333  8.204088 -88.278193 -84.586660;
2873702  7.443382 -87.983229 -84.931286;
2900110  6.752416 -88.364663 -85.103630;
2925475  6.033151 -89.064858 -86.545677;
2951907  5.360107 -89.842808 -87.457065;
2982416  4.676104 -90.666036 -88.260588;
3009070  3.908488 -91.291425 -88.661979;
3034491  3.267164 -92.001596 -88.862566;
3060972  2.700528 -92.456074 -90.077683;
3087419  2.110264 -92.800313 -91.041259;
3113866  1.538928 -93.423370 -91.748600;
3140295  0.991011 -94.009228 -92.102114;
3165640  0.443467 -94.693174 -92.280181;
3192060 -0.078137 -94.944084 -93.158978;
3217397 -0.621865 -95.749066 -93.920035;
3243859 -1.140210 -96.064181 -94.423365;
3270297 -1.674702 -96.569690 -94.682744;
3295646 -2.199022 -96.991486 -94.812725;
3322082 -2.683168 -97.588206 -95.691248;
3347502 -3.188076 -98.007651 -96.347840;
3373972 -3.665816 -98.173946 -96.954276;
3400436 -4.160058 -99.033163 -97.259576;
3426869 -4.649339 -99.467304 -97.416586;
3453357 -5.144100 -99.730947 -98.225020;
3478723 -5.639890 -100.326711 -98.818462;
3505134 -6.120876 -100.992514 -99.256581;
3530595 -6.616435 -101.311828 -99.482139;
3557044 -7.085617 -101.410866 -99.612093;
3582440 -7.569371 -102.205604 -100.457514;
3608554 -8.033866 -102.724337 -100.939985;
3635029 -8.508702 -102.991669 -101.529127;
3660612 -8.990103 -103.563554 -101.852378;
3687046 -9.962301 -104.023686 -102.027219;
3712411 -9.962301 -104.888641 -102.796770;
3738948 -10.450626 -105.209380 -103.393172;
3764390 -10.987039 -105.471390 -103.955249;
3790875 -11.501317 -105.875829 -104.312771;
3817350 -12.044765 -106.410881 -104.494385;
3842730 -12.607409 -107.092991 -105.222333;
3869188 -13.167706 -107.875173 -105.797778;
3894564 -13.786944 -108.098445 -106.400526;
3921022 -14.380859 -108.033515 -106.716673;
3946420 -15.009792 -109.499116 -106.904527;
3972919 -15.615079 -110.150680 -107.467831;
3999348 -16.247009 -110.526604 -108.447771;
4024721 -16.857498 -111.387457 -109.167855;
4051185 -17.443596 -110.836853 -109.626951;
4076619 -17.998329 -112.512841 -109.890330;
4103051 -18.531473 -113.022184 -110.363572;
4128441 -19.061728 -113.487346 -111.291458;
4154875 -19.545494 -113.797544 -111.904040;
4181339 -20.008795 -114.515942 -112.387486;
4206754 -20.402321 -113.880497 -112.681693;
4233173 -20.780249 -115.011101 -113.281244;
4258719 -21.155357 -116.115555 -113.914544;
4285181 -21.508711 -115.828924 -114.429728;
4310550 -21.863018 -116.185264 -114.720479;
4336969 -22.187973 -116.088809 -114.964043;
4363429 -22.503387 -116.756223 -115.574600;
4389895 -22.759100 -116.885076 -115.886110;
4416333 -22.940928 -117.153986 -116.306743;
4441714 -23.146378 -116.597151 -116.430262;
4468142 -23.099878 -116.904226 -116.504392;
4493736 -23.051460 -116.762285 -116.658200;
4520179 -22.857258 -117.026831 -116.753362;
4545564 -22.656614 -116.591017 -116.800894;
4572031 -22.399664 -116.204825 -116.806290;
4597413 -22.078020 -116.191331 -116.668055;
4623824 -21.723835 -115.367911 -116.472883;
4650296 -21.283518 -115.013588 -116.338696;
4675706 -20.842184 -114.288246 -116.165919;
4702250 -20.366182 -113.946309 -115.767101;
4727390 -19.868938 -113.161637 -115.109602;
4753829 -19.376118 -113.076240 -114.527174;
4780296 -18.833614 -112.538811 -114.202856;
4805727 -18.259422 -111.791052 -113.971800;
4832147 -17.650631 -111.234557 -113.457705;
4857534 -17.018164 -110.811401 -112.683900;
4883989 -16.396473 -110.004437 -111.958788;
4909395 -15.739339 -109.444409 -111.556311;
4935916 -15.103219 -107.896617 -111.264126;
4962348 -14.426225 -108.354533 -110.726027;
4987690 -13.751502 -107.338557 -109.532447;
5014132 -13.110021 -106.433988 -108.765325;
5039518 -12.440695 -105.924512 -108.297424;
5065963 -11.161351 -105.465497 -108.024821;
5092411 -11.161351 -104.826436 -107.232399;
5118878 -10.524177 -104.213806 -106.382581;
5145336 -9.907557 -103.613818 -105.657205;
5170701 -9.322249 -103.164532 -105.245775;
5197131 -8.781646 -102.552391 -105.035705;
5222514 -8.228835 -101.994465 -104.356456;
5249170 -7.697924 -101.493615 -103.497248;
5274533 -7.137944 -101.016760 -102.729010;
5301008 -6.605128 -100.288903 -102.306670;
5326407 -6.059056 -99.936823 -102.086410;
5352558 -5.532463 -99.489810 -101.542664;
5378996 -4.980696 -98.807698 -100.754204;
5405401 -4.417627 -98.116010 -100.127362;
5431881 -3.855261 -97.795650 -99.802807;
5457959 -3.303022 -97.172906 -99.615482;
5483565 -2.773101 -96.532810 -98.886841;
5510020 -2.257854 -95.998229 -98.046373;
5535392 -1.737235 -95.788616 -97.273541;
5562207 -1.237930 -94.908486 -96.884989;
5587700 -0.720462 -94.430806 -96.686927;
5614174 -0.230062 -94.098544 -96.238121;
5639574  0.271933 -93.741043 -95.351638;
5665930  0.738440 -92.998910 -94.708610;
5692370  1.208825 -92.784488 -94.388095;
5717758  1.666983 -92.449423 -94.228095;
5744227  2.099936 -91.925188 -93.617485;
5769601  2.556173 -91.702013 -93.031718;
5796058  3.003220 -91.049498 -92.479867;
5821421  3.487120 -90.707741 -92.203566;
5847885  4.000963 -90.267389 -92.064833;
5874342  4.537112 -89.677983 -91.557006;
5899718  5.108260 -89.074317 -90.912294;
5926177  5.682416 -88.516322 -90.295009;
5951534  6.316220 -87.914427 -89.986347;
5977509  6.982471 -87.173939 -89.832256;
6003800  7.664958 -86.317828 -89.166796;
6030246  8.380635 -85.220137 -88.156343;
6055638  9.131217 -84.989818 -87.232695;
6082104  9.878633 -84.144509 -86.770838;
6107483  10.679887 -84.031186 -86.539927;
6133923  11.493177 -82.773816 -85.766538;
6160352  12.340468 -81.671368 -84.899035;
6185763  13.212423 -81.205799 -83.838585;
6212229  14.065535 -79.794901 -83.306696;
6237601  14.978713 -78.758851 -83.040375;
6264034  15.895592 -77.975281 -82.111084;
6289407  16.850811 -77.166304 -80.448589;
6315880  17.760752 -76.311419 -79.224442;
6342356  18.710142 -75.219416 -78.611572;
6367736  19.657619 -74.936815 -78.304998;
6394200  20.543789 -73.592759 -77.307132;
6419569  21.467806 -72.353694 -76.119810;
6446055  22.353203 -71.990299 -74.875663;
6471431  23.277584 -70.931928 -74.253606;
6497935  24.147730 -70.228726 -73.942646;
6524372  25.047651 -68.761172 -72.891307;
6549737  25.932383 -68.545174 -71.556511;
6576220  26.747547 -67.783264 -70.177399;
6601647  27.598642 -66.916629 -69.488762;
6628090  28.375040 -64.995325 -69.144760;
6653540  29.142492 -65.879494 -68.463411;
6679980  29.821676 -64.041639 -67.165000;
6705727  30.323027 -63.521081 -66.076751;
6731530  30.811237 -63.550215 -65.535141;
6757957  31.070450 -62.813320 -65.265003;
6784441  31.335930 -62.841158 -64.609326;
6810941  31.450762 -62.655223 -63.780356;
6836383  31.286098 -63.248848 -63.515048;
6862846  31.128008 -63.070402 -63.382059;
6889281  30.749849 -63.501165 -63.441625;
6914717  30.372091 -63.987868 -63.471399;
6941161  29.921621 -65.029625 -63.486283;
6966524  29.375784 -65.225930 -63.736859;
6992975  28.879753 -65.796671 -64.382834;
7018382  28.145182 -66.567512 -64.805098;
7044831  27.439604 -68.095559 -65.015696;
7071280  26.647345 -68.015266 -65.120859;
7096629  25.813494 -69.489837 -66.447947;
7123170  24.979879 -70.284747 -67.386189;
7148525  24.057224 -70.704980 -68.435115;
7174966  23.175798 -71.614187 -68.961793;
7201392  22.219885 -72.813957 -69.225650;
7227966  21.264515 -74.111143 -70.422121;
7254444  20.301765 -74.328071 -71.621139;
7280919  19.334005 -75.190868 -72.796577;
7307389  18.366354 -76.506466 -73.385453;
7333856  17.397268 -77.099360 -73.680127;
7360276  16.435162 -78.803556 -75.092500;
7385655  15.474764 -79.460375 -76.102124;
7412087  14.589792 -80.084095 -77.431561;
7437507  13.668102 -81.269436 -78.096316;
7463934  12.806539 -82.101050 -78.428624;
7489792  11.942719 -82.389087 -79.848477;
7515392  11.132633 -83.632996 -80.979458;
7541897  10.361897 -84.077253 -81.684821;
7568347  9.587790 -84.819560 -82.037105;
7593713  8.845978 -85.316174 -82.208496;
7620171  8.134568 -85.998457 -83.509604;
7645603  7.414749 -86.950654 -84.417145;
7672109  6.727891 -87.229597 -85.207152;
7697586  6.017692 -88.403026 -85.602661;
7723878  5.336231 -88.892572 -85.800525;
7750363  4.632970 -89.486911 -87.095346;
7775744  3.931421 -90.321552 -88.005051;
7802199  3.262215 -90.703522 -88.747580;
7828130  2.577616 -91.491923 -89.116769;
7853598  1.924392 -92.557224 -89.301058;
7880284  1.310050 -92.798308 -90.394594;
7905642  0.724180 -93.236868 -91.475125;
7932174  0.167465 -94.127280 -92.137321;
7957595 -0.408948 -95.299410 -92.468566;
7984057 -0.952685 -94.918622 -92.635071;
8009420 -1.519901 -95.573612 -93.771859;
8035871 -2.039552 -96.255740 -94.530547;
8062351 -2.581495 -96.848233 -95.052429;
8087781 -3.114733 -96.970998 -95.313113;
8114218 -3.623333 -97.661434 -95.449873;
8139603 -4.151266 -97.930810 -96.209686;
8166068 -4.653153 -98.241713 -96.928894;
8191452 -5.182857 -99.099659 -97.430256;
8217866 -5.699450 -99.487588 -97.687941;
8244316 -6.237006 -99.937513 -97.842991;
8269703 -6.772063 -100.279115 -98.651652;
8296137 -7.281353 -101.014506 -99.284837;
8321507 -7.811647 -101.341539 -99.782609;
8347946 -8.304329 -102.307040 -100.046503;
8374408 -8.817770 -102.444290 -100.204064;
8400832 -9.314690 -102.977350 -101.244720;
8427236 -9.789111 -103.391577 -101.858287;
8452807 -10.248259 -104.026951 -102.418629;
8479286 -10.687845 -104.292787 -102.705710;
8504649 -11.143042 -104.392487 -102.898034;
8531118 -11.578279 -105.943374 -103.599145;
8556496 -12.036940 -105.648591 -103.996012;
8582990 -12.477470 -105.519747 -104.717859;
8608383 -12.947082 -106.190653 -105.100464;
8634829 -13.397178 -106.970888 -105.309855;
8661256 -13.905506 -107.126225 -105.749408;
8686636 -14.413469 -108.549548 -106.338737;
8713261 -14.907895 -108.174170 -106.724811;
8738622 -15.425761 -109.525839 -106.917561;
8765074 -15.933756 -108.869196 -107.013863;
8790453 -16.496719 -110.031609 -108.023361;
8816892 -17.036846 -110.249208 -108.758490;
8843322 -17.610834 -110.885662 -109.259265;
8868728 -18.194715 -111.311959 -109.636448;
8895189 -18.768387 -112.054019 -109.861363;
8920557 -19.392139 -111.865111 -110.586282;
8947062 -19.990128 -113.182683 -111.160153;
8973460 -20.627462 -114.132326 -111.535720;
9000143 -21.262224 -114.790234 -111.794230;
9025507 -21.907097 -115.082588 -112.019225;
9052057 -22.535582 -115.912525 -113.409675;
9077490 -23.193455 -116.394929 -114.163875;
9103929 -23.833746 -117.050503 -114.961804;
9130379 -24.499363 -117.797212 -115.442800;
9155735 -25.166872 -118.239289 -115.820447;
9182224 -25.805611 -119.103141 -116.810303;
9207630 -26.464802 -119.015579 -117.425795;
9234051 -27.069891 -120.254956 -118.118612;
9259430 -27.699154 -120.593387 -118.566652;
9285864 -28.286552 -120.806136 -118.853571;
9312314 -28.863661 -122.121051 -119.749000;
9337706 -29.396296 -122.246987 -120.338639;
9364136 -29.784348 -123.217397 -121.036430;
9389499 -30.188263 -122.688330 -121.531677;
9415981 -30.420595 -123.632486 -121.906011;
9441420 -30.663177 -123.666943 -122.326453;
9467857 -30.804937 -123.667002 -122.772952;
9494290 -30.855391 -123.368668 -123.046891;
9519686 -30.803736 -122.748382 -123.150803;
9546094 -30.576529 -122.992051 -123.030699;
9571481 -30.340267 -123.260394 -123.145444;
9597938 -30.010429 -122.783438 -123.142993;
9624403 -29.584694 -122.313304 -123.048615;
9650963 -29.086102 -122.218507 -122.915951;
9677417 -28.468126 -120.768447 -122.666228;
9703566 -27.852617 -121.015315 -122.420586;
9730073 -27.199492 -119.972128 -122.188627;
9755502 -26.482386 -119.178115 -121.961632;
9781953 -25.794443 -117.840608 -121.259541;
9808423 -25.042507 -117.421828 -120.323956;
9834921 -24.290031 -116.676235 -119.091560;
9861371 -23.516533 -116.188895 -118.465731;
9886775 -22.729494 -114.726249 -117.985900;
9913214 -21.973579 -114.245844 -117.331610;
9938614 -21.187675 -113.561441 -116.202131;
9965046 -20.432655 -112.786055 -115.287903;
9990443 -19.651398 -111.925491 -114.766049;
10016892 -18.905773 -110.999447 -114.341563;
