388447  0.000000  0.000000  179.999750;
401405 -0.006331 -95.167982 -95.167982;
426896 -0.006331 -95.420095 -95.344419;
453288 -0.018784 -95.412630 -95.397389;
478777 -0.031275 -95.103372 -95.365479;
505164 -0.040225 -95.338653 -95.363671;
531775 -0.049894 -95.155663 -95.351489;
558195 -0.063707 -95.435690 -95.359469;
584607 -0.078228 -96.150139 -95.388371;
609929 -0.067744 -95.338774 -95.397022;
636382 -0.057693 -95.441551 -95.399615;
662179 -0.020941 -95.251138 -95.305317;
688578  0.048770 -95.201460 -95.267267;
714008  0.139453 -94.979742 -95.228144;
740409  0.220985 -95.140958 -95.177404;
765713  0.305629 -94.867795 -95.162185;
792113  0.389461 -94.737617 -94.951488;
818536  0.476923 -94.495123 -94.794614;
843892  0.566883 -95.014901 -94.938781;
870438  0.661726 -94.287974 -94.790844;
895782  0.777231 -94.364560 -94.487631;
922193  0.924265 -96.159503 -94.856711;
947729  1.077489 -94.931517 -94.957861;
974168  1.255266 -93.575631 -94.514054;
1000588  1.471622 -93.688689 -94.373671;
1025920  1.718478 -93.523392 -93.901236;
1052337  1.989588 -93.370209 -93.625036;
1078771  2.308609 -92.630091 -93.542134;
1105213  2.669403 -92.566387 -92.896404;
1131635  3.070271 -91.894528 -92.691050;
1157010  3.509562 -91.722250 -92.627000;
1183433  3.999629 -91.232954 -91.993787;
1208771  4.509936 -90.527950 -91.466686;
1235265  5.068919 -89.842696 -91.306015;
1261714  5.653405 -89.677829 -90.281938;
1288133  6.273241 -88.820044 -89.859350;
1314537  6.956908 -88.286873 -89.732800;
1339861  7.640187 -87.354846 -88.723275;
1366269  8.375936 -86.779014 -87.772315;
1392715  9.143179 -85.959058 -87.487944;
1419117  9.951094 -85.005884 -86.418370;
1445532  10.817724 -84.159849 -85.437667;
1470943  11.684781 -83.221986 -85.143728;
1497343  12.587163 -82.434555 -83.799654;
1524634  13.524665 -81.488783 -82.845811;
1550068  14.533807 -80.731383 -82.618874;
1576522  15.537965 -78.913142 -81.224831;
1601897  16.582394 -78.547419 -79.661182;
1628280  17.660152 -77.217575 -79.197247;
1654692  18.780725 -76.417039 -77.817072;
1680021  19.953337 -75.101146 -76.838396;
1706429  21.042290 -74.205984 -76.543563;
1731795  22.338097 -71.767508 -74.907552;
1758183  23.674168 -70.552448 -72.744197;
1784593  25.064070 -69.998998 -72.158960;
1809943  26.491823 -68.024636 -70.571277;
1836353  27.882784 -68.455515 -69.090714;
1862766  29.340776 -65.557576 -68.646100;
1889250  30.774740 -63.922320 -66.485461;
1915650  32.212559 -63.224495 -64.699871;
1940983  33.597450 -61.132086 -64.160207;
1967615  34.895813 -60.383944 -62.039031;
1993011  37.397011 -58.844138 -60.878829;
2019424  37.397011 -57.271386 -60.532254;
2044773  38.521278 -56.432632 -58.255233;
2071168  39.455902 -55.956784 -56.978656;
2097590  40.429092 -54.927683 -56.596361;
2122930  41.323406 -53.298773 -55.430113;
2149362  42.123455 -53.172593 -54.044046;
2175776  42.920853 -52.703284 -53.630417;
2202228  43.668510 -51.780192 -52.981505;
2228630  44.417244 -51.376315 -52.141382;
2253983  45.132717 -50.457650 -51.888618;
2280415  45.791508 -49.941268 -50.888426;
2305791  46.457352 -49.631362 -50.366472;
2332202  47.051266 -48.498248 -50.211217;
2358608  47.669403 -47.891715 -49.014008;
2383936  48.258396 -49.277034 -49.138034;
2410366  48.791252 -46.909440 -49.175752;
2436757  49.301693 -46.816204 -47.607133;
2463174  49.669556 -45.513940 -47.032052;
2489574  50.037781 -45.427288 -46.859619;
2515004  50.309841 -44.914342 -45.857716;
2541051  50.474457 -45.002665 -45.258102;
2567493  50.541264 -45.623047 -45.513406;
2592847  50.385841 -45.266906 -45.340571;
2619295  50.236813 -45.465021 -45.427596;
2645699  49.883904 -45.802809 -45.487910;
2671050  49.531582 -46.376101 -45.506007;
2697456  49.091908 -46.976492 -46.115431;
2722804  48.554920 -47.645528 -46.718125;
2749232  47.952374 -48.275490 -46.898979;
2775621  47.163567 -49.031128 -47.864128;
2801065  46.375927 -49.059103 -48.544365;
2827462  45.491020 -50.654584 -48.747219;
2852831  44.572968 -51.283233 -50.080074;
2879213  43.629086 -52.411416 -50.922301;
2905598  42.590321 -53.426696 -51.174958;
2931029  41.500278 -54.663909 -52.750834;
2957422  40.377819 -55.673428 -54.089559;
2982799  39.212902 -56.934459 -54.491578;
3009210  38.060284 -57.992942 -56.202476;
3035653  36.830055 -59.206044 -57.456695;
3060987  35.573711 -59.924568 -57.832158;
3087361  34.340660 -61.847183 -59.301814;
3112752  33.056992 -62.985301 -61.081224;
3139180  31.833960 -64.210246 -61.617212;
3165574  30.560978 -64.895437 -63.430784;
3190888  29.301722 -66.946790 -64.458254;
3217286  28.114475 -67.509538 -64.764485;
3243730  26.906616 -68.547009 -66.685733;
3270127  25.768919 -70.502151 -67.988737;
3296545  24.633244 -71.479114 -68.379549;
3321899  23.545870 -71.942247 -70.529548;
3348508  22.543709 -74.101881 -71.532397;
3373852  21.520786 -73.878258 -71.834188;
3400237  20.606081 -74.573559 -73.247454;
3426633  19.653805 -74.853700 -74.175499;
3452040  18.725714 -77.147002 -74.454125;
3478195  17.849463 -77.796122 -76.340196;
3504591  16.968977 -78.835903 -77.358966;
3530006  16.081587 -79.165254 -77.664946;
3556425  15.230669 -80.333341 -78.715002;
3581767  14.346137 -81.141620 -79.847153;
3608189  13.498051 -81.905113 -80.187430;
3634612  12.617048 -82.677469 -81.326861;
3659961  11.734802 -83.684317 -82.330966;
3686343  10.893448 -84.596066 -82.629844;
3712766  10.017807 -85.750462 -84.005190;
3739181  9.132334 -86.221820 -85.212528;
3765582  8.249146 -87.073689 -85.575481;
3790913  7.379726 -87.959835 -86.601356;
3817317  6.540903 -88.750374 -87.562797;
3843730  5.666548 -89.650998 -87.846848;
3870172  4.804395 -90.130091 -89.108939;
3896531  3.943315 -91.310713 -89.823666;
3921879  3.095400 -92.442734 -90.038216;
3948305  2.369789 -92.991299 -91.719981;
3974760  1.613320 -93.514136 -92.574791;
4001280  0.881869 -94.096394 -92.830400;
4027706  0.169271 -95.110150 -93.742332;
4053051 -0.504491 -95.484219 -94.700593;
4079462 -1.097294 -95.802035 -94.992340;
4104798 -1.715029 -96.531560 -95.558726;
4131216 -2.293308 -96.778602 -96.233323;
4157611 -2.896284 -97.751331 -96.452771;
4183082 -3.502765 -98.249563 -97.358952;
4209508 -4.098125 -98.751237 -97.957360;
4238807 -4.725087 -99.541583 -98.161730;
4268787 -5.440787 -100.194791 -99.122737;
4296662 -6.923898 -100.946191 -99.865417;
4322058 -6.923898 -101.910327 -100.095965;
4348491 -7.602030 -102.151733 -101.261962;
4373800 -8.362331 -102.795214 -101.884906;
4400267 -9.090303 -103.718495 -102.073699;
4426662 -9.874616 -104.465662 -103.225291;
4452016 -10.680167 -105.313108 -104.044275;
4478432 -11.483366 -105.783230 -104.296320;
4503788 -12.383123 -106.883195 -105.450700;
4530082 -13.246776 -107.758333 -106.432373;
4556503 -14.194162 -108.596053 -106.734127;
4581846 -15.146125 -109.780027 -108.141753;
4608279 -16.071241 -110.417615 -109.139470;
4634661 -17.045025 -111.661550 -109.644517;
4660012 -18.039486 -112.649388 -111.056963;
4686392 -19.004759 -113.926843 -112.074703;
4711752 -20.009212 -114.340811 -112.612530;
4738134 -20.944241 -114.582132 -113.840628;
4764538 -21.916950 -116.093824 -114.232881;
4789925 -22.885231 -117.155247 -114.653016;
4816326 -23.803814 -118.855976 -116.407866;
4842737 -24.747801 -118.713621 -117.882507;
4869137 -25.664324 -119.287181 -118.368714;
4895554 -26.580463 -120.729194 -119.109748;
4920933 -27.466139 -121.016409 -119.751302;
4947326 -28.290277 -122.974892 -120.629603;
4973729 -29.123974 -123.250228 -122.272806;
5000167 -29.905180 -123.754458 -122.804771;
5026603 -30.687422 -125.001514 -123.131889;
5051936 -31.442160 -125.922863 -124.444580;
5078329 -32.138332 -126.684011 -124.983444;
5104744 -32.848728 -127.990022 -125.778802;
5131248 -33.556084 -127.617820 -127.067458;
5157660 -34.265823 -127.511159 -127.446981;
5183012 -34.986408 -128.662725 -127.566576;
5209468 -35.673428 -129.816189 -128.334458;
5234845 -36.375420 -130.103088 -129.153353;
5261257 -37.014301 -130.626121 -129.810267;
5287717 -37.679237 -131.262858 -130.388471;
5314091 -38.333263 -131.860224 -130.655300;
5340491 -38.903023 -131.983111 -131.047958;
5365832 -39.473343 -133.347716 -131.959183;
5392251 -39.908203 -134.268067 -132.528079;
5418671 -40.361561 -133.996795 -133.185589;
5444025 -40.759274 -134.803053 -133.753084;
5470432 -41.073975 -134.676015 -134.123771;
5496535 -41.320305 -135.143379 -134.509678;
5521871 -41.339436 -134.987543 -134.796715;
5548325 -41.358002 -134.517837 -134.626840;
5574709 -41.262688 -134.938896 -134.831391;
5601120 -41.156345 -134.411922 -134.791414;
5627530 -40.837399 -134.489958 -134.779414;
5652850 -40.332180 -133.635451 -134.550131;
5679244 -39.847813 -133.108597 -133.909738;
5705651 -39.275608 -132.179446 -133.558479;
5731094 -38.638615 -131.350736 -133.004579;
5757652 -37.975155 -130.695788 -131.842558;
5782981 -37.221798 -130.782380 -131.333825;
5809380 -36.503304 -129.398749 -131.010210;
5835756 -35.726650 -129.536269 -130.118504;
5862177 -34.950672 -127.828248 -129.710464;
5888579 -34.166512 -127.074240 -128.735657;
5913900 -33.365986 -126.299169 -127.571144;
5940338 -32.598236 -125.554577 -126.946613;
5966759 -31.780474 -124.586329 -125.992109;
5993160 -30.963238 -123.955490 -125.010252;
6019561 -30.133722 -122.896320 -124.397076;
6044875 -29.280426 -122.048933 -123.480525;
6071333 -28.462261 -121.534207 -122.475690;
6097716 -27.573191 -121.085721 -122.176712;
6124082 -26.686642 -119.463677 -121.286121;
6150506 -25.787783 -118.635420 -120.019756;
6175883 -24.871212 -117.919850 -119.644133;
6202339 -23.990959 -116.945145 -118.442122;
6228710 -23.051064 -116.088555 -117.391910;
6255089 -22.114189 -115.398475 -117.000759;
6281528 -21.164143 -114.778822 -116.077652;
6306933 -20.201036 -113.170060 -115.085274;
6333362 -19.275597 -112.364453 -114.432618;
6358886 -18.296715 -111.538351 -113.046796;
6385307 -17.351353 -111.179088 -112.062225;
6411711 -16.375994 -109.615081 -111.583119;
6438117 -15.398038 -108.707013 -110.208764;
6464435 -14.421620 -107.516441 -109.157899;
6489887 -13.472565 -106.797844 -108.783558;
6516053 -12.554738 -105.863637 -107.402822;
6542566 -11.624347 -105.030564 -106.326626;
6567933 -10.681618 -104.023563 -105.894072;
6594333 -9.785059 -103.260369 -104.586770;
6620710 -8.860051 -102.269153 -103.656433;
6647119 -7.941487 -101.174637 -103.337012;
6673504 -7.032292 -100.281363 -101.831464;
6698852 -6.139633 -99.514493 -100.747538;
6725250 -5.305277 -99.044857 -100.388335;
6751647 -4.476662 -98.852656 -99.448589;
6776976 -3.648078 -97.222264 -99.031556;
6803353 -2.861913 -96.507481 -98.864823;
6828709 -2.043219 -95.881852 -97.230468;
6855138 -1.262022 -95.163960 -96.345088;
6881521 -0.449381 -93.887877 -96.041914;
6906855  0.371513 -93.159085 -94.561389;
6933327  1.131920 -92.362659 -93.550159;
6959775  1.926484 -92.508342 -93.235074;
6986385  2.725577 -91.012713 -92.740005;
7011714  3.551503 -90.266305 -91.525683;
7038137  4.340762 -89.473858 -91.160246;
7064524  5.153219 -88.433096 -89.979322;
7089913  5.964569 -87.892720 -88.913179;
7116295  6.733991 -87.060096 -88.593861;
7142717  7.533507 -86.404579 -87.517766;
7169150  8.335041 -85.264488 -86.743839;
7195541  9.137716 -84.668341 -86.511761;
7220872  9.939116 -83.626780 -85.232153;
7247288  10.711422 -83.073710 -84.112141;
7273699  11.516808 -82.322038 -83.776605;
7299063  12.324057 -81.854844 -82.757631;
7325482  13.105500 -80.758561 -82.126087;
7350867  13.934371 -79.573652 -81.936252;
7377247  14.743979 -79.143618 -80.281648;
7403657  15.585320 -78.734006 -79.502481;
7428990  16.432859 -77.550262 -79.267743;
7455439  17.257439 -76.877708 -78.064331;
7480762  18.146610 -75.962969 -77.232823;
7507584  19.046253 -75.082421 -76.984161;
7533029  19.999151 -74.043382 -75.686396;
7559674  20.935371 -72.993351 -74.501421;
7585015  21.915745 -72.276941 -74.146387;
7611429  22.858198 -71.409337 -72.932628;
7636773  23.860317 -70.178561 -71.798979;
7663233  24.842348 -69.367102 -71.458283;
7689641  25.906000 -68.239627 -69.991855;
7714968  26.967562 -68.183473 -68.883099;
7741361  28.010416 -66.156910 -68.553069;
7766801  29.114893 -64.831756 -66.877710;
7793184  30.190365 -63.907852 -65.448803;
7819574  31.323423 -63.359626 -65.017150;
7844906  32.456783 -61.649781 -63.855541;
7871346  33.520729 -60.445927 -62.310222;
7897746  34.631210 -59.415904 -61.847779;
7924159  35.690033 -58.332714 -60.148986;
7950565  36.620739 -57.428117 -58.875666;
7976076  37.551197 -56.605542 -58.495416;
8002505  38.403770 -55.548264 -57.174514;
8027862  39.231342 -54.840443 -56.037546;
8054255  39.887913 -53.683637 -55.695168;
8080672  40.571312 -53.578917 -54.437773;
8106001  41.194027 -52.304333 -53.681617;
8132392  41.729610 -53.776830 -53.828329;
8157770  42.223183 -52.187780 -53.417343;
8184209  42.642403 -51.697878 -52.555842;
8210635  43.033539 -51.047710 -52.298123;
8235969  43.277222 -51.276633 -51.583746;
8262382  43.510838 -51.257438 -51.355183;
8287746  43.699158 -50.813507 -51.286748;
8314141  43.808357 -50.268929 -50.955083;
8340538  43.819237 -50.777249 -50.830825;
8365879  43.612896 -50.772433 -50.808353;
8392311  43.414810 -51.010856 -50.801598;
8417923  43.110134 -51.712732 -50.948102;
8444337  42.727715 -51.995949 -51.483535;
8470758  42.247425 -52.843561 -51.643991;
8497536  41.610901 -52.821223 -52.288524;
8522874  40.965775 -53.861427 -52.855160;
8549121  40.289192 -54.562889 -53.024957;
8575546  39.539047 -55.449742 -54.101336;
8600914  38.750736 -55.735356 -55.029052;
8627344  37.957939 -56.773526 -55.307067;
8653747  37.089584 -57.699571 -56.334685;
8680170  36.186237 -59.002748 -57.289842;
8706608  35.282207 -59.717144 -57.576633;
8731941  34.348198 -59.984480 -58.811107;
8758389  33.428474 -61.650392 -59.890899;
8783728  32.451717 -63.251411 -60.214132;
8810122  31.474522 -63.458238 -62.094926;
8836558  30.456640 -64.688787 -63.283406;
8861856  29.399200 -65.897462 -63.636739;
8888271  28.358700 -66.853499 -65.216910;
8914729  27.257738 -67.772881 -66.361191;
8941127  26.115398 -68.691766 -66.705694;
8967529  24.975649 -69.653992 -68.094064;
8992858  23.804287 -71.267139 -69.186988;
9019314  22.669703 -72.354872 -69.513985;
9045713  21.481403 -73.415239 -71.502603;
9072084  20.276722 -74.544274 -72.844105;
9098477  19.073318 -76.433158 -73.244148;
9123855  17.871733 -76.862554 -75.399330;
9150266  16.728754 -77.759253 -76.496925;
9176697  15.562235 -79.204505 -76.824841;
9202065  14.441237 -80.367662 -78.489690;
9228511  13.365324 -81.505397 -79.803273;
9253817  12.252977 -82.457915 -80.198267;
9280199  11.212148 -83.541445 -81.763270;
9306583  10.160895 -84.353289 -83.022330;
9331893  9.160317 -85.289529 -83.399812;
9358315  8.200469 -86.281381 -84.723995;
9384707  7.169809 -87.098877 -85.799201;
9410640  6.140320 -88.020437 -86.121788;
9436228  5.268496 -88.786125 -87.449706;
9462433  4.433272 -89.607885 -88.385171;
9487809  3.594712 -90.266623 -88.665840;
9514199  2.799339 -91.341689 -89.786489;
9540518  1.992732 -92.305819 -90.874505;
9566605  1.221645 -91.893728 -91.201073;
9591913  0.492006 -93.407713 -91.686804;
9618328 -0.189958 -94.131797 -92.902800;
9644733 -0.884410 -94.697671 -93.282453;
9671108 -1.562474 -96.074612 -94.257776;
9697504 -2.212387 -95.612343 -95.178664;
9722850 -2.862816 -96.606944 -95.481665;
9749281 -3.478473 -96.957423 -96.249065;
9775677 -4.132993 -97.482962 -96.745165;
9801019 -4.797125 -98.361085 -96.917987;
9827391 -5.472267 -99.153899 -97.881222;
9852755 -6.174849 -99.823679 -98.773201;
9879164 -6.902854 -100.128532 -99.087982;
9905604 -7.660853 -101.184455 -99.764561;
9930938 -8.446383 -101.901561 -100.760352;
9957482 -9.232318 -102.565971 -101.154550;
9982858 -10.088615 -103.413735 -102.118262;
10009246 -10.976194 -104.372413 -103.025711;
