411083  0.000000  0.000000  179.999750;
422127  0.000000 -94.809863 -94.809863;
447348  0.032036 -95.190345 -94.923371;
473816  0.121753 -94.541112 -95.003151;
500246  0.241769 -94.616344 -94.887670;
525614  0.361612 -94.163401 -94.779060;
552074  0.497166 -94.312490 -94.702922;
577433  0.665217 -93.929147 -94.585373;
603354  0.854926 -93.758066 -94.389428;
629794  1.103055 -93.499926 -94.250564;
655949  1.356152 -93.156322 -94.028206;
681365  1.632876 -93.132081 -93.764167;
707989  1.933600 -92.521393 -93.575656;
733388  2.278289 -92.013808 -93.259599;
759853  2.633875 -92.290964 -92.969160;
786299  3.029840 -91.406752 -92.765771;
812922  3.478413 -90.937966 -92.357507;
839297  3.929987 -90.899472 -91.933394;
865819  4.407556 -90.349005 -91.634545;
892265  4.942855 -89.665561 -91.248833;
917625  5.476620 -88.912917 -90.773292;
943610  6.045768 -88.680857 -90.440548;
970263  6.628943 -88.291794 -89.912259;
995666  7.258442 -87.382992 -89.427678;
1022117  7.882852 -86.586156 -89.088590;
1047493  8.535848 -86.067538 -88.340206;
1073955  9.176641 -85.105890 -87.658886;
1099312  9.844856 -84.874303 -87.181367;
1125748  10.551755 -84.409940 -86.493688;
1152214  11.288734 -83.254828 -85.840384;
1177626  12.050389 -82.762765 -85.406393;
1204084  12.796843 -81.909085 -84.577515;
1229473  13.592603 -80.602772 -83.777685;
1255906  14.398461 -79.911127 -83.217347;
1281303  15.237457 -78.919900 -82.259430;
1307736  16.066446 -78.276381 -81.222253;
1333741  16.953062 -77.718491 -80.493817;
1360211  17.844379 -78.355376 -79.860688;
1385748  18.747189 -75.969629 -79.211944;
1411743  19.618176 -75.076164 -78.757291;
1438161  20.469461 -74.024489 -77.653044;
1463557  21.334600 -72.156442 -76.563434;
1490019  22.161619 -72.664753 -75.800985;
1515729  23.012848 -72.849310 -74.915812;
1542171  23.804167 -71.232113 -74.241602;
1567542  24.618015 -70.241534 -73.769030;
1594062  25.375273 -69.405765 -72.724818;
1619344  26.153463 -68.998268 -71.735569;
1646279  26.888378 -68.211438 -71.044049;
1671943  27.674633 -67.055934 -70.192320;
1697349  28.423786 -66.307907 -69.251327;
1723798  29.157263 -66.075973 -68.592507;
1750240  29.907930 -64.925323 -67.836181;
1775644  30.641443 -63.507688 -66.966332;
1802087  31.339569 -63.987962 -66.405313;
1827469  32.049290 -62.712601 -65.623310;
1853916  32.704960 -62.219121 -64.750894;
1879295  33.388142 -61.344598 -64.139666;
1905763  34.021259 -60.877336 -63.301283;
1932205  34.650429 -60.487281 -62.576251;
1957577  35.238209 -59.863744 -62.067557;
1984017  35.723957 -59.351019 -61.404552;
2009384  36.230152 -58.872437 -60.789288;
2036142  36.609303 -58.513231 -60.358151;
2061520  37.009243 -57.810615 -59.804067;
2087962  37.326176 -57.484279 -59.225038;
2113329  37.576870 -57.649311 -58.829752;
2139784  37.730232 -57.953695 -58.496297;
2166228  37.710037 -57.572188 -58.234504;
2191656  37.689850 -57.435547 -58.051303;
2218102  37.588913 -57.526582 -57.891497;
2243886  37.391476 -57.926111 -57.813469;
2269411  37.109230 -58.181597 -57.818816;
2295393  36.747982 -58.684229 -57.822550;
2321860  36.306885 -59.444356 -58.081281;
2348341  35.724205 -59.641985 -58.472448;
2374799  35.141220 -60.323106 -58.745729;
2401270  33.788891 -61.031667 -59.216430;
2426642  33.788891 -61.441552 -59.760247;
2452857  33.074215 -62.523867 -60.141335;
2479263  32.270554 -63.050037 -60.845701;
2505235  31.461039 -63.974332 -61.517255;
2530878  30.622400 -64.554535 -61.987920;
2556665  29.750147 -65.325395 -62.707757;
2583163  28.839138 -66.813686 -63.537500;
2608540  27.877119 -67.645893 -64.119691;
2634978  26.936426 -68.402459 -65.184591;
2661083  25.932993 -69.428367 -66.154750;
2686605  24.913504 -70.247288 -66.831583;
2713058  23.898079 -71.683887 -67.858882;
2738409  22.834305 -72.415734 -69.004918;
2764868  21.801687 -73.675494 -69.808189;
2790882  20.687986 -74.128590 -70.934451;
2816309  19.593016 -75.239883 -71.930079;
2842758  18.504507 -77.297710 -72.625342;
2869249  17.372248 -78.245635 -74.023426;
2894644  16.336470 -78.887533 -75.290639;
2920865  15.238088 -80.631495 -76.177809;
2946354  14.087566 -81.509451 -77.514567;
2972851  12.969164 -82.338242 -78.720468;
3004326  11.806532 -83.648130 -79.563314;
3030988  10.449022 -85.554600 -80.794020;
3056380  9.319449 -86.245916 -82.229552;
3082845  8.261902 -86.934523 -83.231071;
3109287  7.185120 -88.010930 -84.331273;
3134670  6.200912 -89.295830 -85.447153;
3161107  5.256122 -89.634257 -86.215761;
3186519  4.316902 -91.004260 -87.243361;
3212955  3.453282 -91.489421 -88.372690;
3238317  2.592800 -92.538673 -89.162423;
3264770  1.798640 -93.138081 -90.175741;
3291244  0.993338 -94.079898 -91.062895;
3316591  0.239132 -94.790001 -91.684497;
3343037 -0.482967 -95.041069 -92.620173;
3368410 -1.220629 -95.909461 -93.342621;
3394940 -1.920614 -96.755509 -93.851647;
3420297 -2.650492 -97.530439 -94.716581;
3446752 -3.343068 -97.816594 -95.562934;
3473191 -4.065632 -98.479758 -96.154818;
3498611 -4.782109 -99.253322 -96.852726;
3525066 -5.464762 -100.151233 -97.565060;
3550439 -6.180461 -100.744962 -98.070550;
3576880 -6.872698 -101.157909 -98.866865;
3602297 -7.595688 -102.335915 -99.567701;
3628444 -8.265843 -102.855074 -100.113352;
3654726 -8.955246 -103.615376 -100.914070;
3681193 -9.616910 -103.973905 -101.725332;
3706620 -10.249290 -104.883898 -102.296378;
3733049 -10.820718 -105.396023 -103.039288;
3758402 -11.385209 -105.752807 -103.749461;
3784850 -11.926718 -106.112903 -104.292540;
3811346 -12.465368 -106.880853 -104.837966;
3837299 -13.004996 -107.318887 -105.446022;
3863773 -13.529604 -107.596332 -105.900360;
3890212 -14.080102 -108.120270 -106.408785;
3915657 -14.629871 -108.878524 -106.890876;
3942088 -15.189273 -109.387397 -107.241470;
3967561 -15.770351 -109.814592 -107.885311;
3994101 -16.340481 -110.677514 -108.441382;
4019500 -16.946646 -111.201553 -108.878051;
4045943 -17.540710 -111.599584 -109.565656;
4072349 -18.194317 -112.332478 -110.175917;
4098801 -18.847008 -113.121641 -110.608910;
4125278 -19.520624 -113.420149 -111.365726;
4150671 -20.219940 -114.252851 -111.905502;
4176636 -20.816191 -114.959110 -112.363840;
4202546 -21.571356 -115.859962 -113.168434;
4229057 -22.324921 -115.715147 -113.855187;
4254463 -23.114988 -116.910442 -114.411012;
4280894 -23.887642 -118.052550 -115.160858;
4307342 -24.715679 -118.540016 -115.993414;
4333832 -25.585838 -119.319540 -116.678594;
4360258 -26.457380 -120.617331 -117.470582;
4385626 -27.337709 -121.403931 -118.311854;
4412095 -28.191313 -122.273248 -119.001536;
4437508 -29.084389 -122.943781 -119.982444;
4463968 -29.942612 -123.811954 -120.818139;
4489309 -30.838211 -124.646843 -121.552191;
4516230 -31.676979 -125.747808 -122.480723;
4541688 -32.535984 -126.516482 -123.361697;
4568219 -33.348309 -127.261034 -124.169266;
4593708 -34.158009 -127.670378 -125.089699;
4620158 -34.895050 -128.374228 -125.865930;
4646283 -35.611824 -129.419916 -126.462290;
4671684 -36.267540 -130.292923 -127.352837;
4698198 -36.862816 -130.609927 -128.075258;
4723566 -37.361523 -131.133535 -128.751068;
4750036 -37.838673 -131.789629 -129.465444;
4775410 -38.262596 -132.071903 -130.114053;
4801874 -38.590328 -132.097924 -130.666522;
4828328 -38.847290 -132.116160 -131.028430;
4854830 -38.884445 -133.157580 -131.355820;
4881227 -38.921669 -132.584562 -131.722615;
4906595 -38.842678 -132.137878 -131.847450;
4933046 -38.647869 -132.049500 -131.934704;
4958478 -38.330860 -131.571135 -131.949814;
4984967 -37.925503 -130.686697 -131.836164;
5010351 -37.507744 -130.302233 -131.581779;
5036793 -36.847759 -130.085388 -131.198481;
5063304 -36.160267 -129.290788 -130.865486;
5089748 -35.414722 -128.228310 -130.495667;
5116182 -34.626652 -127.430636 -129.929790;
5141542 -33.815876 -126.437093 -129.182019;
5168006 -33.016357 -125.530624 -128.536737;
5193545 -32.182034 -124.703319 -127.758513;
5219983 -31.375704 -123.971026 -126.838960;
5245410 -30.546640 -123.158538 -126.133532;
5271927 -29.753551 -121.801655 -125.330524;
5298350 -28.933750 -121.641035 -124.287858;
5324796 -28.116856 -120.708210 -123.493384;
5351224 -27.306921 -120.087888 -122.770730;
5376618 -26.494310 -119.510808 -121.963706;
5403222 -25.705351 -118.803804 -121.341805;
5428609 -24.875143 -117.574438 -120.635683;
5455084 -24.090279 -116.772731 -119.712961;
5480467 -23.282286 -115.936094 -118.973479;
5506617 -22.507620 -115.220927 -118.062922;
5533046 -21.717930 -114.839938 -117.210215;
5558422 -20.919815 -113.677246 -116.598552;
5584879 -20.166672 -113.063852 -115.827587;
5611190 -19.394369 -112.475531 -114.998573;
5636570 -18.624321 -111.711912 -114.387524;
5662837 -17.885395 -111.025279 -113.603283;
5689313 -17.120644 -110.115327 -112.829113;
5715793 -16.364359 -109.449722 -112.284374;
5742237 -15.607961 -109.381915 -111.524639;
5767617 -14.139143 -108.251559 -110.876438;
5794098 -14.139143 -107.451969 -110.401772;
5819505 -13.379482 -106.713235 -109.535072;
5845956 -12.664596 -105.715603 -108.690774;
5871396 -11.920333 -105.186989 -108.098499;
5897858 -11.213450 -104.415614 -107.211441;
5924325 -10.488271 -103.569495 -106.377053;
5951260 -9.767399 -103.234519 -105.787051;
5976655 -9.033369 -102.440770 -105.048783;
6003557 -8.341307 -101.454059 -104.266161;
6030328 -7.628712 -100.899466 -103.688094;
6056815 -6.944110 -100.255452 -102.874592;
6083255 -6.272027 -99.205107 -102.081384;
6108583 -5.599119 -98.853206 -101.497800;
6135267 -4.963792 -98.333166 -100.706653;
6160638 -4.356375 -97.776651 -99.992157;
6187098 -3.778846 -96.842284 -99.489938;
6212452 -3.222579 -96.697715 -98.732303;
6238915 -2.689565 -96.226733 -98.122605;
6264471 -2.146164 -95.550773 -97.677818;
6290912 -1.629582 -94.887101 -97.041712;
6316309 -0.583729 -94.914360 -96.409006;
6342779 -0.583729 -94.286275 -95.954683;
6369223 -0.049479 -93.727091 -95.459343;
6394622  0.491513 -93.040673 -94.939612;
6421060  1.027024 -92.327732 -94.575528;
6446477  1.605028 -92.101663 -93.902082;
6472933  2.173515 -91.309145 -93.362239;
6498298  2.777761 -90.842730 -92.984053;
6524742  3.383036 -90.476289 -92.341882;
6551225  4.014059 -89.498557 -91.782273;
6576609  4.655715 -88.652247 -91.390111;
6603062  5.274232 -88.513702 -90.575857;
6628461  5.910720 -87.691542 -89.956152;
6654963  6.516418 -87.076280 -89.522853;
6680331  7.148825 -85.752487 -88.792050;
6706781  7.718927 -85.771156 -87.882561;
6733228  8.313345 -85.146993 -87.246799;
6760983  8.894775 -84.660630 -86.618814;
6786585  9.496487 -84.245140 -86.037232;
6812897  10.051522 -83.754297 -85.632125;
6838699  10.589813 -83.184943 -85.066551;
6865189  11.117671 -82.458718 -84.504289;
6890661  11.653133 -82.097282 -84.111034;
6916564  12.164517 -81.665455 -83.508290;
6943049  12.690091 -80.951343 -82.949721;
6968452  13.234347 -80.164520 -82.559176;
6995039  13.766065 -79.733161 -81.845107;
7020389  14.352602 -79.317405 -81.207131;
7046837  14.911850 -78.728384 -80.760492;
7073328  15.511068 -78.256834 -80.150235;
7099786  16.119350 -78.426348 -79.635693;
7126229  16.731722 -77.313553 -79.274994;
7151971  17.368776 -76.384954 -78.685956;
7177382  17.988943 -75.795906 -77.994600;
7203819  18.624800 -75.384975 -77.511125;
7230249  19.286329 -74.399071 -76.875185;
7256134  19.956562 -73.415239 -76.138848;
7281554  20.631153 -73.287920 -75.622851;
7308007  21.293625 -72.350097 -74.924714;
7333436  22.000788 -71.605392 -74.152294;
7359893  22.680576 -71.052944 -73.611527;
7385292  23.399561 -70.187800 -72.843211;
7411719  24.091345 -69.971541 -72.050535;
7438165  24.798620 -68.679210 -71.494270;
7463534  25.498329 -68.616750 -70.651908;
7489992  26.169542 -67.791774 -70.037927;
7515489  26.853411 -67.186856 -69.607879;
7541979  27.512440 -66.203141 -68.881163;
7567457  28.177319 -66.021612 -68.088214;
7593949  28.795403 -65.161376 -67.534504;
7619361  29.426357 -64.604928 -66.823509;
7645892  30.016071 -63.938380 -66.158090;
7671742  30.631752 -63.052513 -65.692159;
7698203  31.205189 -62.742662 -64.898559;
7723575  31.792179 -62.078810 -64.254189;
7750018  32.337193 -60.827373 -63.802819;
7775384  32.873722 -61.672383 -63.143569;
7801867  33.347736 -61.286499 -62.586681;
7827404  33.716072 -60.651171 -62.196706;
7853861  34.071251 -60.007568 -61.732530;
7880281  34.348343 -59.644018 -61.228939;
7905705  34.521786 -59.631326 -60.885702;
7932065  34.580784 -58.855512 -60.498340;
7957443  34.409744 -59.174911 -60.127758;
7983961  34.245079 -59.913235 -60.057241;
8009941  33.964516 -60.951101 -60.007855;
8035694  33.583740 -60.311660 -60.099840;
8062156  33.095417 -61.061925 -60.270574;
8087551  32.506386 -61.978329 -60.389740;
8114003  31.853870 -62.228071 -60.861246;
8140354  31.103521 -63.928990 -61.270724;
8166824  30.289658 -64.267240 -61.558642;
8193275  29.430899 -65.305022 -62.369188;
8218308  28.538834 -66.046690 -63.248493;
8244803  27.659430 -67.054453 -63.864877;
8271264  26.701565 -67.930735 -64.822316;
8296660  25.744928 -68.739712 -65.731885;
8323274  24.816326 -69.677427 -66.368550;
8348679  23.843189 -70.695911 -67.364599;
8375155  22.917749 -71.561863 -68.364945;
8400519  21.968655 -72.655705 -69.064898;
8426962  21.065231 -73.677087 -70.141750;
8452442  20.137506 -74.662657 -71.206677;
8478895  19.243567 -75.221791 -71.949556;
8505353  18.325991 -75.816306 -72.931510;
8531796  17.410261 -76.990733 -73.797485;
8558262  16.478903 -77.073607 -74.404037;
8583604  15.529763 -79.118518 -75.209463;
8610058  14.620934 -79.737813 -76.381474;
8635448  13.663743 -80.503326 -77.202560;
8661855  12.728771 -81.740082 -78.193214;
8688310  11.741431 -82.290484 -79.255447;
8714768  10.747046 -83.346549 -80.000179;
8741216  9.752549 -84.465718 -81.001783;
8766595  8.766503 -85.453383 -82.040786;
8793103  7.820312 -87.387351 -82.768401;
8818501  6.830410 -87.369973 -84.156315;
8844947  5.876532 -88.246041 -85.128668;
8870334  4.885311 -89.200207 -85.807364;
8896793  3.957038 -89.717872 -86.820718;
8923226  2.989568 -91.058399 -87.692746;
8948589  2.040805 -91.062960 -88.300395;
8975073  1.150583 -93.065634 -89.130007;
9000420  0.237997 -93.865812 -90.313894;
9027089 -0.611418 -94.950656 -91.143466;
9052469 -1.479891 -95.375264 -92.285116;
9078916 -2.235478 -96.093968 -93.209694;
9104345 -3.022832 -96.877598 -93.859001;
9130790 -3.740279 -97.622887 -94.765798;
9157244 -4.454496 -98.119917 -95.590417;
9182648 -5.143916 -98.799290 -96.172431;
9209093 -5.757490 -99.449228 -96.958384;
9234449 -6.396207 -100.065323 -97.697158;
9260888 -6.982299 -100.771029 -98.223393;
9287354 -7.593423 -100.977287 -98.975327;
9313788 -8.199919 -101.537516 -99.577590;
9340200 -8.815770 -102.068682 -100.007629;
9365648 -9.431109 -102.625018 -100.635875;
9392129 -10.018550 -103.451583 -101.228431;
9417496 -10.629836 -104.123330 -101.651766;
9443934 -11.210373 -104.617856 -102.392310;
9470359 -11.816630 -104.706080 -103.016459;
9496826 -12.417748 -105.796195 -103.491035;
9523288 -13.028712 -106.577165 -104.170573;
9548850 -13.639561 -106.762993 -104.893258;
9575312 -14.232365 -107.542655 -105.414105;
9601759 -14.861796 -108.095133 -106.050439;
9628213 -15.490871 -108.528908 -106.654721;
9653610 -16.129402 -109.145851 -107.083896;
9680082 -16.757542 -109.923047 -107.681725;
9705525 -17.425606 -110.460506 -108.357249;
9732003 -18.080132 -110.989725 -108.900247;
9757444 -18.769367 -112.129598 -109.525969;
9783906 -19.456469 -113.311321 -110.277500;
9809316 -20.171144 -113.107716 -110.831410;
9835755 -20.862452 -113.972748 -111.522118;
9862182 -21.581755 -114.758666 -112.163555;
9887561 -22.303555 -115.328861 -112.724336;
9914022 -22.991693 -116.087789 -113.505184;
9939398 -23.713211 -116.714568 -114.228233;
9965817 -24.395458 -116.824620 -114.840078;
9991363 -25.105745 -118.022961 -115.446904;
10017830 -25.787493 -118.691554 -116.224010;
