390600  0.000000  0.000000  0.000000;
405951 -0.006797 -95.590152 -95.590152;
432511 -0.006797 -95.127200 -95.543988;
459185 -0.019367 -96.102251 -95.548606;
484711 -0.025476 -94.478811 -95.552498;
511129 -0.027814 -95.229894 -95.556000;
536840 -0.029427 -96.143460 -95.559415;
563289 -0.024717 -95.312731 -95.534655;
588692 -0.029159 -94.645366 -95.503566;
615238 -0.038854 -95.388152 -95.493280;
640608 -0.048986 -95.584669 -95.494879;
667024 -0.057895 -95.311159 -95.485988;
693427 -0.073220 -96.002474 -95.478769;
718807 -0.081282 -94.857585 -95.465760;
745295 -0.085932 -94.931580 -95.454039;
770642 -0.090785 -95.034555 -95.443478;
797064 -0.127548 -95.129815 -95.414933;
823483 -0.165870 -94.555732 -95.372304;
850301 -0.198540 -95.284042 -95.350824;
875721 -0.188714 -95.312399 -95.345093;
902151 -0.179400 -95.847691 -95.342656;
927524 -0.160031 -94.713040 -95.339647;
953992 -0.154608 -95.396556 -95.336936;
980445 -0.168347 -94.359076 -95.320979;
1005797 -0.190560 -94.302971 -95.302170;
1032209 -0.211847 -93.688262 -95.283992;
1057551 -0.207815 -95.181667 -95.268906;
1084150 -0.203946 -94.583645 -95.200834;
1109551 -0.218159 -95.458965 -95.193466;
1135966 -0.254613 -93.977069 -95.186098;
1162402 -0.294134 -95.484413 -95.207305;
1187738 -0.449925 -97.255347 -95.226361;
1214171 -0.599233 -94.368005 -95.213601;
1239522 -0.964856 -93.840846 -95.146426;
1265950 -1.315513 -95.929790 -95.161980;
1292355 -1.774271 -96.524465 -95.231248;
1317858 -2.320915 -96.360292 -95.293593;
1344328 -2.901059 -96.784890 -95.349508;
1369717 -3.668487 -98.129519 -95.467953;
1396405 -4.404574 -103.248705 -95.606574;
1421752 -5.263480 -110.548074 -95.831626;
1448237 -6.131856 -93.916256 -95.936772;
1473615 -7.043264 -95.388370 -96.009676;
1500091 -7.860397 -99.723555 -96.115938;
1526507 -8.689035 -101.932468 -96.461340;
1553417 -9.517409 -105.158490 -96.931086;
1578813 -10.361274 -100.188351 -97.278174;
1605232 -11.128194 -99.165216 -97.511330;
1630592 -11.908260 -101.170276 -97.811170;
1657023 -12.644281 -111.951849 -98.141736;
1683443 -13.408157 -104.516114 -98.643360;
1708793 -14.171716 -104.358413 -99.095759;
1735199 -14.905898 -108.960370 -99.511335;
1760544 -15.665423 -107.206971 -100.036538;
1787011 -16.397526 -106.908460 -100.665641;
1813412 -17.171331 -114.412425 -101.313176;
1838839 -17.943209 -111.581818 -101.933489;
1865498 -18.675739 -116.633769 -102.522244;
1891940 -19.443762 -108.866302 -103.244390;
1917647 -20.154669 -114.673835 -104.030585;
1944229 -20.821873 -115.278981 -105.060181;
1969616 -21.542225 -120.654441 -106.011638;
1996042 -21.987175 -117.330089 -106.877242;
2021982 -22.450336 -118.917436 -107.938856;
2047485 -22.862207 -113.710382 -108.876577;
2073951 -23.224701 -116.665177 -109.717576;
2100427 -23.577446 -117.309384 -110.474962;
2125778 -23.871309 -121.680158 -111.164403;
2152186 -24.152685 -115.036646 -111.600850;
2177533 -24.347420 -122.293298 -112.213656;
2204193 -24.534330 -118.482933 -112.854245;
2229555 -24.717897 -117.593284 -113.338445;
2255969 -24.880911 -119.760818 -113.830610;
2282399 -25.041008 -119.425325 -114.354060;
2307788 -25.158026 -120.820986 -114.838681;
2334212 -25.270435 -113.745767 -115.272530;
2359556 -25.345068 -122.726022 -115.690301;
2385979 -25.392660 -117.887917 -116.004826;
2412397 -25.415655 -123.627064 -116.405323;
2437737 -25.430578 -119.599286 -116.766350;
2464184 -25.444893 -122.628765 -117.225339;
2489549 -25.419859 -118.464176 -117.504918;
2515983 -25.395849 -124.734093 -117.756846;
2541487 -25.374460 -118.139019 -117.940764;
2567954 -25.343309 -120.111900 -118.160253;
2594376 -25.308964 -119.487990 -118.388400;
2619766 -25.288794 -121.950092 -118.673135;
2646215 -25.269411 -119.689368 -118.928642;
2671572 -25.283140 -120.537471 -119.056473;
2698048 -25.296303 -122.022102 -119.261508;
2724507 -25.322981 -115.985364 -119.444901;
2750938 -25.355701 -119.412146 -119.526659;
2777354 -25.387581 -116.749013 -119.589564;
2802695 -25.397261 -117.047951 -119.383186;
2829467 -25.406546 -115.130143 -119.197099;
2854853 -25.414721 -119.761803 -119.255086;
2881270 -25.424410 -116.937764 -119.059010;
2907456 -25.455465 -119.686694 -118.905330;
2932857 -25.459063 -115.145447 -118.759020;
2959273 -25.462553 -123.071897 -118.852010;
2984612 -25.455696 -115.629143 -118.935660;
3011054 -25.431324 -124.502082 -119.031983;
3037505 -25.417599 -118.234383 -118.995190;
3063900 -25.407907 -124.737364 -119.096334;
3090315 -25.398235 -116.013813 -119.133776;
3115674 -25.384121 -122.513308 -119.342559;
3142305 -25.397284 -112.133087 -119.355076;
3167804 -25.422491 -122.207578 -119.420175;
3194241 -25.467260 -119.062632 -119.541548;
3219593 -25.519732 -120.900072 -119.650381;
3246034 -25.545664 -121.097589 -119.675449;
3272431 -25.572710 -118.534797 -119.770148;
3297784 -25.599308 -119.683155 -119.855196;
3324229 -25.604727 -117.956622 -119.857288;
3349594 -25.507021 -119.882614 -119.859873;
3375868 -25.489595 -120.275813 -119.862189;
3402275 -25.452692 -121.586378 -119.878267;
3427611 -25.413183 -116.783866 -119.870765;
3454034 -25.375277 -122.611785 -120.011494;
3480458 -25.345827 -121.339992 -120.138667;
3505785 -25.327673 -123.259137 -120.337537;
3532202 -25.318007 -116.299717 -120.432910;
3558414 -25.320829 -122.305637 -120.591406;
3583787 -25.323631 -114.551671 -120.590730;
3610246 -25.297678 -120.498974 -120.588732;
3635598 -25.270613 -113.479029 -120.573743;
3662009 -25.234230 -116.455158 -120.553171;
3687742 -25.193504 -121.853709 -120.534619;
3714204 -25.145182 -118.145528 -120.291255;
3739731 -25.080946 -119.324674 -120.124250;
3766171 -25.018980 -118.430178 -120.082593;
3791519 -24.908779 -121.010593 -120.069213;
3817968 -24.792681 -116.560277 -119.923290;
3844425 -24.642467 -120.896705 -119.883689;
3869558 -24.449392 -116.486810 -119.766581;
3896170 -24.265980 -116.229502 -119.661771;
3921518 -23.991327 -116.661817 -119.414057;
3947685 -23.729721 -119.458783 -119.255625;
3974235 -23.424107 -122.284565 -119.136869;
3999731 -23.080780 -113.352932 -118.959543;
4026159 -22.678293 -118.726409 -118.800134;
4051492 -22.077106 -115.381113 -118.706831;
4077915 -21.500830 -118.581287 -118.627844;
4104330 -20.843281 -113.780775 -118.394388;
4129667 -20.104467 -112.349956 -118.183076;
4156075 -18.549768 -114.061602 -117.905976;
4182468 -18.549768 -112.564377 -117.595336;
4207879 -17.628633 -106.833455 -117.260165;
4234278 -16.737503 -107.814412 -116.935115;
4259631 -15.811725 -111.324650 -116.507800;
4286025 -15.050748 -104.373520 -116.126409;
4315679 -14.291568 -109.699866 -115.737477;
4342433 -13.458087 -105.231411 -115.111294;
4367780 -12.670988 -108.065517 -114.410358;
4394196 -11.820800 -103.446015 -113.685269;
4419595 -10.934754 -108.024892 -113.107673;
4446001 -10.134007 -104.807719 -112.507310;
4472414 -9.301513 -99.104951 -111.876575;
4497765 -8.388551 -101.476496 -111.094896;
4524236 -7.552548 -90.799606 -110.394250;
4550313 -6.707901 -106.858245 -109.974087;
4575724 -5.953858 -98.123418 -109.454422;
4602304 -5.219073 -103.204111 -108.862482;
4627671 -4.533268 -96.923984 -107.924821;
4654087 -3.840033 -97.371760 -107.076521;
4680521 -3.289128 -97.056964 -106.298171;
4706927 -2.786277 -92.000166 -105.408688;
4733409 -2.283958 -98.143590 -104.615940;
4758742 -1.787875 -90.288300 -103.886963;
4785210 -1.299393 -92.483814 -103.229597;
4810548 -0.740939 -94.308133 -102.596244;
4836988 -0.217544 -99.498328 -102.042822;
4863420  0.133240 -94.143080 -101.316641;
4888918  0.159470 -90.384935 -100.602702;
4915293  0.184773 -94.322502 -100.018940;
4940670  0.047060 -90.450375 -99.494584;
4967108 -0.192763 -98.883930 -99.023571;
4993505 -0.532219 -91.213056 -98.536586;
5019896 -0.740171 -96.213715 -98.162108;
