393866  0.000000  0.000000  0.000000;
414498 -0.022364 -94.537432 -94.537432;
439907 -0.022364 -94.280889 -94.306337;
466342 -0.049907 -94.858272 -94.510629;
492887 -0.076947 -94.036202 -94.510629;
519325 -0.104100 -95.175745 -94.858272;
545249 -0.127511 -96.133235 -94.861713;
571836 -0.155216 -94.666098 -94.672712;
596950 -0.189225 -94.891684 -94.852158;
623588 -0.189225 -95.352662 -94.892907;
648966 -0.197765 -94.158450 -94.892907;
675536 -0.205902 -94.454442 -94.875331;
700910 -0.214420 -96.913787 -94.875331;
727359 -0.226429 -95.497442 -95.309596;
753822 -0.240562 -93.260722 -95.307085;
779334 -0.245006 -94.310854 -95.307085;
805766 -0.250070 -97.925693 -95.307085;
831266 -0.255316 -91.942651 -94.212718;
857859 -0.246362 -96.275154 -95.327245;
882971 -0.243520 -94.708490 -95.327245;
909499 -0.222433 -96.862068 -96.251459;
935942 -0.206233 -92.678033 -95.327245;
962397 -0.178377 -94.461098 -94.599271;
988824 -0.143642 -96.793396 -95.327245;
1014196 -0.102892 -91.985550 -95.327245;
1039964 -0.051374 -94.810331 -95.285830;
1066445  0.013145 -96.036287 -95.285830;
1091978  0.093194 -94.575505 -94.920071;
1118423  0.205851 -94.358151 -94.564499;
1144192  0.322532 -94.011131 -94.499557;
1170681  0.462983 -93.832008 -94.499557;
1196221  0.628388 -93.294931 -94.015897;
1222671  0.810092 -99.256722 -94.015897;
1248159  1.030172 -95.607609 -95.285830;
1274762  1.242248 -91.795984 -95.285830;
1300288  1.513152 -100.396779 -95.622131;
1326882  1.773088 -93.680575 -95.285830;
1352228  2.057705 -93.345920 -93.787281;
1378766  2.330126 -91.873544 -93.274678;
1404146  2.538379 -94.821034 -95.037202;
1430722  2.760405 -70.648874 -95.037202;
1456503  2.992895 -109.522464 -95.037202;
1482204  3.306990 -98.010582 -95.037202;
1507885  3.620503 -108.112931 -98.010582;
1534535  3.938869 -63.157329 -98.010582;
1560927  4.330685 -94.856421 -98.010582;
1587374  4.711455 -86.863141 -94.856421;
1613792  5.134203 -86.370586 -87.052381;
1639119  5.556488 -92.299462 -92.299462;
1665723  5.965200 -83.023060 -92.299462;
1691096  6.468848 -85.067645 -92.233840;
1717614  6.924013 -92.312057 -92.256569;
1743290  7.432915 -84.716686 -85.017662;
1769944  7.925659 -83.132384 -84.179736;
1796523  8.446939 -87.381648 -87.358166;
1822372  8.974867 -83.339340 -87.358166;
1848169  9.517893 -85.743602 -85.926755;
1874929  10.068097 -95.743897 -85.856818;
1901595  10.638841 -77.321817 -84.379752;
1927152  11.253584 -84.218209 -84.379752;
1953824  11.849784 -81.965843 -84.457269;
1979342  12.477695 -63.587650 -84.257940;
2005164  13.138826 -74.040970 -80.621975;
2031838  13.807833 -78.249205 -78.249205;
2057443  14.537193 -75.581661 -78.249205;
2083187  15.337399 -80.614901 -80.832151;
2109097  16.059017 -92.528018 -80.832151;
2134973  16.828802 -63.936013 -77.973920;
2161787  17.662365 -83.800481 -80.832151;
2187313  18.526144 -66.004170 -81.131841;
2213045  19.402992 -68.996315 -81.131841;
2239770  20.403593 -73.828215 -73.345095;
2265417  21.390989 -74.821037 -73.345095;
2291397  22.380846 -66.792020 -72.392152;
2317954  23.378399 -74.894795 -74.316015;
2344421  24.447571 -75.339654 -75.003929;
2370027  25.495745 -77.718521 -74.971170;
2396557  26.525457 -60.313091 -74.316015;
2422250  27.617035 -79.619606 -74.971170;
2448180  28.599253 -61.829304 -74.971170;
2474064  29.580238 -56.897708 -74.971170;
2499910  30.559483 -55.803128 -64.109532;
2526822  31.453241 -73.957994 -64.109532;
2552674  32.383862 -78.084065 -73.957994;
2578213  33.238754 -76.222227 -75.526006;
2604150  34.080956 -27.154721 -77.593914;
2630649  34.948162 -91.739411 -77.317670;
2656348  35.785610 -49.712074 -68.844093;
2682619  36.588753 -40.752604 -66.549361;
2708276  37.375679 -74.988719 -74.988719;
2733917  38.030617 -66.896693 -75.881600;
2760339  38.658920 -74.926449 -74.988719;
2786046  39.200268 -72.954915 -72.956700;
2812893  39.630417 -55.551602 -72.954915;
2839780  39.823059 -46.711463 -72.954915;
2865054  40.015987 -45.103637 -72.954915;
2891915  40.156826 -41.477186 -50.527736;
2917936  40.038719 -60.212809 -50.527736;
2944498  39.924305 -59.417683 -48.778500;
2970205  39.667606 -80.404362 -70.696026;
2995927  39.337929 -31.652113 -70.696026;
3022479  38.949547 -58.928214 -58.928214;
3048124  38.418911 -65.393768 -57.489250;
3074746  37.876648 -46.587457 -48.778500;
3100615  37.168625 -67.554893 -65.829927;
3126249  36.480629 -47.945989 -65.829927;
3152756  35.809841 -62.621833 -57.955047;
3178461  35.046196 -60.168923 -57.381508;
3203927  34.352356 -49.303131 -49.280049;
3230732  33.619091 -75.354444 -61.552985;
3256715  32.866913 -42.560145 -61.552985;
3282463  32.056877 -89.830752 -61.552985;
3308685  31.254168 -39.959025 -49.280049;
3334701  30.569593 -80.690071 -61.063195;
3360367  29.815329 -46.573309 -61.063195;
3386026  29.124502 -56.765838 -68.171955;
3412755  28.380196 -82.426398 -68.171955;
3438360  27.459576 -47.549835 -52.389886;
3464330  26.608942 -79.254481 -65.911376;
3490009  25.746183 -14.007377 -65.911376;
3516671  24.924456 -50.627982 -65.911376;
3542228  24.019575 -70.565075 -65.911376;
3568920  23.156490 -61.278188 -61.278188;
3595046  22.182537 -80.384352 -65.911376;
3621798  21.229237 -76.011466 -76.011466;
3647514  20.228590 -81.952323 -79.487390;
3673118  19.301636 -60.029182 -76.011466;
3698970  18.494036 -78.270882 -75.347507;
3725279  17.565731 -75.432046 -72.327414;
3750903  16.668013 -75.019830 -78.492853;
3777794  15.794841 -92.971301 -79.150057;
3803509  14.878494 -75.333909 -78.492853;
3829448  14.054044 -84.431787 -78.492853;
3855249  13.237460 -82.270353 -80.123888;
3880994  12.469338 -77.091763 -80.123888;
3906919  11.729218 -78.984441 -80.123888;
3933622  11.006089 -113.567863 -79.999488;
3959479  10.322819 -81.467836 -79.741145;
3985178  9.661196 -86.846465 -83.196172;
4010947  9.023232 -79.548628 -83.196172;
4037607  8.424447 -87.955878 -86.822929;
4063221  7.866826 -89.355519 -86.822929;
4089017  7.263039 -82.150144 -83.239597;
4115903  6.654963 -85.259627 -85.259627;
4141998  6.010930 -86.300145 -86.378711;
4168752  5.367918 -90.374322 -86.783926;
4194373  4.678849 -95.085638 -86.783926;
4220841  3.984148 -88.962591 -86.782407;
4246166  3.266481 -89.935615 -88.958649;
4272352  2.549262 -92.483165 -89.938699;
4297904  1.797664 -92.063053 -91.939128;
4324346  1.071675 -94.256964 -91.995022;
4350146  0.300215 -92.088180 -91.995022;
4376609 -0.433214 -98.201866 -92.174560;
4402062 -1.107112 -91.204335 -92.174560;
4428507 -1.755289 -94.758409 -93.988794;
4453888 -2.277729 -99.367871 -93.988794;
4480355 -2.779149 -97.800828 -94.120468;
4506899 -3.370717 -91.970751 -92.188007;
4533710 -3.967248 -92.751517 -92.664525;
4559071 -4.554634 -98.070299 -97.507729;
4585495 -5.137743 -56.529763 -92.664525;
4610905 -5.745293 -115.854860 -92.664525;
4637417 -6.372591 -114.835352 -98.070299;
4663835 -7.065546 -82.419875 -98.070299;
4689215 -7.722567 -108.437353 -110.128300;
4715948 -8.473892 -105.001538 -105.073630;
4742468 -9.265270 -96.684456 -97.894164;
4768908 -10.062490 -104.618443 -103.365056;
4795344 -10.848424 -97.210206 -103.365056;
4821837 -11.622535 -107.381707 -105.267182;
4847230 -12.389416 -123.127340 -105.730045;
4873840 -13.124455 -97.928820 -103.805715;
4899408 -13.871973 -104.830262 -104.830262;
4924930 -14.618324 -113.911039 -106.508239;
4950898 -15.352813 -88.906941 -106.508239;
4977368 -16.112427 -117.514334 -107.344049;
5003852 -16.932795 -100.284601 -106.144097;
5029268 -17.838911 -108.562267 -105.965394;
5055720 -18.708487 -111.481391 -107.988561;
5081098 -19.538797 -113.393306 -110.210571;
5107544 -20.335396 -123.268389 -110.943987;
5133397 -21.107376 -116.690769 -110.943987;
5159056 -21.844286 -117.076072 -117.076072;
5185310 -22.546677 -117.623927 -117.076072;
5211853 -23.243309 -119.547257 -117.157675;
5237249 -23.891687 -111.183434 -117.809601;
5263694 -24.512047 -103.573572 -116.572422;
5289835 -25.181852 -117.822101 -117.822101;
5315361 -25.891850 -123.122097 -116.405968;
5341342 -26.544224 -124.892826 -116.896884;
5367838 -27.167372 -106.606990 -116.405968;
5392960 -27.802872 -120.177248 -118.280435;
5419393 -28.400047 -119.797912 -119.589411;
5445819 -29.028385 -132.156388 -118.346760;
5471247 -29.727968 -116.426381 -118.346760;
5497072 -30.353769 -119.134991 -118.346760;
5523674 -31.129309 -127.279020 -119.052679;
5549206 -31.771412 -107.521496 -119.159400;
5575674 -32.387688 -134.619051 -123.789413;
5601486 -33.163948 -111.499842 -123.789413;
5626899 -33.857128 -135.472910 -124.352374;
5653360 -34.570244 -119.855445 -119.420171;
5679869 -35.294590 -128.008107 -124.543700;
5705301 -36.010536 -110.325159 -124.543700;
5731764 -36.521118 -110.468781 -124.543700;
5757164 -37.052399 -126.211668 -124.543700;
5783642 -37.660446 -106.922857 -111.853194;
5809060 -38.234474 -139.485000 -125.272074;
5835511 -38.792892 -118.346870 -125.105273;
5860906 -39.310604 -139.654165 -128.590759;
5887554 -39.807648 -128.210075 -125.272074;
5912968 -40.220184 -146.588965 -127.885308;
5939433 -40.613617 -119.035805 -123.475254;
5965910 -40.881500 -139.073240 -136.395283;
5992457 -41.131718 -115.428122 -136.395283;
6017928 -41.235069 -132.136267 -126.925918;
6044517 -41.134354 -122.714323 -123.631793;
6070108 -41.029217 -124.010696 -124.010696;
6096904 -40.788544 -119.298757 -124.010696;
6123450 -40.442036 -134.531696 -126.925918;
6149250 -39.980015 -141.958872 -126.925918;
6175815 -39.365147 -121.447025 -123.919642;
6201272 -38.732048 -143.563739 -126.840437;
6227729 -38.228348 -108.811098 -125.638256;
6253264 -37.503304 -133.778709 -126.174001;
6279782 -36.839005 -114.872562 -126.840437;
6305146 -36.195690 -139.061368 -127.054778;
6331772 -35.580372 -113.425560 -118.892836;
6357146 -34.763706 -133.872675 -134.756414;
6383613 -34.113281 -122.600173 -133.872675;
6408998 -33.312401 -125.020961 -128.580591;
6435488 -32.617897 -122.512572 -125.882816;
6460988 -31.793674 -125.505752 -124.699264;
6487456 -30.974171 -120.726030 -123.248599;
6513008 -30.123558 -118.462168 -122.300724;
6539367 -29.286779 -123.594331 -123.248599;
6565826 -28.423573 -109.545653 -123.048001;
6591227 -27.515079 -126.533239 -121.624449;
6617014 -26.689449 -114.718058 -121.624449;
6643813 -25.878832 -115.962512 -121.268059;
6669262 -24.958256 -94.344821 -118.523747;
6695832 -24.084053 -99.550980 -113.890521;
6721227 -23.192842 -106.869502 -107.700038;
6747784 -22.367409 -117.102841 -117.861526;
6773180 -21.471363 -97.741150 -117.861526;
6799731 -20.721889 -105.327458 -107.244567;
6825158 -19.938332 -105.380139 -105.987892;
6852279 -19.220165 -111.565615 -107.536647;
6878807 -18.454153 -115.091863 -110.195428;
6904237 -17.723518 -110.135127 -110.195428;
6930872 -17.004490 -107.070399 -109.699700;
6956348 -16.251390 -110.781701 -109.699700;
6982829 -15.525228 -98.630494 -107.143562;
7008432 -14.770418 -103.958491 -107.143562;
7033927 -14.010927 -105.424484 -107.143562;
7060403 -13.295121 -111.780298 -107.458403;
7086877 -12.577641 -108.143914 -107.922681;
7112267 -11.820606 -101.261688 -105.947162;
7138626 -11.094568 -107.534164 -107.534164;
7164046 -10.338005 -99.340297 -107.445666;
7190538 -9.608393 -105.684901 -107.445666;
7215928 -8.887649 -88.594530 -105.503824;
7242415 -8.136803 -91.032995 -99.703309;
7268780 -7.394358 -95.071307 -99.519516;
7294147 -6.675056 -102.544044 -102.544044;
7320669 -5.982982 -118.529628 -103.283678;
7346786 -5.244820 -104.514946 -103.324489;
7372180 -4.597677 -96.213376 -99.519516;
7398583 -3.980467 -91.648138 -99.519516;
7423939 -3.346392 -90.637196 -99.324933;
7450388 -2.713459 -99.627557 -99.324933;
7476817 -2.105334 -89.772064 -95.308940;
7502171 -1.497669 -94.797114 -94.993384;
7528595 -0.919753 -89.825186 -94.968540;
7553958 -0.205296 -90.762922 -94.968540;
7580401  0.407675 -97.589161 -94.993384;
7606904  1.079449 -77.391202 -90.762922;
7633336  1.752746 -87.025121 -89.823270;
7659906  2.450067 -97.567709 -94.939496;
7686433  3.176178 -90.384747 -94.939496;
7712487  3.908000 -81.353517 -90.359868;
7737997  4.610861 -107.849442 -90.359868;
7764491  5.299047 -76.654565 -89.819142;
7789895  6.024294 -104.488597 -97.567709;
7816301  6.719705 -71.151068 -97.567709;
7842719  7.458670 -74.021515 -89.827099;
7868059  8.228623 -75.711899 -77.920139;
7894646  8.971801 -88.119015 -88.073654;
7920754  9.763728 -82.469544 -88.073654;
7946640  10.541388 -83.776699 -88.119015;
7972397  11.315597 -71.700160 -83.251530;
7998267  12.129597 -79.127160 -82.469544;
8024696  12.965731 -75.304572 -80.628630;
8050547  13.815494 -85.990263 -83.251530;
8076327  13.742874 -30.977331 -83.251530;
8104064  14.611916 -70.051407 -80.628630;
8130711  15.546927 -82.966273 -80.628630;
8156427  16.434212 -71.510758 -77.068291;
8182040  17.294422 -81.133242 -80.576738;
8208839  17.197836 -11.189370 -80.576738;
8234108  18.167101 -81.083308 -79.477809;
8260566  19.043222 -78.243113 -77.930069;
8286401  20.026007 -54.684700 -76.221006;
8312216  20.985649 -76.570095 -77.534582;
8338063  21.989084 -72.234325 -78.025639;
8364598  22.993763 -57.211109 -76.570095;
8390202  24.027210 -80.721024 -76.570095;
8415978  23.986166 -60.947122 -70.114429;
8442867  24.919218 -55.323782 -70.114429;
8468598  25.939358 -66.658070 -70.903615;
8494294  26.915564 -47.809247 -65.731500;
8520055  27.888088 -74.379087 -65.731500;
8546027  28.863073 -67.094480 -66.022220;
8572750  29.812340 -40.024313 -66.022220;
8598314  30.834749 -70.438721 -70.050536;
8623975  31.684021 -50.271309 -66.022220;
8650409  32.600765 -74.019846 -66.022220;
8675927  33.438583 -75.815576 -72.977967;
8702613  34.262562 -37.173425 -72.977967;
8728205  35.124256 -79.149324 -75.815576;
8754953  35.899048 -51.734315 -72.977967;
8781597  36.601845 -61.037065 -61.922714;
8807192  37.301910 -33.134657 -52.400150;
8832995  37.897823 -41.762099 -52.400150;
8859114  38.498581 -70.147349 -70.147349;
8885823  39.040897 -91.778349 -69.267388;
8911401  39.489037 -68.617394 -68.334364;
8937143  39.781132 -38.275173 -44.647137;
8963381  39.871525 -49.686908 -49.686908;
8989064  39.963657 -15.512485 -61.699141;
9015069  39.726826 -47.682813 -49.686908;
9041830  39.487022 -55.764692 -47.533227;
9067530  39.053127 -38.416587 -43.927898;
9093272  38.525787 -39.214561 -44.413911;
9118935  37.886364 -78.757804 -59.000536;
9145543  37.033413 -39.437292 -47.490793;
9171451  36.149052 -79.613610 -47.490793;
9197159  35.150703 -53.887638 -53.887638;
9222903  34.219330 -43.338711 -53.887638;
9249699  33.289795 -79.609152 -69.540455;
9275611  32.248230 -51.788394 -60.358622;
9301295  31.241024 -80.500731 -60.358622;
9327877  30.308165 -54.020260 -54.726737;
9352930  29.342690 -81.655903 -76.793582;
9379637  28.436575 -68.575311 -78.102380;
9405421  27.470638 -41.261027 -65.995976;
9431100  26.621538 -80.833038 -65.995976;
9457886  25.818235 -15.053800 -63.512459;
9484720  24.889517 -75.077952 -75.077952;
9510330  24.016081 -54.419261 -75.077952;
9536616  23.229404 -65.267743 -66.413030;
9562417  22.357351 -83.481093 -66.413030;
9588687  21.512417 -58.624799 -64.598880;
9614884  20.654932 -89.655062 -80.153017;
9640974  19.812628 -55.637343 -80.153017;
9666988  18.973764 -70.571162 -70.571162;
9693945  18.120266 -76.290538 -70.571162;
9720840  17.235830 -83.022201 -76.290538;
9746346  16.269253 -32.620060 -80.415841;
9771939  15.395040 -66.514622 -80.415841;
9798722  14.517844 -92.560858 -80.404658;
9824530  13.565924 -63.827921 -73.689893;
9850308  12.696332 -83.882204 -79.906917;
9876157  11.889934 -85.256497 -84.187605;
9901972  10.911618 -72.835935 -84.187605;
9928865  10.028785 -84.705616 -83.926757;
9954721  9.123866 -78.800590 -79.956179;
9980526  8.253841 -78.548363 -79.840718;
10006023  7.446598 -93.425054 -83.926757;
