380577  0.000000  0.000000  0.000000;
393048 -0.003046 -95.234877 -95.234877;
419697 -0.003046 -95.279568 -95.239281;
445055 -0.011997 -95.396968 -95.245347;
471447 -0.017804 -95.339923 -95.253847;
497889 -0.023848 -95.311776 -95.261493;
523193 -0.029096 -95.117039 -95.265644;
549596 -0.036436 -95.429182 -95.270259;
576009 -0.046111 -95.198962 -95.266715;
602414 -0.035626 -95.427944 -95.274430;
628832 -0.025145 -95.483677 -95.286822;
653969  0.004298 -95.184270 -95.292522;
680391  0.050351 -95.131928 -95.288366;
706822  0.129415 -95.140958 -95.283012;
732192  0.261772 -94.914664 -95.277439;
758617  0.388815 -95.001901 -95.272426;
783973  0.539700 -94.471831 -95.256414;
810366  0.703062 -94.464172 -95.227027;
836792  0.878747 -94.452830 -95.152914;
862126  1.100645 -94.187263 -95.086204;
888544  1.313373 -93.963537 -95.026157;
914190  1.590056 -93.754469 -94.961446;
940623  1.858654 -94.405723 -94.903194;
965997  2.169393 -93.138260 -94.808497;
992419  2.504098 -92.779340 -94.721894;
1018831  2.884090 -92.298093 -94.643974;
1044183  3.311118 -91.674606 -94.494606;
1070585  3.721008 -91.431105 -94.275511;
1097004  4.172059 -91.158393 -94.014910;
1123396  4.664944 -90.528329 -93.780267;
1149846  5.185129 -90.102646 -93.568670;
1175192  5.752895 -89.545324 -93.327632;
1201682  6.296963 -88.860955 -93.005356;
1227117  6.886214 -87.540911 -92.659310;
1253757  7.465200 -87.541740 -92.346609;
1279149  8.080157 -87.199606 -92.065339;
1305560  8.678711 -86.546696 -91.613306;
1332001  9.294026 -86.312559 -91.172041;
1358430  9.897931 -85.541729 -90.710392;
1384850  10.501561 -83.976575 -90.294790;
1410239  11.116280 -83.978020 -89.920688;
1436660  11.712824 -82.881384 -89.482430;
1462049  12.327970 -82.333010 -88.935170;
1488436  12.959787 -81.882083 -88.331935;
1514879  13.616441 -81.521589 -87.788371;
1540209  14.314052 -81.427493 -87.299042;
1566649  15.024065 -80.429520 -86.761063;
1592004  15.790624 -79.637220 -86.225671;
1618426  16.571016 -78.671921 -85.642224;
1644566  17.384249 -77.960941 -85.117271;
1669979  18.217136 -76.788319 -84.645010;
1696453  19.034620 -75.680299 -84.049297;
1722879  19.889063 -75.174652 -83.326538;
1748203  20.707260 -74.287587 -82.561635;
1774661  21.491337 -73.975354 -81.872646;
1799996  22.228121 -73.030134 -81.252258;
1826426  22.933634 -72.068387 -80.559168;
1853000  23.630499 -71.231355 -79.805947;
1879455  24.318176 -70.831517 -79.035298;
1905913  25.011662 -70.842309 -78.340477;
1931252  25.738752 -69.735870 -77.714309;
1957669  26.435091 -68.997473 -77.030995;
1983067  27.164684 -68.644124 -76.296456;
2009516  27.866135 -68.046820 -75.573310;
2035947  28.598631 -67.060351 -74.922444;
2062381  29.312469 -67.164102 -74.336780;
2088844  30.026390 -65.219184 -73.690356;
2114197  30.712004 -64.311502 -73.039383;
2140623  31.330927 -64.135452 -72.258867;
2165966  31.926823 -63.427391 -71.555445;
2192394  32.367519 -63.383977 -70.921771;
2218802  32.827084 -61.983565 -70.236266;
2244186  33.205261 -62.336571 -69.552292;
2270599  33.494366 -61.759927 -68.835981;
2295983  33.713734 -62.132289 -68.191610;
2322398  33.840847 -61.672098 -67.612067;
2348815  33.884804 -61.719827 -67.060356;
2374163  33.752922 -61.546979 -66.543806;
2400641  33.626377 -61.819910 -66.071850;
2425965  33.403637 -62.132426 -65.665388;
2452387  33.117920 -62.351092 -65.311089;
2478845  32.765762 -63.452157 -64.992348;
2504216  32.298405 -63.267424 -64.705603;
2530648  31.850248 -64.033855 -64.543885;
2556014  31.320398 -63.869585 -64.453043;
2582445  30.763121 -65.023326 -64.394333;
2608881  30.138462 -65.557580 -64.341563;
2634233  29.445477 -66.651210 -64.294127;
2660709  28.780907 -66.877257 -64.420785;
2686075  28.015730 -67.774109 -64.637410;
2712537  27.282633 -68.969737 -64.868124;
2738966  26.494429 -68.987586 -65.075739;
2765417  25.685015 -71.046113 -65.262565;
2791834  24.860794 -69.995170 -65.634943;
2817245  24.031179 -71.874185 -66.070646;
2843659  23.233158 -72.892775 -66.567112;
2869004  22.393959 -74.184774 -67.014309;
2895615  21.586788 -75.793704 -67.417046;
2921052  20.722641 -76.498411 -68.096653;
2947461  19.895842 -75.659923 -68.853162;
2973878  19.075752 -76.603227 -69.542039;
2999228  18.255413 -76.781924 -70.162123;
3025698  17.501492 -77.642603 -70.720151;
3051061  16.714262 -79.062166 -71.329320;
3077505  15.973508 -80.225155 -71.961329;
3103921  15.216120 -80.990152 -72.671615;
3129299  14.484538 -81.168365 -73.311539;
3155506  13.797976 -81.936286 -73.887874;
3181926  13.088987 -82.397250 -74.620487;
3207246  12.385530 -83.670791 -75.356963;
3233665  11.723730 -84.196277 -76.065013;
3259002  11.027559 -84.808347 -76.701635;
3285428  10.366476 -85.166688 -77.273957;
3311863  9.687873 -85.835995 -78.030942;
3337190  9.032446 -86.533421 -78.748527;
3363514  8.404491 -87.120331 -79.460601;
3389939  7.764276 -87.921097 -80.101338;
3415274  7.136934 -88.209097 -80.677759;
3441686  6.544365 -88.793345 -81.401900;
3467754  5.947978 -89.398365 -82.085116;
3493093  5.359359 -89.704466 -82.757489;
3519516  4.803835 -90.759792 -83.362600;
3545937  4.224546 -91.107013 -83.906332;
3571339  3.650545 -92.577829 -84.594104;
3597731  3.095191 -92.126591 -85.247520;
3623094  2.512150 -92.595200 -85.935350;
3648991  1.934028 -93.254409 -86.553817;
3675486  1.343735 -93.754469 -87.110005;
3701909  0.729698 -94.206541 -87.727693;
3727249  0.104421 -95.244739 -88.332984;
3753692 -0.484396 -95.592607 -88.924324;
3779069 -1.054030 -95.420792 -89.456017;
3805499 -1.600701 -96.617432 -89.934144;
3831927 -2.141003 -97.268814 -90.485353;
3857268 -2.681264 -97.787919 -91.098182;
3883717 -3.195435 -98.034418 -91.712610;
3909095 -3.739356 -98.607656 -92.266680;
3935520 -4.273650 -99.119728 -92.765846;
3961935 -4.864279 -99.451578 -93.352318;
3987305 -5.454684 -100.224992 -93.928044;
4013730 -6.039550 -100.870514 -94.485687;
4039094 -6.666085 -101.569537 -94.989337;
4065533 -7.284889 -102.096310 -95.445224;
4091978 -7.955753 -102.960877 -96.059836;
4118385 -8.626770 -103.390309 -96.663467;
4144806 -9.303677 -103.943876 -97.291038;
4170168 -9.993446 -104.702072 -97.859590;
4196606 -10.673767 -105.298373 -98.375252;
4221964 -11.431791 -106.129887 -99.007430;
4248378 -12.158850 -107.160843 -99.640126;
4274978 -12.940381 -107.540476 -100.280928;
4301423 -13.727416 -108.281788 -100.866300;
4327875 -14.509865 -109.086983 -101.395772;
4353220 -15.286059 -110.046592 -102.084554;
4379829 -16.029770 -110.789398 -102.785427;
4405370 -16.803665 -112.073926 -103.505695;
4431794 -17.533241 -112.214849 -104.162245;
4457122 -18.277552 -112.854442 -104.764282;
4483558 -18.990602 -112.728120 -105.508423;
4509995 -19.729197 -114.195223 -106.218593;
4536419 -20.452480 -114.779710 -106.877747;
4562864 -21.175409 -115.785757 -107.481258;
4588209 -21.899317 -116.584776 -108.037642;
4614646 -22.590403 -116.920216 -108.813342;
4640008 -23.314898 -117.825470 -109.583492;
4666490 -24.035101 -118.142847 -110.318950;
4692950 -24.787109 -118.996449 -110.989881;
4719403 -25.546572 -119.968049 -111.618766;
4745815 -26.306641 -120.480565 -112.355569;
4771158 -27.057467 -121.407122 -113.114723;
4797569 -27.745790 -122.075175 -113.840448;
4822959 -28.463121 -122.768171 -114.508074;
4849399 -29.053875 -123.430792 -115.145573;
4875847 -29.669060 -123.886818 -115.909997;
4901195 -30.208921 -124.509489 -116.647570;
4927626 -30.643900 -125.018449 -117.359851;
4953008 -30.997793 -125.232161 -118.017187;
4979434 -31.127609 -125.345182 -118.649925;
5005879 -31.262766 -125.554542 -119.310125;
5031286 -31.265188 -125.393561 -119.907920;
5057702 -31.152311 -125.256515 -120.445393;
5083087 -30.921223 -124.683378 -120.926470;
5109506 -30.507311 -124.279267 -121.355642;
5135933 -30.076540 -123.811323 -121.675181;
5161272 -29.566963 -123.537937 -121.944882;
5187671 -29.012600 -122.901118 -122.183413;
5213044 -28.387890 -121.564367 -122.343087;
5239494 -27.749886 -121.275337 -122.439145;
5265899 -27.057743 -120.550308 -122.351890;
5291265 -26.340172 -119.848091 -122.259373;
5317700 -25.650837 -118.823625 -122.144689;
5343082 -24.931240 -118.574075 -121.995131;
5369504 -24.235270 -116.603377 -121.718245;
5395079 -23.512396 -116.645158 -121.403634;
5421508 -22.816210 -116.129384 -121.085711;
5447938 -22.096777 -115.677611 -120.783991;
5473381 -21.380947 -115.014414 -120.352501;
5499818 -20.694958 -114.290346 -119.905648;
5525167 -19.990240 -114.114852 -119.414880;
5551610 -19.318781 -113.148788 -118.948100;
5578016 -18.621977 -112.086337 -118.524231;
5604434 -17.933002 -112.381614 -118.080792;
5630860 -17.243715 -110.968979 -117.532817;
5656139 -16.567129 -110.364408 -116.983436;
5682564 -15.931873 -109.498565 -116.482667;
5707959 -15.281940 -109.093447 -116.017622;
5734373 -14.667419 -108.275947 -115.453772;
5760814 -14.028241 -107.650407 -114.836284;
5786130 -13.391639 -107.140163 -114.183803;
5812571 -12.789080 -106.317689 -113.595183;
5838999 -12.171854 -105.804902 -113.056087;
5865427 -11.573492 -105.386263 -112.454879;
5891860 -10.975130 -104.605172 -111.795993;
5917222 -10.371408 -104.103234 -111.154541;
5943623 -9.787114 -103.691580 -110.571380;
5968971 -8.582480 -103.135114 -110.037509;
5995895 -8.582480 -102.306315 -109.443818;
6021223 -7.944937 -101.734500 -108.821987;
6047638 -7.332811 -101.228554 -108.182495;
6072979 -6.694415 -100.555238 -107.593509;
6099330 -6.077720 -100.168268 -107.060578;
6125742 -5.438457 -99.207627 -106.477226;
6151120 -4.827956 -98.486417 -105.856883;
6177550 -4.314197 -98.094685 -105.193084;
6203287 -3.779141 -97.779251 -104.595039;
6229693 -3.300158 -97.242321 -104.051727;
6255044 -2.847829 -96.890729 -103.458530;
6281475 -2.458856 -96.288450 -102.842550;
6306984 -2.135631 -96.360815 -102.246080;
6333444 -1.823681 -95.611476 -101.704180;
6359770 -1.556657 -95.592157 -101.216901;
6385207 -1.290986 -94.520619 -100.722047;
6411833 -1.035062 -95.137145 -100.199864;
6437172 -0.760672 -94.835540 -99.693661;
6463598 -0.490260 -94.719660 -99.235911;
6489999 -0.174762 -94.363730 -98.824202;
6516432  0.140437 -94.127418 -98.413770;
6542852  0.474179 -93.536247 -98.009145;
6568199  0.824698 -93.383180 -97.615009;
6594620  1.166786 -92.883614 -97.259030;
6619968  1.543134 -92.400920 -96.938740;
6646401  1.904198 -92.302979 -96.581016;
6672863  2.306141 -91.816946 -96.162169;
6698283  2.708525 -91.434190 -95.776934;
6724823  3.109035 -90.910584 -95.429790;
6750229  3.542184 -90.617023 -95.117389;
6776647  3.978159 -90.211772 -94.748690;
6802014  4.504099 -89.802049 -94.334680;
6828489  5.009115 -89.091723 -93.920763;
6854868  5.583077 -88.811558 -93.548448;
6880236  6.204091 -87.854657 -93.213563;
6906656  6.845843 -87.174464 -92.800991;
6932171  7.597704 -86.449124 -92.306587;
6958591  8.323811 -86.389136 -91.794239;
6984986  9.124881 -85.264652 -91.332798;
7011415  9.925193 -83.809281 -90.917286;
7037910  10.764869 -83.280718 -90.464845;
7063255  11.666912 -82.589672 -89.801833;
7089678  12.529803 -81.938323 -89.137482;
7115025  13.472963 -80.516909 -88.539442;
7141499  14.377716 -79.579237 -88.001217;
7167906  15.347352 -78.930341 -87.394666;
7193250  16.324612 -77.597782 -86.609222;
7219656  17.267563 -76.617920 -85.841486;
7245029  18.273813 -76.123346 -85.149857;
7271457  19.240700 -74.979340 -84.527023;
7297897  20.232859 -74.173335 -83.738218;
7323253  21.225470 -73.375882 -82.866725;
7349687  22.168867 -72.341152 -81.993488;
7376058  24.064240 -70.526617 -81.206808;
7402730  24.064240 -70.154530 -80.498429;
7428103  24.988190 -69.055014 -79.682247;
7454563  25.828791 -68.293570 -78.732568;
7480004  26.705404 -67.566209 -77.766146;
7506411  27.509418 -67.014460 -76.894836;
7532843  28.307272 -66.615394 -76.109763;
7558221  29.077633 -65.255733 -75.241044;
7584623  29.737461 -64.885767 -74.372908;
7610014  30.423914 -63.842746 -73.457686;
7636008  30.992207 -63.738403 -72.633580;
7662462  31.573996 -62.595722 -71.891847;
7688880  32.124077 -62.636713 -71.078665;
7714229  32.541523 -62.064503 -70.237028;
7740657  32.942078 -61.506137 -69.461057;
7766036  33.207165 -61.146897 -68.762655;
7792443  33.461731 -61.234019 -68.134250;
7818845  33.628235 -60.970121 -67.468443;
7844206  33.687084 -60.776263 -66.844622;
7870678  33.645267 -60.988869 -66.268658;
7896018  33.411667 -61.310864 -65.764801;
7922451  33.188057 -61.372055 -65.331936;
7948870  32.862385 -61.899580 -64.940900;
7974250  32.440083 -62.569876 -64.589197;
8000738  31.946819 -62.564457 -64.326225;
8026099  31.258131 -63.556984 -64.147692;
8052533  30.598745 -64.085143 -63.991393;
8077959  29.791601 -65.311501 -63.850799;
8104369  29.015234 -65.788417 -63.724326;
8130778  28.162857 -66.431296 -63.883563;
8156145  27.279062 -67.282741 -64.054032;
8182605  26.407290 -67.734760 -64.312311;
8209013  25.466444 -70.014035 -64.544645;
8235419  24.527449 -69.550322 -64.753644;
8261889  23.566753 -71.718356 -65.229295;
8287260  22.591606 -72.496476 -65.708286;
8313683  21.642227 -73.059812 -66.311281;
8339025  20.625648 -74.417203 -66.853905;
8365421  19.650658 -75.021010 -67.342125;
8391863  18.623430 -75.819530 -68.038719;
8417206  17.594412 -77.380469 -68.751110;
8443639  16.620932 -77.763283 -69.459599;
8469148  15.612442 -79.430279 -70.097424;
8495617  14.655173 -80.125723 -70.671482;
8521522  13.678447 -80.813815 -71.551202;
8547947  12.722532 -81.913301 -72.408937;
8574352  11.774056 -83.320640 -73.252888;
8600810  10.846455 -83.710080 -74.012372;
8626453  9.938400 -84.768683 -74.695620;
8652677  9.117825 -85.329639 -75.600831;
8678047  8.278657 -86.594312 -76.520548;
8704463  7.538085 -87.237985 -77.407469;
8730050  6.766980 -87.845084 -78.205759;
8756439  6.060701 -88.372902 -78.924005;
8782875  5.412458 -88.996616 -79.818932;
8808240  4.763061 -89.375680 -80.678836;
8834017  4.180246 -90.211570 -81.516427;
8860442  3.614333 -90.541016 -82.269358;
8886467  3.045489 -91.261393 -82.946587;
8912938  2.483667 -91.671895 -83.712943;
8938223  1.917875 -92.007819 -84.474790;
8964632  1.407928 -91.858056 -85.201018;
8989979  0.875313 -93.079996 -85.853309;
9016383  0.391205 -93.909347 -86.438779;
9042826 -0.113091 -94.727635 -87.108081;
9068184 -0.606021 -94.807084 -87.792536;
9094615 -1.065562 -95.081499 -88.491965;
9120003 -1.532846 -95.693284 -89.120793;
9146452 -1.961535 -95.976464 -89.686077;
9172884 -2.408140 -96.116272 -90.293311;
9198227 -2.858896 -96.887899 -90.872408;
9224618 -3.293016 -97.343898 -91.397961;
9249994 -4.211386 -97.646246 -91.870971;
9276394 -4.211386 -98.264398 -92.296903;
9302814 -4.701902 -98.550767 -92.829863;
9328155 -5.210135 -99.002661 -93.376409;
9354620 -5.721210 -99.516675 -93.893940;
9379964 -6.279197 -100.135302 -94.361815;
9406375 -6.833670 -100.560729 -94.783093;
9432794 -7.440921 -101.059044 -95.314422;
9458181 -8.100388 -102.015649 -95.841589;
9484589 -8.734094 -102.428242 -96.357997;
9509950 -9.413848 -103.163452 -96.826290;
9536372 -10.096852 -103.901076 -97.249227;
9562811 -10.836668 -104.392136 -97.842716;
9588143 -11.610463 -105.539315 -98.445723;
9614571 -12.351859 -105.988548 -99.032687;
9640536 -13.132595 -106.865395 -99.560608;
9665995 -13.899652 -107.747372 -100.052179;
9692421 -14.643600 -108.368794 -100.732835;
9718834 -15.410155 -109.082931 -101.434765;
9744332 -16.173914 -109.934309 -102.120145;
9770752 -16.896421 -110.664233 -102.745365;
9796104 -17.645056 -111.478380 -103.322885;
9822519 -18.344849 -111.946281 -104.058926;
9848943 -19.073984 -112.456789 -104.791968;
9874417 -19.772707 -114.255047 -105.490984;
9900844 -20.401585 -114.127649 -106.136505;
9926191 -21.053989 -113.785249 -106.734070;
9952626 -21.715721 -114.585553 -107.424813;
9978016 -22.405857 -115.578301 -108.101650;
10004432 -23.053205 -116.713447 -108.750872;
