387133  0.000000  0.000000  0.000000;
398593  0.000000 -94.797918 -94.797918;
424897 -0.013997 -94.661641 -94.661641;
450242 -0.047730 -94.833030 -94.797918;
476658 -0.077138 -94.566215 -94.797918;
503069 -0.107789 -94.940535 -94.838790;
529503 -0.127547 -94.770771 -94.797918;
555911 -0.133197 -94.756809 -94.721666;
581279 -0.138841 -94.907655 -94.797918;
607695 -0.136130 -94.719785 -94.792206;
633092 -0.133307 -94.747941 -94.792206;
659522 -0.126328 -94.858132 -94.797918;
685932 -0.115029 -96.661985 -94.802497;
711296 -0.103336 -92.272857 -94.750208;
737715 -0.066936 -94.021220 -94.743413;
763075 -0.029022 -96.041095 -94.920520;
789540  0.012793 -94.159941 -94.743413;
815952  0.056430 -93.810144 -94.211560;
841323  0.127400 -94.654499 -94.682203;
867748  0.212228 -95.022574 -94.736638;
893132  0.321559 -94.451984 -94.736638;
919554  0.456036 -94.004620 -94.695617;
945989  0.596012 -94.356451 -94.449857;
971350  0.758254 -94.252043 -94.369988;
997808  0.921649 -92.854963 -94.369988;
1023173  1.105441 -93.557682 -94.363730;
1049618  1.301778 -93.391226 -94.000789;
1076035  1.506474 -93.151907 -93.562790;
1102440  1.729910 -92.860463 -93.380685;
1128879  1.968562 -92.611325 -93.374231;
1158721  2.560035 -92.674698 -93.371013;
1184578  2.560035 -91.242705 -92.854998;
1211045  2.882162 -91.672787 -92.677254;
1237466  3.279369 -91.543567 -91.694413;
1263925  3.675886 -91.009073 -91.694413;
1289284  4.100846 -90.498732 -91.689963;
1315724  4.537176 -90.047800 -91.238549;
1342032  5.019958 -89.387934 -90.500883;
1368561  5.534470 -89.733487 -90.047868;
1394973  6.053304 -88.510855 -90.047868;
1420434  6.592028 -87.809907 -90.047868;
1446982  7.124182 -87.605322 -89.389107;
1472395  7.690404 -86.969970 -87.810955;
1498813  8.274322 -86.430295 -87.604175;
1524162  8.881330 -84.923565 -87.604175;
1550606  9.493190 -84.958453 -87.604175;
1577075  10.157722 -84.145907 -86.439685;
1603509  10.860463 -83.688947 -84.992215;
1629984  11.638954 -82.729925 -84.138911;
1655342  12.418653 -81.951773 -84.138911;
1681798  13.213075 -81.402961 -84.138911;
1707149  14.087132 -79.961118 -82.726451;
1733570  14.971902 -79.341671 -81.402961;
1759991  15.972672 -78.478817 -80.109767;
1785372  16.973444 -77.419198 -80.109767;
1811814  17.944510 -77.305837 -80.109767;
1837181  18.956169 -75.617307 -78.437688;
1863595  19.916630 -73.837003 -77.338958;
1890050  20.910683 -73.650479 -75.549563;
1916482  21.871141 -72.922010 -75.549563;
1942914  22.744003 -72.048049 -75.549563;
1968316  23.616865 -70.781145 -73.724042;
1994765  25.160257 -70.573851 -72.048049;
2020118  25.160257 -69.405290 -70.781145;
2046549  25.847691 -68.784567 -70.781145;
2072968  26.508667 -66.944341 -70.781145;
2098361  27.169344 -67.878572 -69.633352;
2124770  27.793119 -66.614371 -67.878572;
2150137  28.412018 -66.434273 -66.944341;
2176557  28.979000 -66.255540 -66.944341;
2203007  29.478357 -65.707241 -66.944341;
2228353  29.978283 -64.864993 -66.511435;
2254759  30.364859 -64.632417 -65.639428;
2280120  30.767601 -64.390520 -64.999669;
2306569  31.098263 -64.049126 -64.999669;
2334064  31.388193 -63.414955 -64.999669;
2360534  31.617388 -63.217484 -64.253479;
2386944  31.760447 -63.378200 -63.562853;
2412337  31.801977 -63.261142 -63.322649;
2438778  31.757395 -63.526317 -63.581706;
2464117  31.566858 -63.396526 -63.581706;
2490525  31.384262 -63.167930 -63.396526;
2516989  31.044386 -64.119262 -63.396526;
2542319  30.703789 -64.445429 -64.119262;
2568752  30.317457 -64.638984 -64.253479;
2594113  29.861437 -64.865296 -64.427563;
2620567  29.385580 -65.976821 -64.427563;
2646978  28.836710 -65.958038 -64.427563;
2672576  28.288733 -67.298797 -65.750905;
2698992  27.717369 -67.583912 -66.004810;
2724417  27.127748 -67.754974 -67.469052;
2750838  26.550154 -69.090957 -67.469052;
2776198  25.928957 -69.234832 -67.469052;
2802640  25.304056 -69.671223 -69.041854;
2828033  24.609297 -70.474611 -69.283565;
2854456  23.942101 -70.918455 -69.671223;
2880909  23.192575 -72.768107 -69.671223;
2906272  22.442198 -72.246730 -69.671223;
2932739  21.698345 -74.098267 -72.246730;
2958110  20.895445 -75.039980 -72.609896;
2984565  20.088995 -75.404548 -74.244414;
3011002  19.234358 -75.739770 -74.244414;
3036417  18.380301 -75.986329 -74.244414;
3062818  17.585646 -77.321925 -75.733000;
3088185  16.760160 -78.498146 -75.996316;
3114590  15.993729 -79.558436 -77.321925;
3141025  15.199563 -80.288915 -77.321925;
3167455  14.381894 -80.965792 -77.321925;
3193903  13.547433 -81.602016 -80.219594;
3219271  12.697463 -82.481238 -80.933694;
3245715  11.869421 -83.181086 -81.661841;
3271050  10.973959 -83.992424 -81.661841;
3297485  10.116050 -84.701389 -81.645971;
3323962  9.206766 -85.916092 -83.952083;
3349316  8.296039 -86.709993 -84.763573;
3376040  7.421616 -87.612170 -85.937613;
3402234  6.508512 -88.387784 -85.937613;
3428669  5.630313 -89.252745 -85.937613;
3454033  4.810627 -89.296397 -88.387784;
3480433  4.024149 -90.844954 -89.252030;
3506862  3.247465 -91.541352 -89.293872;
3532201  2.514312 -92.401406 -89.293872;
3558657  1.853177 -93.020463 -89.293872;
3585065  1.211771 -93.303319 -92.407152;
3611504  0.571528 -93.968127 -93.020463;
3637954 -0.061797 -94.736483 -93.293854;
3663315 -0.682464 -95.416210 -93.297003;
3689730 -1.265573 -95.758583 -93.308072;
3715083 -1.822506 -96.686328 -95.417505;
3741512 -2.357048 -96.680017 -95.758583;
3768011 -2.872313 -97.384126 -96.616232;
3793358 -3.388942 -98.065880 -96.616232;
3819786 -4.361682 -98.291906 -96.635203;
3845144 -4.361682 -98.743979 -98.104332;
3871606 -4.817739 -98.916015 -98.282061;
3898017 -5.287188 -99.496491 -98.700440;
3924408 -5.755731 -100.142554 -98.727342;
3950833 -6.225128 -100.386674 -98.739814;
3976239 -6.680202 -100.776200 -100.103994;
4002639 -7.117729 -101.293116 -100.381746;
4029050 -7.572776 -101.576155 -100.771096;
4055471 -8.028013 -102.086757 -100.773648;
4081951 -8.493104 -102.539102 -100.776200;
4107295 -8.969339 -103.105387 -102.086757;
4133712 -9.425144 -103.280549 -102.473894;
4159049 -9.933318 -103.811243 -103.059061;
4185754 -10.420717 -104.475072 -103.068300;
4211086 -10.947886 -104.891262 -103.158281;
4237559 -11.468450 -105.233983 -104.336138;
4263968 -12.041156 -105.879223 -104.755648;
4289351 -12.653199 -106.721030 -105.251719;
4315232 -13.241465 -107.371250 -105.398689;
4341321 -13.870116 -107.675339 -105.548449;
4367807 -14.503820 -108.468191 -107.371250;
4393229 -15.166577 -109.096434 -107.658712;
4419292 -15.811248 -109.777998 -108.463874;
4445743 -16.472174 -110.637492 -108.481154;
4471084 -17.135670 -111.054752 -108.651287;
4497544 -17.771322 -111.612118 -110.593988;
4523880 -18.423328 -112.409188 -111.054752;
4549246 -19.058609 -113.386919 -111.411166;
4575669 -19.657711 -114.140086 -111.612118;
4602082 -20.266851 -114.274298 -111.785771;
4628492 -20.875761 -114.642939 -114.162398;
4654913 -21.482586 -114.663262 -114.218396;
4680244 -22.087646 -115.717882 -114.416502;
4706665 -22.661945 -116.097608 -114.472745;
4733078 -23.285158 -117.312991 -114.919913;
4759488 -23.908182 -117.560205 -116.097608;
4785941 -24.549280 -118.266250 -117.055687;
4811283 -25.199903 -118.734028 -117.528699;
4837714 -25.841385 -118.655302 -117.789023;
4863062 -26.528994 -120.245098 -117.982392;
4889499 -27.188429 -120.560368 -118.655302;
4915933 -27.881441 -121.631951 -119.991702;
4941288 -28.574375 -121.664031 -120.250092;
4967747 -29.245605 -122.287717 -120.560368;
4993090 -29.954142 -123.172620 -120.707139;
5019526 -30.652525 -124.239919 -122.367307;
5045931 -31.383854 -125.049978 -122.618301;
5071294 -32.114326 -125.821430 -123.228450;
5097724 -32.813263 -126.269265 -124.239919;
5123085 -33.542812 -127.329736 -124.702590;
5149542 -34.240532 -127.468520 -126.269265;
5175954 -34.913467 -128.254798 -127.037777;
5201317 -35.585258 -129.358519 -127.189644;
5227707 -36.120399 -129.502193 -127.621015;
5253115 -36.677208 -130.256355 -128.344744;
5279548 -37.130283 -130.865336 -129.502193;
5305968 -37.497116 -130.857735 -130.123967;
5331313 -37.759701 -130.695165 -130.196993;
5357662 -37.792206 -131.036898 -130.695165;
5383024 -37.825996 -131.630330 -130.704154;
5409530 -37.667629 -130.836240 -130.955395;
5435957 -37.502117 -130.501287 -130.740354;
5461390 -36.929344 -130.136257 -130.722518;
5487809 -36.929344 -129.893434 -130.483474;
5513178 -36.517529 -129.425313 -130.242715;
5539587 -35.999302 -128.724986 -129.893434;
5566040 -35.459831 -128.401555 -129.805702;
5592437 -34.872616 -127.676292 -129.509809;
5618931 -34.193951 -127.137062 -128.724986;
5644280 -33.512791 -126.269265 -128.108456;
5670109 -32.801857 -125.452792 -127.137062;
5696582 -32.077461 -124.917160 -126.972505;
5723008 -31.306713 -123.539363 -126.518338;
5748368 -30.510706 -123.587644 -125.452792;
5774805 -29.816500 -122.596935 -124.358261;
5800151 -28.944685 -121.323858 -123.587644;
5826571 -28.108847 -120.703430 -123.549948;
5852995 -27.208954 -119.862225 -123.059275;
5878388 -26.274633 -118.867650 -121.323858;
5904806 -25.344978 -117.956392 -120.365594;
5930152 -24.319717 -116.958371 -118.867650;
5956583 -23.336060 -116.205593 -118.697733;
5983029 -22.269539 -115.108716 -118.594076;
6009631 -21.202412 -113.986567 -116.958371;
6035602 -20.113558 -111.676383 -115.461939;
6061218 -19.042601 -112.508261 -113.986567;
6087849 -17.987455 -110.364901 -113.799081;
6113258 -16.913677 -109.649265 -113.711804;
6139683 -15.889171 -108.585724 -111.676383;
6165207 -14.846291 -107.416917 -109.882698;
6191666 -13.867416 -106.574672 -108.585724;
6217027 -12.010905 -105.777813 -108.403591;
6243441 -12.010905 -104.698803 -108.275592;
6269872 -11.116862 -103.567172 -106.578564;
6295261 -10.255736 -103.489752 -104.824482;
6321687 -9.458018 -101.619540 -103.644576;
6347767 -8.651521 -101.513651 -103.489752;
6373142 -7.875890 -101.227348 -103.489752;
6399591 -7.146019 -100.406986 -101.627862;
6426012 -6.435732 -99.697754 -101.141390;
6451352 -5.726197 -98.837298 -100.406986;
6477793 -5.066196 -98.369844 -100.380013;
6503149 -4.397300 -97.785827 -100.365359;
6529544 -3.778304 -96.875960 -98.824746;
6555977 -3.162555 -96.666357 -97.785827;
6581428 -2.545919 -96.038356 -96.882516;
6607889 -1.949860 -95.054753 -96.882516;
6633246 -1.330148 -94.432068 -96.872686;
6659669 -0.721193 -94.033234 -96.038356;
6685029 -0.071711 -93.756473 -94.438443;
6711459  0.566354 -92.785311 -93.971527;
6737881  1.243043 -92.143130 -93.971527;
6763409  1.919526 -91.543197 -93.965839;
6789851  2.580916 -90.414275 -92.789973;
6815247  3.276078 -89.529413 -91.543197;
6841641  3.951495 -89.158598 -90.417243;
6868038  4.628471 -89.033417 -90.417243;
6894465  5.305524 -88.450798 -90.416348;
6920925  5.965998 -87.676085 -89.158598;
6946269  6.616793 -87.009351 -88.444129;
6972685  7.224662 -86.098323 -87.676085;
6998063  7.827995 -85.801004 -87.676085;
7024520  8.407621 -85.353017 -87.676085;
7050922  8.997350 -84.691942 -86.116948;
7076275  9.585853 -83.916293 -85.350800;
7102717  10.141684 -83.818182 -84.691942;
7128105  10.725022 -82.158206 -84.691942;
7157687  11.967477 -81.963741 -84.691942;
7184011  11.967477 -81.739434 -83.852066;
7209370  12.575139 -81.289373 -81.992474;
7235848  13.188788 -80.571000 -81.664416;
7261196  13.829515 -79.426864 -81.664416;
7287851  14.459926 -78.809016 -81.664416;
7313246  15.145224 -78.036819 -80.571000;
7339767  15.816737 -77.837459 -78.809016;
7365238  16.556896 -76.869255 -78.036819;
7391718  17.267752 -76.296015 -78.036819;
7417133  18.045576 -76.056404 -78.036819;
7443695  18.792118 -75.679458 -76.869255;
7470061  19.581678 -74.064131 -76.056404;
7496501  20.377087 -73.901152 -75.679458;
7522932  21.174726 -72.806077 -75.679458;
7548327  21.995096 -71.592145 -75.679458;
7574780  22.797268 -71.366664 -74.071546;
7600175  23.637302 -69.958890 -71.592145;
7626617  24.433271 -69.307535 -71.366664;
7652116  25.254789 -68.809638 -71.366664;
7678559  26.059856 -67.763191 -71.366664;
7704995  26.894728 -66.963465 -69.201284;
7730341  27.733011 -66.207203 -67.841699;
7756807  28.548727 -66.101545 -66.882532;
7782154  29.415033 -64.815587 -66.882532;
7808582  30.258257 -63.775596 -66.882532;
7835005  31.160440 -63.131785 -66.050962;
7860370  32.095531 -62.278070 -63.873582;
7886287  32.998604 -61.376449 -63.031873;
7912701  33.917370 -60.167110 -63.031873;
7938039  34.838837 -58.811531 -63.031873;
7964669  35.706516 -58.251407 -61.376449;
7990329  36.595673 -57.144985 -58.811531;
8016741  37.428154 -56.729490 -58.251407;
8042112  38.243500 -55.762661 -58.251407;
8068538  38.983326 -55.610388 -58.251407;
8094317  39.702274 -54.100184 -56.494246;
8120723  40.356785 -53.100498 -55.610388;
8146080  40.990932 -53.228158 -54.100184;
8172496  41.482201 -52.584012 -54.100184;
8198523  41.993984 -52.203970 -54.100184;
8224944  42.411610 -51.661290 -53.083857;
8250282  42.728260 -51.529062 -52.504107;
8276723  43.023804 -51.166752 -51.661290;
8302158  43.025822 -51.108134 -51.661290;
8328629  43.027763 -50.938920 -51.661290;
8355019  42.906925 -51.356611 -51.356611;
8381446  42.647053 -52.023412 -51.356611;
8407905  42.253269 -51.846315 -51.586921;
8433307  41.653801 -53.067128 -52.471301;
8459730  41.078281 -53.861995 -53.033860;
8485094  40.387249 -54.302660 -53.033860;
8511520  39.636784 -55.405719 -53.033860;
8537939  38.771786 -55.949972 -54.302660;
8563310  37.775124 -56.947308 -55.405719;
8589757  36.817997 -57.886223 -55.949972;
8615163  35.718933 -58.884469 -55.949972;
8641649  34.663128 -59.629041 -55.949972;
8667495  33.524433 -61.590293 -58.683817;
8694003  32.391548 -62.579818 -59.826135;
8719404  31.208199 -62.815643 -61.590293;
8745863  30.041304 -64.827118 -61.590293;
8771221  28.825806 -65.905717 -61.590293;
8797606  27.662823 -66.574682 -64.827118;
8824086  26.452738 -68.326637 -65.905717;
8850507  25.244764 -69.532870 -66.574682;
8876930  24.101603 -70.816261 -66.574682;
8902283  22.958355 -71.711283 -66.574682;
8928750  21.936493 -73.131727 -70.766299;
8954147  20.869732 -73.975354 -71.759142;
8980546  19.888748 -75.188288 -73.131727;
9006129  18.915009 -75.199228 -73.039730;
9032584  17.999098 -76.576058 -73.039730;
9059035  17.104475 -77.469742 -75.305259;
9085466  16.209988 -78.372055 -76.547450;
9112047  14.492622 -79.101450 -77.484633;
9138507  14.492622 -79.840013 -77.484633;
9164040  13.652770 -80.573301 -77.484633;
9190458  12.755022 -81.436943 -79.840013;
9216957  11.826158 -82.273239 -80.573301;
9242441  11.010960 -83.070022 -81.436943;
9268857  10.235546 -83.787298 -81.436943;
9294205  9.435404 -84.407191 -81.416522;
9320650  8.668772 -85.317534 -83.751505;
9346034  7.868962 -86.046792 -84.420612;
9372516  7.103179 -86.923297 -85.344450;
9398948  6.304272 -87.555426 -85.344450;
9424330  4.711750 -87.482574 -85.344450;
9450747  4.711750 -88.995899 -87.482574;
9476109  3.876489 -89.869829 -87.565368;
9502778  3.054837 -90.020721 -88.991330;
9528155  2.190843 -91.769751 -88.991089;
9554739  1.363282 -92.475057 -88.991089;
9580091  0.491083 -93.188359 -91.769751;
9606526 -0.346113 -94.044315 -92.475057;
9632941 -1.200912 -94.982677 -93.169332;
9658509 -2.055064 -95.861320 -93.169332;
9684967 -2.850990 -96.471600 -93.173119;
9710364 -3.649981 -97.160958 -95.896308;
9736816 -4.405300 -97.852514 -96.454626;
9762239 -5.208148 -98.680783 -97.160958;
9788788 -5.979765 -99.107105 -97.162662;
9814134 -6.825280 -100.157484 -97.166074;
9840557 -7.632482 -100.933130 -99.128692;
9867010 -8.481245 -101.966022 -100.068736;
9892359 -9.331779 -102.752256 -100.830198;
9918772 -10.151849 -103.504094 -100.909802;
9944121 -11.005533 -104.444750 -100.969614;
9970552 -11.824828 -105.127800 -103.504094;
9996991 -12.660532 -106.089582 -104.363361;
10022369 -13.496489 -106.615246 -104.954420;
