388464  0.000000  0.000000  0.000000;
401529 -0.006981 -94.158708 -94.158708;
427651 -0.006981 -94.686666 -94.168628;
453108 -0.021737 -94.215848 -94.253964;
479510 -0.037672 -94.351704 -94.351704;
505982 -0.054199 -94.219166 -94.351704;
531732 -0.063494 -94.331264 -94.321990;
557961 -0.074895 -94.552810 -94.328168;
583339 -0.088109 -94.590797 -94.481196;
609754 -0.093921 -94.476103 -94.481196;
635054 -0.099970 -94.226689 -94.481196;
661460 -0.069070 -94.315314 -94.476103;
687886 -0.036818 -95.290839 -94.479312;
713268  0.011596 -94.253964 -94.312221;
739698  0.065848 -94.316601 -94.316601;
765083  0.124760 -94.155977 -94.316601;
791504  0.170104 -93.740151 -94.302971;
817948  0.217299 -94.215149 -94.221178;
843331  0.269783 -94.180275 -94.180275;
869742  0.326750 -93.907482 -94.180275;
895107  0.397314 -93.974957 -94.180275;
921582  0.485220 -93.734526 -93.948413;
948036  0.605267 -94.003385 -93.953127;
974446  0.788627 -93.541468 -93.910280;
1000886  0.971683 -93.533030 -93.907482;
1026264  1.191680 -93.042721 -93.901898;
1052742  1.437323 -92.829368 -93.538932;
1078101  1.724337 -92.467384 -93.047081;
1104542  2.063102 -92.018617 -92.797641;
1130965  2.416322 -91.603689 -92.796973;
1156363  2.788664 -91.267123 -92.796973;
1182782  3.170216 -90.771821 -92.018135;
1208145  3.585660 -90.432163 -91.266215;
1234602  4.000761 -90.034123 -90.773296;
1260017  4.442250 -89.664121 -90.773296;
1286435  4.885751 -88.896086 -90.773296;
1312923  5.346756 -88.689521 -90.034229;
1338305  5.824348 -88.176938 -88.896614;
1364223  6.297887 -87.821014 -88.690461;
1393202  6.802398 -87.550497 -88.690461;
1419928  7.954145 -87.252984 -88.690774;
1445640  7.954145 -86.087771 -87.827267;
1471038  8.520202 -85.467116 -87.250356;
1497448  9.135958 -84.968920 -86.085902;
1523925  9.776249 -84.575934 -86.085902;
1549271  10.454141 -83.699737 -86.085902;
1575432  11.131711 -82.854184 -84.972534;
1601854  11.873805 -82.917308 -83.725327;
1627212  12.661624 -81.476175 -82.954504;
1653661  13.449851 -80.512402 -82.954504;
1679014  14.333773 -79.762376 -82.954504;
1705444  15.181066 -79.020432 -81.445687;
1731855  16.090178 -78.062904 -79.762376;
1757218  17.022022 -77.147263 -79.020432;
1783656  18.871378 -75.966310 -79.020432;
1810048  18.871378 -75.285250 -79.020432;
1836483  19.814238 -74.022628 -77.098541;
1862893  20.775181 -72.771410 -75.285250;
1888291  21.735214 -71.995830 -74.022628;
1914700  22.665052 -71.703414 -74.022628;
1940027  23.638758 -70.358088 -74.022628;
1966446  24.564449 -69.480053 -72.168123;
1992905  25.543364 -68.700280 -70.358088;
2018265  26.523760 -67.637624 -69.480053;
2044757  27.468855 -66.856769 -69.480053;
2070111  28.445621 -66.043923 -69.480053;
2096549  29.360687 -64.697378 -67.522635;
2122518  30.282990 -64.240197 -66.043923;
2148968  31.156023 -62.901424 -64.697378;
2174405  31.983040 -62.386724 -64.697378;
2200829  32.778381 -61.456700 -64.697378;
2226876  33.571102 -60.802030 -62.901424;
2252226  34.310757 -59.613668 -61.456700;
2278696  34.976822 -59.198984 -60.802030;
2304050  35.555927 -58.756533 -60.802030;
2330527  36.110619 -58.227379 -60.802030;
2356949  36.564568 -57.816688 -59.064289;
2382322  37.017574 -57.536136 -58.227379;
2408769  37.383644 -57.045629 -57.816688;
2434155  37.677589 -56.379118 -57.816688;
2460610  37.855099 -56.497329 -57.816688;
2487041  37.816730 -56.042584 -57.045629;
2513471  37.778397 -56.823313 -56.823313;
2539922  37.639587 -56.875065 -56.912889;
2565315  37.399712 -57.272195 -57.045629;
2591772  37.065533 -57.695270 -57.272195;
2617159  36.544472 -58.231314 -57.272195;
2643647  36.044483 -59.130016 -57.272195;
2669002  35.417263 -59.457910 -58.231314;
2695519  34.816872 -60.211629 -59.130016;
2721055  34.144432 -60.770113 -59.457910;
2747514  33.460224 -61.336863 -59.457910;
2773974  32.725834 -62.346435 -59.457910;
2799336  31.957888 -63.130641 -61.336863;
2825743  31.221809 -63.871457 -62.346435;
2851126  30.429195 -64.223931 -63.130641;
2877554  29.649105 -65.268383 -63.130641;
2903964  28.822372 -66.080226 -63.130641;
2929318  27.955479 -67.069594 -65.268383;
2955764  27.123249 -67.796751 -66.080226;
2981138  26.227316 -67.783081 -67.069594;
3007580  25.367699 -69.619263 -67.069594;
3034000  24.469074 -70.472954 -67.069594;
3060435  23.558290 -71.527736 -69.619263;
3086885  22.627617 -72.281242 -70.472954;
3112259  21.651592 -73.356418 -71.359296;
3138677  20.715273 -74.058443 -71.359296;
3164034  19.728731 -75.207280 -71.359296;
3190445  18.776392 -75.796403 -74.058443;
3216847  17.782047 -76.858117 -75.172309;
3242177  16.812227 -78.120908 -75.830028;
3268651  15.881784 -78.354240 -75.830028;
3293990  14.948121 -79.871857 -75.830028;
3320692  14.054486 -80.546188 -78.354240;
3346043  13.131943 -81.425454 -79.854944;
3372499  12.281233 -82.117764 -80.561992;
3398933  11.411214 -83.340026 -80.561992;
3424280  10.606894 -83.963664 -80.561992;
3450709  9.835649 -84.616938 -83.254095;
3476108  9.069409 -85.233782 -83.975201;
3502548  8.333033 -85.772218 -84.618225;
3528883  7.567686 -86.958648 -84.618225;
3554447  6.812213 -87.879512 -84.618225;
3580819  6.089396 -87.949548 -86.947736;
3606167  5.370306 -88.866770 -87.879512;
3632595  4.679137 -89.678060 -87.949548;
3659008  3.962152 -90.348173 -87.949548;
3685453  3.245573 -90.199057 -87.948076;
3711984  2.534990 -91.673398 -90.199057;
3737337  1.877183 -92.602039 -90.349841;
3763760  1.248583 -92.886591 -91.666589;
3789134  0.639039 -93.266521 -91.666589;
3815590  0.053694 -94.091732 -91.667787;
3841610 -0.559843 -93.745012 -93.285350;
3866995 -1.170816 -95.212672 -93.734239;
3893625 -1.770368 -95.944590 -94.037001;
3919594 -2.397697 -96.362326 -94.037001;
3946031 -3.009455 -96.884157 -94.049575;
3972472 -3.624166 -97.504399 -96.378996;
3998922 -4.247851 -98.110198 -96.867782;
4024275 -4.889112 -98.727342 -97.504399;
4050674 -5.526227 -99.253928 -97.522259;
4076024 -6.189628 -100.071902 -97.547406;
4102556 -6.837891 -100.722933 -99.253928;
4128981 -7.516381 -100.776773 -99.967008;
4154305 -8.203028 -102.057564 -100.636882;
4180732 -8.874597 -102.926090 -100.748504;
4206147 -9.588327 -103.499829 -100.748504;
4232586 -10.268907 -104.036942 -102.926090;
4259020 -10.976907 -104.367058 -103.550762;
4285439 -11.680334 -105.463251 -103.908147;
4311899 -12.392639 -106.085636 -103.908147;
4337247 -13.116552 -106.558794 -103.931093;
4363727 -13.826297 -107.653992 -106.331433;
4389116 -14.567737 -108.346726 -106.383807;
4415587 -15.275528 -109.739710 -107.386455;
4442015 -16.013483 -109.618918 -107.653992;
4468451 -16.757099 -110.228236 -107.729494;
4494871 -17.517891 -111.257232 -109.688039;
4520409 -18.278223 -111.778249 -110.190394;
4546880 -19.051771 -112.507353 -111.109329;
4572230 -19.853580 -113.400132 -111.257232;
4598716 -20.632658 -114.202666 -111.412155;
4624083 -21.445839 -114.723125 -113.400132;
4650498 -22.242479 -115.746600 -114.012774;
4676907 -23.108326 -116.639753 -114.422115;
4702395 -23.973976 -117.119513 -114.723125;
4728519 -24.833563 -117.999366 -114.978351;
4754948 -25.714600 -118.837772 -117.119513;
4780317 -26.605116 -119.881372 -117.896865;
4806740 -27.458754 -120.712988 -118.746358;
4832124 -28.344227 -121.643493 -118.850874;
4858551 -29.193331 -122.762452 -119.486006;
4885015 -30.077324 -124.160931 -121.643493;
4911448 -30.959322 -123.956408 -122.255762;
4937919 -31.841095 -124.704227 -123.130776;
4963274 -32.722923 -125.322220 -123.742826;
4989703 -33.571831 -126.671311 -124.226751;
5015064 -34.456699 -127.669818 -125.322220;
5041433 -35.310841 -128.075312 -126.129189;
5067825 -36.198933 -129.202375 -126.683304;
5093168 -37.095455 -130.384781 -127.653006;
5119782 -37.956730 -130.660324 -128.051497;
5145150 -38.857136 -131.885690 -130.358075;
5171611 -39.669300 -132.972414 -130.660324;
5197006 -40.516457 -133.747033 -131.123963;
5223442 -41.295753 -134.157176 -131.885690;
5249910 -42.070671 -135.445804 -132.794308;
5275876 -42.798035 -135.942278 -134.157176;
5301280 -43.353825 -136.141973 -134.852472;
5327700 -43.897587 -136.682697 -135.122144;
5353057 -44.264240 -137.203458 -135.922482;
5379751 -44.616142 -137.343920 -136.160910;
5405117 -44.791794 -137.827096 -137.203458;
5431607 -44.958706 -138.012429 -137.333839;
5458053 -45.032310 -137.940973 -137.463579;
5484593 -44.992741 -137.013035 -137.566533;
5510531 -44.835934 -137.261834 -137.566533;
5537022 -44.531807 -136.961681 -137.112844;
5564531 -44.221195 -135.896138 -137.092743;
5591018 -43.683193 -135.894333 -136.614241;
5617421 -43.006664 -134.458760 -136.454846;
5643878 -42.332279 -134.202765 -135.894333;
5669230 -41.711044 -133.997475 -134.626269;
5695668 -40.992287 -132.364734 -134.202765;
5721192 -40.231842 -132.192144 -134.155042;
5747631 -39.517559 -131.941277 -133.987599;
5773017 -38.777672 -129.786437 -133.044445;
5799473 -38.104847 -130.216749 -131.941277;
5825904 -37.403664 -129.338292 -131.451057;
5851304 -36.720089 -128.694880 -130.961336;
5877696 -36.084896 -127.993757 -129.730286;
5903118 -35.438995 -126.776680 -129.049439;
5929518 -34.827316 -126.742865 -127.993757;
5955940 -34.192104 -126.597024 -127.307008;
5981297 -33.543453 -125.358976 -127.298763;
6007767 -32.901203 -125.198597 -126.742865;
6033146 -32.210155 -124.293721 -126.134207;
6059533 -31.528992 -123.953370 -125.198597;
6085941 -30.800631 -123.255502 -125.127821;
6111333 -30.012423 -122.108850 -125.002608;
6137798 -29.254539 -121.435636 -123.953370;
6163153 -28.437963 -120.698277 -122.725102;
6189572 -27.633184 -118.584970 -121.435636;
6216020 -26.787777 -118.764239 -121.307688;
6242479 -25.925694 -118.269330 -120.853357;
6268933 -25.063251 -117.504142 -118.850090;
6294290 -24.188856 -116.321822 -118.536622;
6320767 -23.348011 -115.061777 -117.440152;
6346134 -22.459919 -114.556072 -116.894828;
6372567 -21.605574 -113.719863 -116.681065;
6398974 -20.715326 -112.970573 -115.350998;
6424375 -19.824343 -112.327278 -113.953172;
6450800 -18.959158 -111.031167 -112.970573;
6476166 -18.057480 -110.373587 -112.869496;
6502596 -17.202394 -109.409568 -112.753506;
6527995 -16.325968 -108.740423 -111.031167;
6554501 -15.488770 -107.901230 -109.699534;
6580984 -14.621559 -107.001152 -108.740423;
6606390 -13.757526 -106.229062 -108.692263;
6632844 -12.941044 -105.176020 -108.653037;
6658187 -12.108248 -105.001930 -107.001152;
6684639 -11.319326 -103.924200 -105.346329;
6709997 -10.508804 -103.089280 -105.001930;
6736434 -9.744193 -102.435266 -104.980797;
6762852 -8.947047 -100.715659 -104.970252;
6788194 -8.162977 -100.477290 -103.089280;
6814621 -7.413938 -99.993799 -100.772220;
6840023 -6.620724 -99.225933 -100.477290;
6866436 -5.849744 -98.480349 -100.467347;
6892829 -5.044854 -97.392141 -100.464864;
6918169 -4.300611 -96.828313 -99.223733;
6944635 -3.586062 -96.273237 -97.482556;
6971048 -2.880572 -95.693076 -96.921248;
6997469 -2.198269 -94.959073 -96.898189;
7023892 -1.530282 -94.082863 -96.888354;
7049249 -0.895323 -93.419065 -95.665935;
7075676 -0.285981 -93.013984 -94.082863;
7101051  0.342215 -92.668445 -93.444473;
7127460  0.943467 -92.001303 -93.442822;
7153909  1.566397 -91.468663 -93.423138;
7179242  2.190674 -90.648727 -92.618175;
7205669  2.788610 -90.925381 -91.473582;
7230999  3.434155 -89.527953 -90.923392;
7257440  4.052903 -89.021348 -90.923392;
7283941  4.717360 -88.163475 -90.923392;
7309278  5.399912 -87.438192 -89.527953;
7335708  6.062542 -86.665329 -88.160408;
7361046  6.817108 -86.085542 -87.435136;
7387076  7.540498 -85.364434 -87.435136;
7413506  8.351204 -85.564893 -87.435136;
7439923  9.174367 -83.820011 -86.109793;
7465269  10.028987 -83.793481 -85.555370;
7491625  10.877981 -82.113571 -83.833715;
7517009  11.790180 -80.992137 -83.833715;
7543435  12.721443 -80.227472 -83.839631;
7569634  13.690934 -79.403234 -82.126761;
7595021  14.691296 -78.282451 -80.197262;
7621443  15.660653 -77.044488 -79.367958;
7647858  16.673161 -76.441908 -79.367958;
7673209  17.689837 -75.158146 -79.367958;
7699709  18.660141 -74.394176 -77.096893;
7725060  19.671591 -73.847415 -75.204047;
7751498  20.639187 -72.111218 -74.346010;
7777946  21.652308 -71.561859 -74.346010;
7803360  22.662985 -70.730972 -74.346010;
7829743  23.618240 -69.417079 -72.111218;
7855090  24.589376 -68.666995 -70.730972;
7881505  25.522379 -68.034310 -69.417079;
7907933  26.478561 -66.625754 -69.417079;
7933277  27.435215 -65.810827 -69.417079;
7959721  28.347986 -64.771477 -68.034310;
7985079  29.287050 -64.204662 -65.810827;
8011559  30.184065 -63.224833 -64.771477;
8037724  31.105003 -62.115270 -64.771477;
8063312  31.999008 -61.449053 -64.771477;
8089735  32.873299 -60.211713 -63.224833;
8115105  33.732147 -59.601813 -61.449053;
8141726  34.556770 -59.108964 -60.211713;
8167290  35.407017 -57.982675 -60.211713;
8193719  36.214916 -56.968622 -60.211713;
8219087  37.049751 -56.333029 -59.108964;
8245521  37.836739 -55.538845 -56.968622;
8271951  38.649132 -54.804206 -56.333029;
8297310  39.450504 -54.409255 -56.333029;
8323760  40.219406 -53.178233 -56.333029;
8349119  41.020176 -52.315328 -54.804206;
8375550  41.772427 -51.610149 -53.178233;
8401983  42.539127 -50.503879 -52.315328;
8427457  43.245754 -50.284372 -52.315328;
8453878  43.926746 -49.558731 -52.315328;
8479249  44.519302 -48.904755 -50.503879;
8505681  45.088310 -47.846276 -49.558731;
8531074  45.589108 -47.494228 -48.904755;
8557511  45.975624 -47.193500 -48.904755;
8583653  46.275917 -47.694859 -48.904755;
8609046  46.358932 -47.457812 -47.722790;
8635526  46.439571 -47.909878 -47.722790;
8661928  46.298885 -47.956028 -47.863462;
8687286  46.158611 -47.579305 -47.863462;
8713722  45.920906 -47.822754 -47.925143;
8739194  45.584301 -46.654293 -47.761051;
8765630  45.168583 -48.591494 -47.761051;
8792015  44.543804 -49.262336 -48.002430;
8818447  43.920231 -49.827072 -48.591494;
8844918  43.207172 -50.453421 -49.262336;
8870225  42.420719 -51.715564 -49.262336;
8896644  41.612053 -52.656812 -49.262336;
8922180  40.667423 -53.418809 -51.715564;
8948647  39.754364 -53.557846 -52.656812;
8974046  38.750233 -55.443397 -53.197201;
9000474  37.786621 -56.530398 -53.197201;
9026024  36.778725 -57.590162 -53.197201;
9052464  35.816406 -58.174322 -56.530398;
9078923  34.827831 -59.275256 -57.590162;
9104296  33.846626 -60.310967 -58.174322;
9130731  32.905693 -61.435053 -58.174322;
9156125  31.929415 -62.090145 -58.174322;
9182575  31.000111 -62.988667 -61.160767;
9209033  30.037815 -63.845371 -62.218584;
9235463  29.071592 -64.722307 -63.126059;
9261902  28.106394 -65.809220 -63.126059;
9287264  27.140463 -66.739410 -63.126059;
9313682  26.216202 -67.214841 -65.809220;
9339053  25.263138 -68.861334 -66.739410;
9365500  24.368374 -69.479979 -67.214841;
9391913  23.446566 -70.790809 -67.214841;
9417291  22.530781 -71.236526 -67.214841;
9443722  21.650881 -71.434770 -70.754485;
9469145  20.738104 -72.540789 -71.116656;
9495581  19.858585 -73.047132 -71.587949;
9521974  18.945635 -74.814647 -71.587949;
9547937  18.025707 -75.562627 -71.587949;
9574009  17.120768 -76.392669 -74.814647;
9600448  16.200485 -77.416453 -75.562627;
9626881  15.267249 -78.082765 -76.392669;
9652225  14.335436 -79.252599 -76.392669;
9678672  13.448202 -79.872825 -76.392669;
9704049  12.523566 -80.840413 -79.252599;
9730479  11.643313 -81.715107 -79.851103;
9756899  10.726536 -82.561313 -80.857911;
9782258  9.820189 -83.566161 -80.857911;
9808666  8.971533 -84.345035 -80.857911;
9834014  7.304245 -85.302797 -83.566161;
9860412  7.304245 -85.801628 -84.345035;
9886879  6.469987 -86.718770 -85.261167;
9912216  5.633145 -87.360344 -85.258896;
9938651  4.829324 -87.438192 -85.258896;
9964175  3.991072 -89.015943 -87.365411;
9990633  3.191839 -89.856028 -87.420984;
