384076  0.000000  97.045494;
399134  0.000000 -13.937612;
404220  0.000000 -13.963708;
409233  0.000000 -13.964445;
414392  0.000000 -13.957121;
419539  0.000000 -13.953460;
424673  0.000000 -13.934866;
429722 -13.932513 -13.936564;
434881 -13.928491 -13.932642;
440038 -13.924105 -13.932642;
445070 -13.919602 -13.932642;
450082 -13.915286 -13.928454;
455212 -13.911637 -13.912269;
460220 -13.908334 -13.919857;
465228 -13.905223 -13.919857;
470231 -13.902686 -13.919857;
475244 -13.900457 -13.932065;
480246 -13.898458 -13.938174;
485381 -13.898458 -13.938436;
490398 -13.896184 -13.934772;
495514 -13.894295 -13.933550;
500681 -13.894295 -13.934772;
505700 -13.892940 -13.937214;
510825 -13.892940 -13.938436;
515966 -13.891282 -13.938436;
521061 -13.889934 -13.938436;
526176 -13.888597 -13.928136;
531216 -13.887645 -13.924206;
536290 -13.886938 -13.934245;
541315 -13.886537 -13.937432;
546480 -13.886177 -13.946992;
551645 -13.886084 -13.939877;
556756 -13.886148 -13.941580;
561820 -13.885900 -13.931536;
566931 -13.885654 -13.930314;
572063 -13.886381 -13.930314;
577146 -13.887072 -13.902841;
582314 -13.887950 -13.870944;
587352 -13.889040 -13.867002;
592380 -13.889872 -13.867002;
597495 -13.890856 -13.876574;
602495 -13.891623 -13.877794;
607652 -13.892639 -13.879014;
612782 -13.894396 -13.897881;
617942 -13.896653 -13.913834;
623035 -13.898372 -13.917024;
628041 -13.900340 -13.921914;
633067 -13.902886 -13.921914;
638151 -13.905788 -13.940576;
643199 -13.908025 -13.940576;
648365 -13.910053 -13.962899;
653487 -13.911932 -13.962899;
658655 -13.914068 -13.962899;
663721 -13.917368 -13.975902;
668888 -13.919751 -13.971742;
673991 -13.921985 -13.971742;
679156 -13.924463 -13.971742;
684315 -13.926618 -13.971742;
689327 -13.928651 -13.969780;
694397 -13.931047 -13.969780;
699421 -13.933124 -13.968556;
704458 -13.934260 -13.968556;
709549 -13.935400 -13.969780;
714577 -13.936824 -14.001634;
719676 -13.937962 -14.001634;
724681 -13.938920 -14.008004;
729696 -13.939709 -14.011682;
734713 -13.939886 -14.012908;
739742 -13.940102 -14.019278;
744754 -13.940741 -14.019278;
749757 -13.940764 -14.019278;
754769 -13.940407 -14.017815;
759801 -13.939551 -14.018569;
764830 -13.938308 -14.006068;
769988 -13.936413 -14.006068;
775134 -13.934508 -14.004841;
780257 -13.932058 -13.979317;
785375 -13.929268 -13.970969;
790410 -13.926324 -13.966552;
795519 -13.923312 -13.956749;
800521 -13.919436 -13.967059;
805651 -13.915910 -13.967059;
810818 -13.911980 -13.968284;
815914 -13.908573 -13.967059;
821713 -13.905213 -13.964608;
826866 -13.901080 -13.964608;
831981 -13.897014 -13.948661;
836991 -13.892431 -13.942281;
842105 -13.888096 -13.912883;
851531 -13.883670 -13.912883;
856546 -13.876736 -13.912883;
861616 -13.873161 -13.884175;
866620 -13.869935 -13.884175;
871760 -13.866865 -13.887836;
876929 -13.863398 -13.897408;
882036 -13.860976 -13.900598;
887204 -13.858701 -13.899850;
892349 -13.856990 -13.903241;
897402 -13.855365 -13.905686;
902556 -13.853885 -13.905686;
907719 -13.852926 -13.905686;
912810 -13.851809 -13.899300;
917971 -13.851133 -13.859002;
923017 -13.850450 -13.848662;
928082 -13.849549 -13.860977;
933235 -13.849187 -13.873753;
938404 -13.848621 -13.862197;
943437 -13.848055 -13.864638;
948455 -13.847964 -13.863884;
953579 -13.848372 -13.867080;
958624 -13.848787 -13.867080;
963720 -13.849659 -13.870743;
968732 -13.850695 -13.870743;
973826 -13.851905 -13.864638;
978927 -13.853446 -13.862197;
984026 -13.855028 -13.862197;
989160 -13.856727 -13.862197;
994191 -13.858750 -13.862197;
999214 -13.860887 -13.855632;
1004253 -13.862905 -13.865964;
1009412 -13.864621 -13.865964;
1014534 -13.865946 -13.859578;
1019545 -13.867339 -13.859578;
1024606 -13.868970 -13.862771;
1030350 -13.870617 -13.865964;
1035513 -13.872969 -13.874320;
1040520 -13.874886 -13.875540;
1045573 -13.876744 -13.875540;
1050695 -13.878582 -13.901072;
1055851 -13.880249 -13.901072;
1060984 -13.881927 -13.901072;
1066070 -13.882579 -13.914516;
1071212 -13.883224 -13.916962;
1076333 -13.883799 -13.920155;
1081427 -13.884371 -13.923348;
1086587 -13.885328 -13.932925;
1091717 -13.886298 -13.939047;
1096813 -13.886401 -13.942721;
1101975 -13.886503 -13.959912;
1107117 -13.886134 -13.955010;
1112233 -13.885766 -13.955751;
1117399 -13.885127 -13.955751;
1122569 -13.884481 -13.955751;
1127724 -13.883283 -13.952559;
1132751 -13.882088 -13.948884;
1137876 -13.881076 -13.948884;
1142885 -13.880044 -13.942501;
1147894 -13.878730 -13.942501;
1152977 -13.877416 -13.939790;
1158150 -13.875733 -13.939790;
1163193 -13.874021 -13.939790;
1168321 -13.872235 -13.920633;
1173415 -13.870420 -13.901470;
1178573 -13.868929 -13.904664;
1183597 -13.867418 -13.902219;
1188758 -13.866024 -13.900996;
1193792 -13.864592 -13.900996;
1198989 -13.863617 -13.900996;
1204034 -13.862611 -13.907656;
1209206 -13.861711 -13.903989;
1214297 -13.860788 -13.907181;
1219461 -13.859958 -13.903989;
1224581 -13.859116 -13.905211;
1229604 -13.868403 -13.908403;
1234745 -13.877515 -13.932710;
1240126 -13.866865 -13.931486;
1245278 -13.866891 -13.931486;
1250429 -13.866916 -13.928296;
1255579 -13.867648 -13.922927;
1260688 -13.868381 -13.930049;
1265855 -13.869068 -13.933238;
1270972 -13.869763 -13.930049;
1276130 -13.869788 -13.930049;
1281204 -13.869813 -13.931272;
1286365 -13.869799 -13.931272;
1291529 -13.869784 -13.931272;
1296586 -13.870007 -13.932495;
1301754 -13.870224 -13.934940;
1306760 -13.870012 -13.943765;
1311766 -13.869807 -13.942542;
1316924 -13.870137 -13.942542;
1322003 -13.870477 -13.940576;
1327144 -13.871083 -13.937387;
1332211 -13.871696 -13.928561;
1337352 -13.872959 -13.936906;
1342457 -13.874240 -13.938872;
1347614 -13.875746 -13.936906;
1352756 -13.876834 -13.938129;
1357769 -13.878272 -13.928561;
1362897 -13.879674 -13.931751;
1367907 -13.881499 -13.934940;
1373008 -13.883283 -13.943505;
1378018 -13.884203 -13.944729;
1383163 -13.885107 -13.952334;
1388185 -13.886153 -13.961904;
1393285 -13.887175 -13.961904;
1398292 -13.887549 -13.964354;
1403432 -13.887918 -13.964354;
1408445 -13.888649 -13.963869;
1413558 -13.889362 -13.963869;
1418585 -13.889660 -13.963869;
1423603 -13.889953 -13.954783;
1428612 -13.890168 -13.926540;
1433745 -13.890384 -13.934365;
1438904 -13.890291 -13.934365;
1443919 -13.890473 -13.930691;
1449590 -13.890651 -13.912751;
1454751 -13.890505 -13.915199;
1459773 -13.890372 -13.929947;
1464935 -13.890320 -13.931916;
1470108 -13.890266 -13.942019;
1475252 -13.889817 -13.942019;
1480281 -13.889371 -13.943244;
1485427 -13.888435 -13.982019;
1490448 -13.887478 -14.004347;
1495453 -13.886774 -14.020292;
1500524 -13.886072 -14.028893;
1505684 -13.884858 -14.028893;
1510810 -13.883622 -14.044840;
1515975 -13.882512 -14.044840;
1521111 -13.881393 -14.048029;
1526279 -13.880360 -14.044840;
1531366 -13.879319 -14.041651;
1536410 -13.878645 -14.026172;
1541505 -13.877976 -14.023716;
1546630 -13.876834 -14.017578;
1551650 -13.875685 -14.015618;
1556783 -13.874444 -14.009244;
1561874 -13.872666 -13.998947;
1566880 -13.871058 -14.004830;
1571926 -13.869477 -14.004830;
1576935 -13.868038 -14.002869;
1581984 -13.866610 -14.005323;
1586987 -13.865747 -14.005816;
1592139 -13.864893 -14.004589;
1597152 -13.864053 -13.999682;
1602247 -13.863235 -13.996494;
1607254 -13.862443 -13.964608;
1612291 -13.861665 -13.952367;
1617326 -13.860959 -13.941360;
1622494 -13.860253 -13.941360;
1627581 -13.859095 -13.910440;
1632724 -13.857954 -13.892525;
1637864 -13.856762 -13.875823;
1642891 -13.855766 -13.875823;
1647977 -13.854793 -13.875823;
1653001 -13.853847 -13.864924;
1658362 -13.852912 -13.864924;
1663532 -13.851464 -13.868118;
1668566 -13.850068 -13.868118;
1673666 -13.848786 -13.866898;
1678792 -13.847487 -13.868118;
1683798 -13.846299 -13.870559;
1688875 -13.845139 -13.887278;
1694042 -13.844117 -13.886057;
1699057 -13.843078 -13.886057;
1704108 -13.841455 -13.880892;
1709269 -13.839822 -13.882113;
1714439 -13.837996 -13.901944;
1719441 -13.836165 -13.908334;
1724599 -13.834280 -13.920633;
1729606 -13.832336 -13.915469;
1734763 -13.830947 -13.915469;
1739891 -13.829515 -13.899774;
1745054 -13.828640 -13.899774;
1750065 -13.827759 -13.899774;
1755229 -13.827324 -13.894609;
1760337 -13.826876 -13.876665;
1765437 -13.826004 -13.871496;
1770534 -13.825133 -13.874691;
1775568 -13.824146 -13.874691;
1780616 -13.823172 -13.871496;
1785646 -13.822927 -13.871496;
1790774 -13.822721 -13.865859;
1795796 -13.822589 -13.863418;
1800890 -13.822153 -13.864171;
1805927 -13.821789 -13.862197;
1811000 -13.821621 -13.863418;
1816039 -13.821607 -13.860223;
1821168 -13.821516 -13.860223;
1826172 -13.821580 -13.862197;
1831300 -13.821834 -13.862197;
1836337 -13.822171 -13.862197;
1841461 -13.823080 -13.862197;
1846538 -13.824395 -13.868586;
1851583 -13.825040 -13.868586;
1856608 -13.826374 -13.868586;
1861627 -13.827779 -13.868586;
1867023 -13.829183 -13.869807;
1872047 -13.830403 -13.869807;
1877056 -13.831387 -13.873001;
1882124 -13.832902 -13.873470;
1887213 -13.833932 -13.874691;
1892269 -13.835199 -13.877886;
1897282 -13.836691 -13.884276;
1902405 -13.837863 -13.890665;
1907535 -13.838670 -13.885498;
1912547 -13.839399 -13.885969;
1917704 -13.839845 -13.886720;
1922745 -13.840539 -13.896304;
1927878 -13.840871 -13.902693;
1932887 -13.841522 -13.905139;
1938022 -13.842579 -13.905139;
1943047 -13.842917 -13.952301;
1948081 -13.842903 -13.952301;
1953185 -13.842658 -13.956235;
1958266 -13.842761 -13.958687;
1963275 -13.842863 -13.958687;
1968428 -13.843652 -13.988153;
1973484 -13.843991 -13.995270;
1978490 -13.843900 -13.995270;
1983507 -13.843466 -13.994534;
1988587 -13.843451 -14.003129;
1993664 -13.843593 -14.007309;
1998814 -13.843772 -14.002394;
2003833 -13.843207 -14.002394;
2008856 -13.842657 -13.999202;
2013928 -13.842145 -13.999202;
2018997 -13.841085 -13.978579;
2024164 -13.840955 -13.978579;
2029169 -13.840270 -13.978579;
2034327 -13.839109 -13.960653;
2039345 -13.838346 -13.961879;
2044349 -13.838026 -13.933140;
2049388 -13.837974 -13.931916;
2054432 -13.837652 -13.934629;
2059460 -13.837369 -13.934629;
2064489 -13.837163 -13.934629;
2069555 -13.836957 -13.940795;
2074647 -13.836943 -13.947177;
2079683 -13.837162 -13.945471;
2084850 -13.837571 -13.950368;
2089896 -13.838188 -13.950368;
2094898 -13.838521 -13.973186;
2100022 -13.838965 -13.973186;
2105167 -13.839029 -13.973186;
2110234 -13.839486 -13.974899;
2115242 -13.839317 -13.959912;
2120408 -13.839303 -13.947140;
2125497 -13.839683 -13.947140;
2130541 -13.839668 -13.947140;
2135575 -13.839885 -13.937559;
2140585 -13.840293 -13.927977;
2145653 -13.840585 -13.919140;
2150700 -13.840687 -13.916693;
2155714 -13.840557 -13.914246;
2160865 -13.840237 -13.914246;
2166006 -13.839829 -13.914246;
2171013 -13.839776 -13.903989;
2176187 -13.840106 -13.903989;
2181263 -13.839973 -13.903989;
2186371 -13.840075 -13.905211;
2191406 -13.840373 -13.917439;
2196510 -13.840743 -13.923080;
2201550 -13.840534 -13.932660;
2206582 -13.840251 -13.932660;
2211610 -13.839930 -13.923080;
2216768 -13.839685 -13.903916;
2221794 -13.838883 -13.913499;
2226943 -13.838448 -13.911052;
2231950 -13.838354 -13.909829;
2237036 -13.838378 -13.911052;
2242081 -13.838247 -13.901470;
2247247 -13.838348 -13.906635;
2252319 -13.837900 -13.904190;
2257342 -13.837461 -13.907383;
2262426 -13.837869 -13.909829;
2267475 -13.838437 -13.918394;
2272548 -13.838770 -13.934101;
2277637 -13.838756 -13.950074;
2282710 -13.839440 -13.948365;
2287831 -13.840471 -13.948365;
2292921 -13.841122 -13.948365;
2298086 -13.842584 -13.954526;
2303133 -13.843949 -13.949626;
2308210 -13.845901 -13.949626;
2313239 -13.847321 -13.948884;
2318402 -13.848881 -13.948884;
2323407 -13.850995 -13.937604;
2328509 -13.852777 -13.937604;
2333661 -13.854242 -13.935157;
2338746 -13.856352 -13.919201;
2349980 -13.862286 -13.912817;
2355074 -13.862286 -13.890555;
2360116 -13.864838 -13.886894;
2365241 -13.867595 -13.884454;
2370242 -13.870006 -13.863344;
2375385 -13.872587 -13.858182;
2380424 -13.875635 -13.857428;
2385618 -13.878814 -13.863811;
2390704 -13.882288 -13.863811;
2395861 -13.885807 -13.865030;
2400917 -13.889375 -13.868688;
2405928 -13.893606 -13.869908;
2410958 -13.897877 -13.876291;
2415997 -13.901741 -13.892248;
2421037 -13.906189 -13.892248;
2426125 -13.909715 -13.895911;
2431204 -13.913778 -13.956008;
2436373 -13.917214 -13.975150;
2441384 -13.921343 -13.997477;
2446541 -13.924465 -14.004841;
2451552 -13.927285 -14.004841;
2456663 -13.929873 -14.047027;
2461718 -13.932901 -14.043339;
2466873 -13.935357 -14.043339;
2471887 -13.937349 -14.043839;
2476973 -13.939441 -14.043839;
2482138 -13.941912 -14.047027;
2487186 -13.943789 -14.053402;
2492357 -13.944392 -14.059777;
2497370 -13.945048 -14.059777;
2502438 -13.945838 -14.061007;
2507591 -13.947023 -14.085778;
2512598 -13.947717 -14.108081;
2517735 -13.948391 -14.108081;
2522744 -13.949004 -14.108081;
2527792 -13.949869 -14.104895;
2532875 -13.950317 -14.098013;
2538043 -13.950963 -14.098013;
2543073 -13.951658 -14.098013;
2548163 -13.952066 -14.085270;
2553317 -13.951741 -14.075711;
2558395 -13.941026 -14.069337;
2563522 -13.940236 -14.069337;
2568682 -13.940065 -14.066877;
2573817 -13.939184 -14.050214;
2578822 -13.937798 -14.020789;
2583836 -13.936522 -14.012448;
2589003 -13.935475 -14.012448;
2594173 -13.934120 -14.020789;
2599273 -13.932093 -14.011220;
2604441 -13.930326 -14.009258;
2609519 -13.928734 -14.004106;
2614525 -13.927441 -14.004106;
2619569 -13.926280 -14.004106;
2624691 -13.925111 -14.004106;
2629719 -13.923337 -14.009019;
2634749 -13.921634 -14.009019;
2639762 -13.919738 -14.009019;
2644874 -13.918270 -14.009019;
2649905 -13.916851 -14.011476;
2654910 -13.915262 -14.013933;
2660077 -13.913644 -14.013933;
2665104 -13.911894 -14.012704;
2670131 -13.911036 -14.012704;
2675250 -13.908795 -14.013933;
2680264 -13.907140 -14.010007;
2685292 -13.905595 -14.008044;
2690315 -13.904122 -14.017621;
2695375 -13.903303 -14.017125;
2701157 -13.902671 -14.013933;
2706324 -13.901463 -14.017621;
2711489 -13.900501 -14.011236;
2716610 -13.899186 -14.011236;
2721727 -13.895719 -14.014429;
2726863 -13.895719 -14.011236;
2731881 -13.894287 -14.011236;
2737017 -13.894287 -14.004358;
2742177 -13.893371 -14.004358;
2747266 -13.893159 -14.004358;
2752324 -13.892329 -14.009273;
2757439 -13.891659 -14.009273;
2762548 -13.890785 -14.008778;
2767709 -13.890303 -14.007550;
2772875 -13.890013 -14.004106;
2778801 -13.889840 -14.000916;
2783921 -13.900635 -13.997725;
2789084 -13.900542 -13.990362;
2794093 -13.900410 -13.985456;
2799098 -13.899860 -13.982516;
2804265 -13.899925 -13.988645;
2809390 -13.900106 -13.989872;
2814561 -13.900106 -14.003855;
2819563 -13.900436 -14.007043;
2824584 -13.900436 -14.004589;
2829612 -13.901381 -14.007043;
2834754 -13.901904 -14.007043;
2839811 -13.902322 -14.003362;
2844885 -13.903195 -14.003362;
2849906 -13.904188 -14.003362;
2854961 -13.905094 -14.003362;
2860028 -13.905968 -14.003362;
2865166 -13.906379 -14.009738;
2870197 -13.906875 -14.009738;
2875253 -13.907321 -14.012926;
2880280 -13.907886 -14.012193;
2885381 -13.908256 -14.012193;
2890534 -13.909137 -14.003362;
2895627 -13.910774 -14.003362;
2900632 -13.911771 -14.003362;
2905767 -13.912444 -13.998212;
2911117 -13.913136 -13.999439;
2916136 -13.914142 -14.010726;
2921137 -13.914357 -14.013915;
2926302 -13.914763 -14.017104;
2931460 -13.914947 -14.020789;
2936545 -13.916035 -14.023246;
2941664 -13.917068 -14.047300;
2946672 -13.917289 -14.047300;
2951831 -13.918154 -14.039922;
2956991 -13.919005 -14.046070;
2962073 -13.920606 -14.046070;
2967213 -13.921717 -14.040421;
2972316 -13.922957 -14.039192;
2977490 -13.924150 -14.030589;
2982549 -13.924716 -14.017836;
2987679 -13.924716 -14.014648;
2992846 -13.925955 -14.021521;
2998008 -13.926847 -14.017836;
3003051 -13.927857 -14.017836;
3008211 -13.928536 -14.017836;
3013383 -13.929625 -14.017836;
3018417 -13.930282 -14.019797;
3023529 -13.930844 -14.019797;
3028533 -13.931806 -14.019797;
3033558 -13.932671 -14.019797;
3038589 -13.933961 -14.019797;
3043750 -13.935061 -14.029360;
3048780 -13.936268 -14.045297;
3053914 -13.937751 -14.058044;
3059072 -13.938991 -14.058044;
3064150 -13.940551 -14.058044;
3069189 -13.941971 -14.060726;
3074256 -13.943534 -14.065868;
3079277 -13.945260 -14.068548;
3084443 -13.946856 -14.068548;
3089454 -13.948380 -14.068548;
3094574 -13.950010 -14.072238;
3099737 -13.951715 -14.072238;
3104769 -13.953593 -14.072238;
3109782 -13.955346 -14.073974;
3115014 -13.957973 -14.076942;
3120451 -13.960713 -14.071799;
3125455 -13.963105 -14.069337;
3130458 -13.965039 -14.068107;
3135532 -13.967431 -14.047027;
3140606 -13.970051 -14.049486;
3145775 -13.973097 -14.050716;
3150885 -13.975765 -14.057092;
3155896 -13.978287 -14.062964;
3160975 -13.980759 -14.062964;
3165981 -13.982993 -14.062964;
3170990 -13.985233 -14.073974;
3175991 -13.987552 -14.081792;
3181006 -13.989485 -14.090837;
3186166 -13.991156 -14.094530;
3191256 -13.992953 -14.094530;
3196422 -13.994493 -14.099666;
3201548 -13.996411 -14.106753;
3206709 -13.997884 -14.113118;
3211826 -13.999367 -14.115582;
3216977 -14.001110 -14.121745;
3222166 -14.002668 -14.117842;
3227314 -14.003842 -14.117842;
3232397 -14.005635 -14.117842;
3237556 -14.006746 -14.127709;
3242630 -14.008189 -14.132645;
3247793 -14.009453 -14.154230;
3252937 -14.010424 -14.157416;
3257944 -14.011548 -14.157416;
3263030 -14.011916 -14.158651;
3268193 -14.012445 -14.164119;
3273292 -14.013535 -14.166593;
3278457 -14.014221 -14.169780;
3283590 -14.014798 -14.169780;
3288633 -14.015018 -14.188352;
3293754 -14.015004 -14.199510;
3298913 -14.015107 -14.209789;
3303986 -14.014423 -14.201107;
3309045 -14.014758 -14.198628;
3314056 -14.014783 -14.201107;
3319226 -14.014884 -14.204827;
3324340 -14.015304 -14.204296;
3329485 -14.015718 -14.204296;
3334489 -14.015821 -14.200577;
3339654 -14.016266 -14.191012;
3344721 -14.016252 -14.168690;
3349763 -14.016392 -14.158790;
3354766 -14.016185 -14.168354;
3359864 -14.015484 -14.174729;
3365027 -14.015430 -14.168354;
3370104 -14.015298 -14.161264;
3375114 -14.015477 -14.162501;
3380153 -14.015961 -14.162501;
3385318 -14.015908 -14.162501;
3390417 -14.015657 -14.156124;
3395497 -14.015682 -14.149746;
3400534 -14.015668 -14.152413;
3405541 -14.015846 -14.149940;
3410663 -14.016444 -14.146232;
3415831 -14.017134 -14.146232;
3420895 -14.017199 -14.146232;
3426058 -14.017570 -14.136349;
3431250 -14.017950 -14.136349;
3436260 -14.018847 -14.135114;
3441393 -14.019025 -14.136349;
3446415 -14.019755 -14.140054;
3451534 -14.020316 -14.136150;
3456699 -14.020497 -14.129976;
3461706 -14.021311 -14.133880;
3466845 -14.021220 -14.133880;
3471954 -14.022030 -14.133880;
3477120 -14.022951 -14.133362;
3482203 -14.024238 -14.136548;
3487363 -14.025465 -14.136548;
3492487 -14.026318 -14.133362;
3497495 -14.026890 -14.141289;
3502647 -14.027678 -14.140054;
3507704 -14.028608 -14.140054;
3512750 -14.029675 -14.143241;
3517903 -14.030624 -14.143241;
3523053 -14.031160 -14.143241;
3528059 -14.031657 -14.152280;
3533156 -14.032102 -14.149289;
3538159 -14.032555 -14.155658;
3543320 -14.032885 -14.149289;
3548484 -14.033579 -14.149289;
3553614 -14.034274 -14.147339;
3558773 -14.035004 -14.147339;
3563779 -14.035698 -14.147339;
3568877 -14.036334 -14.131928;
3573926 -14.037253 -14.131928;
3579044 -14.038049 -14.125039;
3584213 -14.038582 -14.125039;
3589268 -14.039159 -14.125039;
3594434 -14.040148 -14.128540;
3599468 -14.041672 -14.124633;
3604632 -14.042888 -14.127620;
3610027 -14.044135 -14.127620;
3615123 -14.046221 -14.133998;
3620217 -14.048190 -14.135233;
3625269 -14.050742 -14.136270;
3630404 -14.053389 -14.137705;
3635415 -14.056196 -14.138422;
3641093 -14.058936 -14.151892;
3646256 -14.062648 -14.151892;
3651340 -14.066023 -14.151892;
3656503 -14.069075 -14.162883;
3661539 -14.072174 -14.162883;
3666705 -14.075928 -14.159173;
3671713 -14.079778 -14.159173;
3676874 -14.083242 -14.159173;
3681921 -14.086813 -14.157416;
3686928 -14.090343 -14.160601;
3692025 -14.093845 -14.179710;
3697828 -14.097411 -14.180947;
3702861 -14.101470 -14.195800;
3708024 -14.104914 -14.232082;
3713026 -14.108525 -14.235267;
3718064 -14.111910 -14.238452;
3723087 -14.115049 -14.237749;
3728231 -14.118065 -14.240230;
3733308 -14.120682 -14.245899;
3738422 -14.123264 -14.249084;
3743492 -14.125514 -14.255455;
3748516 -14.127590 -14.266638;
3753529 -14.129724 -14.266638;
3758614 -14.131546 -14.266638;
3763704 -14.133279 -14.268038;
3768792 -14.135285 -14.269437;
3773797 -14.136708 -14.263067;
3779502 -14.137726 -14.259882;
3784578 -14.139365 -14.258099;
3789703 -14.140823 -14.267652;
3794827 -14.142179 -14.272777;
3799874 -14.143533 -14.272777;
3804900 -14.144982 -14.274020;
3810041 -14.146043 -14.297547;
3815044 -14.147088 -14.303913;
3820207 -14.147990 -14.316643;
3825308 -14.149513 -14.320097;
3830317 -14.150473 -14.316913;
3835415 -14.151567 -14.312625;
3840472 -14.152681 -14.307646;
3849377 -14.153632 -14.305157;
3856743 -14.155307 -14.305157;
3861795 -14.156186 -14.295608;
3866901 -14.156789 -14.299486;
3871908 -14.158334 -14.302669;
3877065 -14.159848 -14.302669;
3882095 -14.161055 -14.306951;
3887103 -14.162230 -14.306951;
3892273 -14.163057 -14.306401;
3897276 -14.164306 -14.312767;
3902416 -14.165781 -14.312767;
3907492 -14.167532 -14.312767;
3912538 -14.169533 -14.316501;
3917546 -14.171098 -14.329096;
3922710 -14.172651 -14.329096;
3927747 -14.174845 -14.329096;
3932883 -14.176331 -14.332835;
3938015 -14.177923 -14.332835;
3943044 -14.180182 -14.326466;
3948048 -14.182356 -14.318992;
3953127 -14.184214 -14.325359;
3958140 -14.186293 -14.325359;
3963209 -14.188689 -14.325359;
3968320 -14.191190 -14.331725;
3973341 -14.193165 -14.331725;
3978349 -14.195182 -14.331725;
3983490 -14.197002 -14.325359;
3988600 -14.198911 -14.315808;
3993641 -14.201159 -14.313318;
3998750 -14.202953 -14.313318;
4003791 -14.204577 -14.313318;
4008881 -14.205679 -14.314563;
4013927 -14.207258 -14.314563;
4019040 -14.208592 -14.312073;
4024203 -14.209749 -14.315256;
4029293 -14.210326 -14.321622;
4034314 -14.210390 -14.321622;
4039437 -14.210032 -14.317747;
4044446 -14.209313 -14.314563;
4049566 -14.208688 -14.314563;
4055154 -14.208048 -14.324113;
4060170 -14.207862 -14.329096;
4065172 -14.206967 -14.334081;
4070238 -14.205770 -14.360799;
4075244 -14.204325 -14.359551;
4080377 -14.202859 -14.354561;
4085514 -14.200611 -14.350001;
4090597 -14.199067 -14.330897;
4095749 -14.197385 -14.311380;
4100771 -14.195443 -14.335598;
4105779 -14.193934 -14.333797;
4110888 -14.192009 -14.335043;
4116058 -14.190279 -14.335598;
4121223 -14.188607 -14.326050;
4126389 -14.186661 -14.326050;
4131395 -14.185345 -14.322315;
4136415 -14.183306 -14.323560;
4141548 -14.181184 -14.326050;
4146709 -14.178466 -14.323560;
4151734 -14.175812 -14.323560;
4156908 -14.173726 -14.323560;
4161952 -14.171184 -14.297400;
4166965 -14.169744 -14.299046;
4172121 -14.168429 -14.295312;
4177129 -14.166762 -14.290335;
4182215 -14.165105 -14.290335;
4187249 -14.162955 -14.292823;
4192343 -14.161404 -14.295312;
4197448 -14.160456 -14.303622;
4202467 -14.159779 -14.309992;
4207580 -14.159113 -14.313176;
4212715 -14.158513 -14.313176;
4217867 -14.157284 -14.314421;
4222991 -14.156444 -14.323282;
4228113 -14.156195 -14.336019;
4233166 -14.155946 -14.348754;
4238267 -14.156124 -14.342387;
4243277 -14.156499 -14.339759;
4248352 -14.157556 -14.337822;
4253455 -14.158161 -14.337822;
4258591 -14.158498 -14.337822;
4263742 -14.158836 -14.325082;
4268886 -14.158900 -14.312340;
4273895 -14.159906 -14.309154;
4278962 -14.161154 -14.304172;
4284032 -14.162300 -14.300437;
4289193 -14.163369 -14.300437;
4294355 -14.164852 -14.300437;
4299369 -14.166374 -14.296008;
4304388 -14.167432 -14.291031;
4309535 -14.169257 -14.294216;
4314554 -14.170500 -14.297948;
4319647 -14.172210 -14.299193;
4324648 -14.173906 -14.320237;
4329801 -14.175534 -14.323421;
4334856 -14.177172 -14.329788;
4339876 -14.178740 -14.331034;
4345012 -14.180718 -14.331034;
4350084 -14.182860 -14.344455;
4355170 -14.184472 -14.340717;
4360343 -14.186709 -14.343898;
4365499 -14.188985 -14.347638;
4370655 -14.190466 -14.348885;
4375784 -14.191986 -14.350131;
4380791 -14.192833 -14.353314;
4385957 -14.193774 -14.359679;
4390958 -14.194510 -14.363421;
4395967 -14.195602 -14.376470;
4401128 -14.195244 -14.374535;
4406176 -14.195348 -14.369538;
4411177 -14.195989 -14.364669;
4416280 -14.196051 -14.370911;
4421406 -14.195997 -14.372722;
4426472 -14.196805 -14.380905;
4431631 -14.196830 -14.387274;
4436795 -14.196461 -14.384209;
4441964 -14.196367 -14.389208;
4447074 -14.195603 -14.389208;
4452092 -14.194770 -14.382274;
4457171 -14.194411 -14.387392;
4462332 -14.193932 -14.386827;
4467350 -14.193760 -14.386827;
4472517 -14.192788 -14.386827;
4477589 -14.191590 -14.387510;
4482751 -14.190492 -14.386261;
4487829 -14.189453 -14.386261;
4492844 -14.188354 -14.387510;
4497917 -14.187115 -14.381145;
4502927 -14.185706 -14.390009;
4507985 -14.184430 -14.390009;
4513060 -14.183373 -14.390009;
4518121 -14.181809 -14.390009;
4523175 -14.180868 -14.395009;
4528187 -14.179503 -14.387958;
4533189 -14.178074 -14.385458;
4538284 -14.177181 -14.385458;
4543288 -14.175844 -14.385458;
4548447 -14.174685 -14.385458;
4553474 -14.172898 -14.356240;
4558553 -14.171310 -14.356240;
4563644 -14.169668 -14.378527;
4568734 -14.167905 -14.362608;
4573879 -14.166142 -14.362608;
4578944 -14.162868 -14.362174;
4584026 -14.159607 -14.360926;
4589197 -14.156567 -14.364108;
4594217 -14.153947 -14.364108;
4599236 -14.151289 -14.364108;
4604243 -14.148287 -14.381386;
4609256 -14.144986 -14.381386;
4614334 -14.140878 -14.381386;
4619370 -14.137568 -14.376836;
4624485 -14.134210 -14.373654;
4629538 -14.130017 -14.345013;
4634682 -14.125799 -14.343766;
4639707 -14.121740 -14.343766;
4644859 -14.117661 -14.331034;
4649879 -14.113478 -14.327850;
4655033 -14.109517 -14.297547;
4660103 -14.105451 -14.297547;
4665273 -14.101644 -14.296303;
4670274 -14.098117 -14.287997;
4675355 -14.094247 -14.278446;
4680440 -14.090315 -14.278446;
4685539 -14.087234 -14.278446;
4690554 -14.084690 -14.278446;
4695586 -14.082188 -14.281478;
4700607 -14.079447 -14.267338;
4705676 -14.077133 -14.267881;
4710683 -14.074720 -14.259181;
4715758 -14.072069 -14.256697;
4720919 -14.070195 -14.254753;
4725991 -14.068092 -14.251568;
4730991 -14.066607 -14.247140;
4736026 -14.064951 -14.247140;
4741027 -14.063784 -14.245899;
4746191 -14.063273 -14.233155;
4751349 -14.062865 -14.229968;
4756479 -14.062654 -14.221992;
4761543 -14.062405 -14.225177;
4766674 -14.061733 -14.225177;
4771676 -14.060818 -14.221992;
4776836 -14.050456 -14.215622;
4782027 -14.050284 -14.218807;
4787046 -14.050112 -14.218807;
4792092 -14.049829 -14.218807;
4797205 -14.049161 -14.209252;
4802217 -14.048561 -14.210491;
4807279 -14.047361 -14.224472;
4812332 -14.046111 -14.224472;
4817481 -14.044477 -14.241099;
4822514 -14.042654 -14.241099;
4827682 -14.040488 -14.242340;
4832727 -14.037791 -14.294512;
4837737 -14.035005 -14.300876;
4842803 -14.031816 -14.316784;
4847813 -14.028129 -14.319825;
4852982 -14.024022 -14.329788;
4858146 -14.018760 -14.320790;
4863306 -14.012872 -14.307095;
4868319 -14.006791 -14.307095;
4873403 -14.000080 -14.300730;
4878413 -13.992382 -14.297547;
4883420 -13.984145 -14.300730;
4888463 -13.974881 -14.300730;
4893481 -13.965436 -14.300730;
4898484 -13.955194 -14.301279;
4903590 -13.944296 -14.298095;
4908759 -13.931926 -14.284662;
4913852 -13.919206 -14.283419;
4919168 -13.905740 -14.283419;
4924327 -13.891156 -14.277050;
4929336 -13.876965 -14.261125;
4934455 -13.862688 -14.250488;
4939623 -13.846730 -14.243042;
4944776 -13.831094 -14.241802;
4949786 -13.815148 -14.236675;
4955056 -13.799149 -14.211198;
4960113 -13.782157 -14.175628;
4965157 -13.765929 -14.175628;
4970326 -13.750090 -14.169444;
4975347 -13.734174 -14.115274;
4980389 -13.718177 -14.083175;
4985520 -13.702151 -14.083175;
4990550 -13.685608 -14.078245;
4995565 -13.670005 -14.077012;
5000598 -13.655137 -14.061064;
5005659 -13.640062 -14.029158;
5010675 -13.625406 -13.973673;
5015773 -13.610804 -13.968770;
5020790 -13.595690 -13.961419;
5025896 -13.581276 -13.900797;
5030929 -13.566607 -13.846515;
5036006 -13.552531 -13.816845;
5041013 -13.538836 -13.809543;
5046047 -13.525636 -13.803462;
5051057 -13.512056 -13.781110;
5056167 -13.499269 -13.771529;
5061231 -13.486889 -13.735060;
5066250 -13.474234 -13.733848;
5071340 -13.462151 -13.730213;
5076355 -13.450247 -13.724267;
5081397 -13.438557 -13.712701;
5086538 -13.427112 -13.714685;
5091556 -13.414970 -13.714685;
5096699 -13.403810 -13.714685;
5101754 -13.392646 -13.701906;
5106914 -13.381364 -13.685930;
5111949 -13.370084 -13.672716;
5116962 -13.359462 -13.672716;
5121970 -13.349077 -13.672716;
5127122 -13.338779 -13.629173;
5132250 -13.328461 -13.623984;
5137406 -13.318347 -13.621992;
5142551 -13.307549 -13.621992;
5147579 -13.296655 -13.621992;
5152693 -13.285510 -13.624042;
5157861 -13.274331 -13.604890;
5163004 -13.262955 -13.563226;
5168173 -13.250927 -13.552393;
5173318 -13.238997 -13.548785;
5178474 -13.226925 -13.535983;
5183607 -13.214591 -13.514775;
5188773 -13.202234 -13.515976;
5193930 -13.189679 -13.513574;
5199080 -13.178288 -13.512373;
5204249 -13.167109 -13.480350;
5209259 -13.156322 -13.473944;
5214286 -13.146289 -13.458343;
5219455 -13.136297 -13.452356;
5224459 -13.126261 -13.452356;
5229475 -13.116621 -13.439546;
5234576 -13.106957 -13.385082;
5239722 -13.096274 -13.367190;
5244813 -13.085653 -13.392806;
5249970 -13.074835 -13.392806;
5255129 -13.064349 -13.401161;
5260134 -13.053426 -13.414303;
5265178 -13.042255 -13.433566;
5270344 -13.030921 -13.445176;
5275501 -13.019115 -13.505974;
5280625 -13.007527 -13.503974;
5285788 -12.995544 -13.494766;
5290914 -12.982918 -13.494361;
5295924 -12.970264 -13.476377;
5301102 -12.957477 -13.475179;
5306207 -12.943707 -13.446372;
5311330 -12.930247 -13.423960;
5316346 -12.916077 -13.357132;
5321474 -12.901360 -13.357132;
5326482 -12.886235 -13.355940;
5331518 -12.871312 -13.262972;
5336566 -12.855421 -13.205212;
5341712 -12.839376 -13.188644;
5349969 -12.793094 -13.188644;
5355304 -12.773409 -13.188644;
5360451 -12.773409 -13.201159;
5365462 -12.753542 -13.201159;
5370574 -12.732728 -13.198449;
5375743 -12.732728 -13.188644;
5380820 -12.710183 -13.182733;
5385981 -12.687768 -13.179526;
5390983 -12.664194 -13.159767;
5395994 -12.640850 -13.182566;
5401110 -12.616623 -13.181890;
5406203 -12.590912 -13.182733;
5411215 -12.564919 -13.182733;
5416347 -12.564919 -13.179526;
5421406 -12.535864 -13.160124;
5426538 -12.535864 -13.156585;
5431574 -12.504404 -13.141263;
5436705 -12.504404 -13.038687;
5441719 -12.469522 -12.894213;
5446853 -12.469522 -12.850987;
5452004 -12.430434 -12.845172;
5457158 -12.389841 -12.845172;
5462173 -12.348004 -12.787305;
5467177 -12.305612 -12.742268;
5472199 -12.261664 -12.699270;
5477202 -12.261664 -12.691185;
5482322 -12.216242 -12.684259;
5487328 -12.169053 -12.594124;
5492395 -12.121196 -12.487763;
5497564 -12.070975 -12.451677;
5502705 -12.017772 -12.445969;
5507796 -11.963090 -12.432285;
5513388 -11.907929 -12.348467;
5518543 -11.842475 -12.287162;
5523681 -11.780482 -12.233732;
5528703 -11.716929 -12.225833;
5533855 -11.653201 -12.222450;
5538946 -11.585384 -12.190186;
5544105 -11.516156 -12.141768;
5549234 -11.443521 -12.093777;
5554259 -11.369234 -12.088177;
5559419 -11.294612 -12.084819;
5564582 -11.215661 -11.987964;
5569631 -11.133945 -11.881293;
5574794 -11.050835 -11.797718;
5579821 -10.962931 -11.797718;
5584982 -10.874541 -11.788893;
5590061 -10.780841 -11.643310;
5595211 -10.686187 -11.507206;
5600347 -10.586986 -11.443373;
5605511 -10.485662 -11.434699;
5610625 -10.380713 -11.422785;
5615791 -10.273890 -11.286562;
5620935 -10.161998 -11.163126;
5626105 -10.048305 -11.077623;
5631173 -9.930800 -11.061669;
5636330 -9.812520 -11.038319;
5641491 -9.689367 -10.875856;
5646502 -9.563006 -10.719610;
5651601 -9.436532 -10.598254;
5656765 -9.304099 -10.595147;
5661842 -9.165721 -10.585833;
5666991 -9.026302 -10.419703;
5672047 -8.881094 -10.210797;
5677208 -8.734379 -10.058837;
5682243 -8.581465 -10.053816;
5687397 -8.428748 -10.053816;
5692490 -8.268881 -9.844763;
5697496 -8.108301 -9.576236;
5702664 -7.947255 -9.416829;
5707821 -7.778156 -9.402307;
5712855 -7.606701 -9.386846;
5717922 -7.437606 -9.163992;
5723070 -7.265081 -8.907743;
5728219 -7.087834 -8.762149;
5733233 -6.908745 -8.750050;
5738379 -6.732896 -8.734256;
5743422 -6.550101 -8.398683;
5748478 -6.369078 -8.101685;
5753793 -6.186160 -7.921444;
5758811 -5.993872 -7.902051;
5763958 -5.808422 -7.891494;
5769069 -5.615533 -7.544916;
5774119 -5.422159 -7.227086;
5780359 -5.228433 -7.050265;
5785426 -4.985770 -7.044444;
5790564 -4.788723 -7.030327;
5795574 -4.586248 -6.652509;
5800671 -4.388817 -6.276804;
5805832 -4.184961 -6.045729;
5810961 -3.978546 -6.037228;
5816127 -3.771375 -6.031823;
5821241 -3.562710 -5.679166;
5826340 -3.354856 -5.322184;
5831369 -3.147612 -5.093796;
5836437 -2.941025 -5.080150;
5841602 -2.732836 -5.074414;
5846769 -2.520189 -4.690046;
5851918 -2.307460 -4.307959;
5857085 -2.094843 -4.082041;
5862099 -1.881483 -4.072157;
5867259 -1.673062 -4.064920;
5872372 -1.458573 -3.622327;
5877397 -1.245960 -3.228948;
5882539 -1.036008 -2.993057;
5887680 -0.821168 -2.982348;
5892851 -0.605663 -2.978189;
5897998 -0.388901 -2.577896;
5903043 -0.171966 -2.166525;
5908175  0.040670 -1.973888;
5913206  0.258304 -1.973888;
5918369  0.471656 -1.972818;
5923377  0.691630 -1.564425;
5928531  0.905000 -1.212702;
5933630  1.126400 -1.002858;
5938768  1.345438 -1.001902;
5943771  1.570073 -1.001902;
5948779  1.788806 -0.629495;
5953782  2.010510 -0.208908;
5958925  2.231993 -0.018343;
5963933  2.463678 -0.010780;
5969097  2.689281 -0.006165;
5974260  2.924199  0.377068;
5979281  3.159070  0.835697;
5984308  3.391277  1.084334;
5989382  3.623761  1.085044;
5994394  3.861285  1.085399;
5999548  4.097896  1.541201;
6004713  4.343493  1.946568;
6009842  4.591506  2.152904;
6015003  4.840218  2.153488;
6020171  5.090482  2.154363;
6025338  5.344635  2.614827;
6030382  5.598740  3.089533;
6035442  5.849761  3.295678;
6040612  6.101964  3.297691;
6045629  6.360715  3.298138;
6050770  6.612268  3.806887;
6055771  6.869215  4.268278;
6060795  7.118744  4.513958;
6065805  7.368501  4.515015;
6070925  7.617179  4.515015;
6075927  7.869168  5.085230;
6081008  8.114281  5.581041;
6086017  8.362371  5.851483;
6091053  8.605762  5.851625;
6096071  8.848965  5.851697;
6101077  9.090111  6.368121;
6106142  9.329534  6.871021;
6111144  9.570116  7.131085;
6116296  9.807363  7.131080;
6121462  10.050347  7.131075;
6126626  10.292572  7.644300;
6131788  10.533442  8.095924;
6137385  10.774218  8.366212;
6142430  11.032037  8.366212;
6147457  11.264429  8.366212;
6152615  11.492961  8.836395;
6157653  11.725440  9.274562;
6162708  11.949934  9.504142;
6167719  12.173024  9.504142;
6172726  12.392337  9.504142;
6177769  12.608913  10.016713;
6182820  12.824044  10.490015;
6187988  13.036818  10.723553;
6193053  13.251678  10.723553;
6198092  13.457115  10.723553;
6203105  13.658958  11.212102;
6208216  13.855933  11.690923;
6213238  14.052195  11.876499;
6218355  14.242354  11.876499;
6223406  14.431893  11.876499;
6228466  14.615787  12.278971;
6233482  14.796029  12.641365;
6238485  14.971833  12.832716;
6243601  15.142752  12.832716;
6248719  15.315578  12.832716;
6253769  15.484642  13.189449;
6258801  15.648107  13.604667;
6263832  15.807685  13.801927;
6268975  15.963852  13.801927;
6274022  16.120001  13.801927;
6279132  16.269846  14.173901;
6284178  16.417309  14.562705;
6289337  16.559343  14.756033;
6294341  16.701210  14.756033;
6299487  16.835110  14.756033;
6304490  16.970139  15.085942;
6309559  17.097977  15.398906;
6314569  17.224871  15.556262;
6319724  17.347458  15.556262;
6324736  17.470798  15.556262;
6329892  17.586662  15.808041;
6334928  17.701487  16.024866;
6340019  17.811640  16.135211;
6345716  17.922995  16.135211;
6350856  18.041603  16.135211;
6355946  18.148615  16.394039;
6361113  18.258432  16.667718;
6366128  18.369911  16.789828;
6371282  18.463526  16.789828;
6376375  18.559734  16.789828;
6381526  18.650723  17.031214;
6386539  18.742746  17.219164;
6391708  18.828211  17.333462;
6396814  18.916334  17.333462;
6401977  18.998785  17.333462;
6406978  19.082157  17.513616;
6412144  19.157949  17.702133;
6417153  19.236242  17.781230;
6422300  19.308409  17.781230;
6427398  19.380795  17.781230;
6432460  19.450508  17.903444;
6437478  19.518261  18.025762;
6442492  19.584581  18.092878;
6447539  19.649012  18.092878;
6452621  19.712093  18.092878;
6457640  19.774061  18.276205;
6462691  19.833193  18.420517;
6467861  19.891159  18.483027;
6472893  19.949741  18.483027;
6477917  20.005030  18.483027;
6482942  20.058659  18.599186;
6488034  20.111568  18.730316;
6493067  20.163280  18.785380;
6498123  20.212971  18.785380;
6503181  20.261692  18.785380;
6508320  20.309004  18.894733;
6513335  20.355543  19.019760;
6518448  20.399429  19.064070;
6523459  20.442493  19.064070;
6528481  20.484699  19.064070;
6533604  20.524199  19.183794;
6538605  20.563124  19.260864;
6543684  20.599863  19.287376;
6548788  20.636206  19.287376;
6554195  20.672728  19.287376;
6559281  20.709312  19.348662;
6564414  20.742870  19.431847;
6569439  20.775995  19.471624;
6574571  20.807924  19.471624;
6579588  20.839788  19.471624;
6584696  20.870363  19.561244;
6589724  20.900129  19.660180;
6594798  20.929007  19.697395;
6599898  20.957567  19.697395;
6604980  20.985378  19.697395;
6609987  21.012238  19.747581;
6615055  21.037668  19.794404;
6620074  21.063061  19.816294;
6625111  21.087709  19.816294;
6630135  21.110987  19.816294;
6635177  21.133820  19.888639;
6640325  21.156273  19.952930;
6645428  21.178726  19.990193;
6650513  21.200594  19.990193;
6655596  21.222113  19.990193;
6660623  21.243624  20.028239;
6665762  21.273724  20.066552;
6670923  21.294020  20.086605;
6676067  21.314402  20.086605;
6681087  21.334324  20.086605;
6686190  21.353537  20.125452;
6691194  21.372871  20.211107;
6696285  21.391680  20.221913;
6701298  21.410154  20.215658;
6706445  21.427925  20.214095;
6711448  21.446564  20.225677;
6716589  21.464375  20.255321;
6721608  21.482794  20.283611;
6726756  21.501198  20.283611;
6731765  21.520508  20.283611;
6736803  21.539373  20.344323;
6741957  21.558386  20.360840;
6747014  21.577404  20.385799;
6752017  21.595909  20.381049;
6757055  21.614599  20.381049;
6762210  21.633535  20.389309;
6767338  21.652910  20.412676;
6772393  21.671793  20.428732;
6777405  21.689943  20.427938;
6782528  21.708284  20.427938;
6787626  21.726679  20.475432;
6792665  21.745335  20.510374;
6797713  21.763889  20.530379;
6802889  21.782747  20.530379;
6807952  21.802517  20.530379;
6813104  21.821276  20.573713;
6818109  21.841269  20.621744;
6823219  21.861265  20.660827;
6828222  21.882071  20.660827;
6833260  21.902403  20.660827;
6838276  21.922915  20.698294;
6843436  21.943605  20.712431;
6852812  21.981995  20.739084;
6857961  22.003351  20.739084;
6863085  22.024057  20.739084;
6868221  22.024057  20.763055;
6873374  22.044695  20.803036;
6878374  22.065990  20.835465;
6883521  22.085585  20.835465;
6888528  22.105951  20.835465;
6893608  22.125803  20.882908;
6898766  22.146099  20.943651;
6903904  22.166943  20.996021;
6909055  22.186960  20.996021;
6914059  22.207735  20.996021;
6919223  22.227726  21.104975;
6924342  22.248041  21.168995;
6929502  22.267321  21.168995;
6934522  22.286242  21.168995;
6939567  22.304420  21.168995;
6944730  22.322613  21.170669;
6949758  22.340403  21.183994;
6954885  22.357382  21.191510;
6959912  22.374264  21.189833;
6964988  22.390511  21.186481;
6970031  22.406450  21.233062;
6975097  22.422594  21.243877;
6980098  22.438347  21.233062;
6985168  22.454128  21.230541;
6990328  22.469429  21.213080;
6995341  22.485395  21.213919;
7000510  22.500755  21.214759;
