387301  0.000000  97.045494  0.000000;
401129  0.000000 -24.517350  0.000000;
406410  0.000000 -24.534069  0.000000;
411466  0.000000 -24.509715  0.000000;
416468  0.000000 -24.509715  0.000000;
421518  0.000000 -24.509715  0.000000;
426672  0.000000 -24.510379  0.000000;
431834 -24.504541 -24.505893 -24.505894;
436988 -24.503305 -24.514819 -24.514818;
442027 -24.502819 -24.514819 -24.514818;
447034 -24.502228 -24.526446 -24.526445;
452189 -24.502100 -24.546103 -24.546103;
457200 -24.501968 -24.547891 -24.547892;
462248 -24.502184 -24.539836 -24.539835;
467309 -24.502516 -24.538048 -24.538048;
472463 -24.502657 -24.539168 -24.539167;
477504 -24.502485 -24.538048 -24.538048;
482553 -24.502087 -24.539836 -24.539835;
487583 -24.501263 -24.563992 -24.563992;
492748 -24.500980 -24.563992 -24.563992;
497863 -24.500217 -24.560413 -24.560413;
503022 -24.499695 -24.560413 -24.560413;
508051 -24.499208 -24.562202 -24.562202;
513095 -24.498619 -24.563992 -24.563992;
518129 -24.497990 -24.566900 -24.566900;
523136 -24.507122 -24.566900 -24.566900;
528255 -24.506344 -24.563992 -24.563992;
533258 -24.506056 -24.563992 -24.563992;
538371 -24.505890 -24.573388 -24.573389;
543533 -24.505173 -24.579204 -24.579205;
548683 -24.504883 -24.582112 -24.582111;
553686 -24.504789 -24.583902 -24.583902;
558781 -24.504890 -24.602497 -24.602497;
563798 -24.504759 -24.612142 -24.612143;
568839 -24.504784 -24.617961 -24.617962;
573857 -24.504539 -24.623779 -24.623779;
578985 -24.503988 -24.630526 -24.630526;
584029 -24.503269 -24.634117 -24.634117;
589111 -24.503063 -24.646010 -24.646009;
594280 -24.502623 -24.648920 -24.648920;
599392 -24.502253 -24.648920 -24.648920;
604556 -24.501379 -24.648920 -24.648920;
609640 -24.500931 -24.648920 -24.648920;
615269 -24.500490 -24.649604 -24.648920;
620411 -24.499701 -24.649604 -24.649603;
625449 -24.499411 -24.649604 -24.649603;
630572 -24.499012 -24.642668 -24.642668;
635613 -24.497980 -24.616460 -24.616459;
640705 -24.497389 -24.607041 -24.607040;
645863 -24.496946 -24.605246 -24.605246;
650876 -24.496380 -24.605246 -24.605246;
656006 -24.496367 -24.599419 -24.599419;
661047 -24.496313 -24.599419 -24.599419;
666098 -24.496029 -24.632570 -24.632570;
671246 -24.495590 -24.628977 -24.628977;
676349 -24.495026 -24.628977 -24.628977;
681389 -24.494778 -24.620244 -24.620243;
686549 -24.494686 -24.620244 -24.620243;
691599 -24.494396 -24.620244 -24.620243;
696746 -24.493458 -24.616653 -24.616653;
701773 -24.493011 -24.611268 -24.611267;
706816 -24.492191 -24.614858 -24.614857;
711829 -24.491714 -24.616653 -24.616653;
716903 -24.491470 -24.620679 -24.620680;
722066 -24.490759 -24.623590 -24.623590;
727234 -24.490271 -24.632321 -24.632320;
732396 -24.489546 -24.632321 -24.632320;
737543 -24.489452 -24.632321 -24.632320;
742565 -24.489241 -24.635231 -24.635231;
747648 -24.488844 -24.633435 -24.633436;
752654 -24.489101 -24.629844 -24.629845;
757667 -24.489164 -24.618205 -24.618204;
762749 -24.489189 -24.618205 -24.618204;
767870 -24.488787 -24.615294 -24.615294;
772908 -24.488342 -24.615294 -24.615294;
777987 -24.488174 -24.609910 -24.609911;
783147 -24.487152 -24.601179 -24.601179;
788196 -24.486586 -24.592446 -24.592445;
793238 -24.486456 -24.595798 -24.595798;
798318 -24.485979 -24.601618 -24.601618;
803468 -24.485809 -24.601618 -24.601618;
808619 -24.485441 -24.603412 -24.603413;
813743 -24.484877 -24.614178 -24.614178;
818765 -24.494055 -24.619564 -24.619564;
824145 -24.503050 -24.619564 -24.619564;
835685 -24.502356 -24.622475 -24.622475;
840804 -24.502356 -24.619564 -24.622475;
845837 -24.501482 -24.619564 -24.619564;
850876 -24.501390 -24.628977 -24.619564;
856003 -24.500376 -24.628977 -24.628977;
861042 -24.499931 -24.631888 -24.628977;
866087 -24.499302 -24.628977 -24.631887;
871094 -24.498941 -24.628977 -24.628977;
876113 -24.498163 -24.620244 -24.628977;
881282 -24.497231 -24.614858 -24.620243;
886284 -24.495834 -24.596915 -24.614857;
891295 -24.495399 -24.585272 -24.596914;
896394 -24.495193 -24.582361 -24.585272;
901549 -24.495296 -24.583479 -24.582361;
906667 -24.494614 -24.578102 -24.583479;
911836 -24.494209 -24.595562 -24.578102;
916854 -24.493919 -24.595562 -24.595562;
921889 -24.493408 -24.595562 -24.595562;
926905 -24.492857 -24.601381 -24.595562;
931995 -24.492575 -24.601381 -24.601381;
937138 -24.491318 -24.601381 -24.601381;
942282 -24.490753 -24.615731 -24.601381;
947307 -24.490425 -24.614615 -24.615730;
952413 -24.490181 -24.623590 -24.614614;
957417 -24.489426 -24.623590 -24.623590;
962568 -24.488800 -24.623590 -24.623590;
967608 -24.488432 -24.594034 -24.623590;
972628 -24.478222 -24.594034 -24.594034;
977663 -24.478209 -24.581261 -24.594034;
982819 -24.477926 -24.581261 -24.581261;
987905 -24.477203 -24.592915 -24.581261;
993019 -24.477072 -24.592915 -24.592915;
998059 -24.476667 -24.598301 -24.592915;
1003071 -24.476231 -24.615780 -24.598301;
1008183 -24.475872 -24.615780 -24.615780;
1013336 -24.475468 -24.618692 -24.615780;
1018451 -24.474981 -24.618692 -24.618692;
1023612 -24.474890 -24.618692 -24.618692;
1028641 -24.474285 -24.665266 -24.618692;
1033738 -24.474041 -24.665266 -24.665266;
1038767 -24.473755 -24.665266 -24.665266;
1043893 -24.473049 -24.653627 -24.665266;
1049051 -24.472721 -24.633252 -24.653627;
1054179 -24.472235 -24.627862 -24.633251;
1059330 -24.471947 -24.626066 -24.627863;
1064391 -24.471304 -24.618884 -24.626066;
1069526 -24.471136 -24.610830 -24.618885;
1074664 -24.471279 -24.605006 -24.610830;
1079669 -24.470991 -24.596710 -24.605007;
1084707 -24.471207 -24.596710 -24.596710;
1089806 -24.471153 -24.591328 -24.596710;
1094967 -24.471373 -24.582592 -24.591328;
1100040 -24.471201 -24.584386 -24.582592;
1105091 -24.470915 -24.585504 -24.584387;
1110114 -24.470129 -24.600062 -24.585505;
1115141 -24.469809 -24.605884 -24.600061;
1120296 -24.469526 -24.611268 -24.605885;
1125421 -24.469158 -24.618448 -24.611267;
1130575 -24.468830 -24.619564 -24.618448;
1135596 -24.468855 -24.622475 -24.619564;
1140698 -24.468611 -24.631207 -24.622475;
1145862 -24.468519 -24.631455 -24.631207;
1150869 -24.468307 -24.631455 -24.631454;
1156010 -24.468063 -24.615973 -24.631454;
1161039 -24.467342 -24.615973 -24.615973;
1166161 -24.466408 -24.615973 -24.615973;
1171206 -24.465925 -24.617769 -24.615973;
1176374 -24.465488 -24.617769 -24.617769;
1181497 -24.465000 -24.637277 -24.617769;
1186608 -24.464634 -24.637277 -24.637278;
1191651 -24.464113 -24.651830 -24.637278;
1196676 -24.463791 -24.653627 -24.651831;
1201722 -24.463125 -24.653627 -24.653627;
1206866 -24.462610 -24.653627 -24.653627;
1211920 -24.462282 -24.641051 -24.653627;
1216959 -24.461727 -24.641051 -24.641050;
1221968 -24.461290 -24.632321 -24.641050;
1226980 -24.460894 -24.626501 -24.632320;
1231981 -24.460154 -24.621795 -24.626501;
1237054 -24.459949 -24.621795 -24.621796;
1242906 -24.459780 -24.612821 -24.621796;
1248076 -24.459719 -24.604090 -24.612822;
1253155 -24.459429 -24.604090 -24.604090;
1258304 -24.459299 -24.609473 -24.604090;
1263344 -24.458813 -24.621115 -24.609472;
1268475 -24.458721 -24.624025 -24.621115;
1273532 -24.458471 -24.627615 -24.624025;
1278550 -24.458149 -24.629411 -24.627615;
1283647 -24.457560 -24.648236 -24.629412;
1288672 -24.456806 -24.648236 -24.648235;
1293698 -24.455986 -24.648236 -24.648235;
1298797 -24.455704 -24.648236 -24.648235;
1303958 -24.454834 -24.648236 -24.648235;
1309011 -24.454781 -24.640620 -24.648235;
1314173 -24.454304 -24.636345 -24.640619;
1319332 -24.453737 -24.639255 -24.636345;
1324360 -24.453171 -24.639255 -24.639256;
1329508 -24.452965 -24.636345 -24.639256;
1334629 -24.453226 -24.633435 -24.636345;
1339783 -24.453289 -24.633435 -24.633436;
1344949 -24.452843 -24.631640 -24.633436;
1350114 -24.452435 -24.618884 -24.631639;
1355245 -24.452026 -24.617769 -24.618885;
1360253 -24.451698 -24.610151 -24.617769;
1365382 -24.451876 -24.618884 -24.610151;
1370534 -24.451548 -24.621795 -24.618885;
1375577 -24.451218 -24.621795 -24.621796;
1380744 -24.450781 -24.623590 -24.621796;
1385756 -24.450491 -24.648920 -24.623590;
1390758 -24.450018 -24.648920 -24.648920;
1395844 -24.449583 -24.648920 -24.648920;
1400897 -24.448948 -24.652514 -24.648920;
1406012 -24.448162 -24.646693 -24.652514;
1411034 -24.447992 -24.646693 -24.646692;
1416118 -24.448132 -24.646693 -24.646692;
1421208 -24.448235 -24.646693 -24.646692;
1426221 -24.447870 -24.649174 -24.646692;
1431369 -24.447128 -24.649174 -24.649174;
1436527 -24.446604 -24.648490 -24.649174;
1441563 -24.446707 -24.648490 -24.648491;
1446643 -24.446270 -24.648490 -24.648491;
1452649 -24.445717 -24.648490 -24.648491;
1457799 -24.445717 -24.653883 -24.653883;
1462811 -24.445282 -24.664674 -24.664675;
1467955 -24.445282 -24.667586 -24.667585;
1473093 -24.444876 -24.670497 -24.670498;
1478245 -24.444391 -24.670497 -24.670498;
1483305 -24.443708 -24.670497 -24.670498;
1488387 -24.442728 -24.662189 -24.662189;
1493473 -24.442093 -24.660391 -24.660391;
1498621 -24.441301 -24.660391 -24.660391;
1503701 -24.440973 -24.657480 -24.657480;
1508852 -24.440533 -24.657480 -24.657480;
1513936 -24.440006 -24.648061 -24.648060;
1519092 -24.449112 -24.646263 -24.646263;
1524232 -24.448349 -24.643782 -24.643782;
1529350 -24.447235 -24.640871 -24.640871;
1534485 -24.446831 -24.644465 -24.644466;
1539635 -24.446384 -24.645579 -24.645580;
1544713 -24.446724 -24.643782 -24.643782;
1549851 -24.446671 -24.643099 -24.643099;
1554917 -24.446342 -24.640188 -24.640188;
1560005 -24.446173 -24.641985 -24.641985;
1565082 -24.445692 -24.641985 -24.641985;
1570240 -24.445406 -24.640188 -24.640188;
1575360 -24.444683 -24.640188 -24.640188;
1580520 -24.444317 -24.639074 -24.639074;
1585581 -24.443594 -24.640871 -24.640871;
1590735 -24.443001 -24.643351 -24.643351;
1595821 -24.442751 -24.643351 -24.643351;
1600992 -24.442387 -24.643351 -24.643351;
1606077 -24.442057 -24.650543 -24.650543;
1611107 -24.442469 -24.644718 -24.644718;
1616236 -24.442953 -24.637528 -24.637527;
1621368 -24.443213 -24.637528 -24.637527;
1626512 -24.443041 -24.643351 -24.643351;
1631537 -24.442163 -24.637528 -24.637527;
1636666 -24.442226 -24.637528 -24.637527;
1641714 -24.442133 -24.651657 -24.651657;
1646771 -24.440693 -24.651401 -24.651402;
1651893 -24.430641 -24.647807 -24.647806;
1657022 -24.430391 -24.651401 -24.651402;
1662458 -24.430141 -24.660391 -24.651402;
1667604 -24.429131 -24.672034 -24.672033;
1672677 -24.428331 -24.672034 -24.672033;
1677825 -24.427969 -24.672034 -24.672033;
1682875 -24.436678 -24.642921 -24.642921;
1688028 -24.436625 -24.628357 -24.628357;
1693116 -24.436768 -24.620053 -24.620052;
1698121 -24.436636 -24.620053 -24.620052;
1703208 -24.436163 -24.634616 -24.634615;
1708358 -24.435488 -24.634616 -24.634615;
1713469 -24.435198 -24.627675 -24.627676;
1718619 -24.434910 -24.620053 -24.620052;
1723643 -24.434187 -24.631022 -24.631021;
1728787 -24.433367 -24.633934 -24.633934;
1733861 -24.432802 -24.637528 -24.637527;
1738932 -24.432749 -24.637528 -24.637527;
1744080 -24.432348 -24.643782 -24.643782;
1749235 -24.431744 -24.661245 -24.661245;
1754315 -24.431612 -24.665266 -24.665266;
1759467 -24.431055 -24.661245 -24.661245;
1764477 -24.430490 -24.652514 -24.661245;
1769489 -24.430094 -24.643782 -24.643782;
1774543 -24.430195 -24.638392 -24.638391;
1779558 -24.429949 -24.638392 -24.638391;
1784712 -24.429628 -24.620924 -24.620924;
1789713 -24.428709 -24.619808 -24.619808;
1794774 -24.428198 -24.620924 -24.620924;
1799941 -24.428339 -24.629659 -24.629658;
1804983 -24.428087 -24.629659 -24.629658;
1810139 -24.427996 -24.635048 -24.635048;
1815256 -24.428061 -24.635048 -24.635048;
1820354 -24.428202 -24.634366 -24.634367;
1825520 -24.427797 -24.641302 -24.641302;
1830551 -24.427467 -24.635913 -24.635914;
1835556 -24.436478 -24.635913 -24.635914;
1840577 -24.426262 -24.633003 -24.633003;
1845745 -24.425827 -24.616410 -24.616409;
1850780 -24.425930 -24.616410 -24.616409;
1855937 -24.425608 -24.616410 -24.616409;
1861062 -24.424807 -24.615294 -24.615294;
1866189 -24.424049 -24.605445 -24.605446;
1872201 -24.423292 -24.604328 -24.605446;
1877351 -24.422817 -24.602534 -24.602533;
1882491 -24.422409 -24.602534 -24.602533;
1887651 -24.421885 -24.598505 -24.598505;
1892710 -24.421358 -24.590678 -24.598505;
1897873 -24.421345 -24.603928 -24.603928;
1902878 -24.421329 -24.606842 -24.603928;
1908033 -24.421431 -24.618500 -24.618500;
1913112 -24.421534 -24.629286 -24.618500;
1918187 -24.420860 -24.636481 -24.636480;
1923236 -24.420187 -24.641627 -24.636480;
1928386 -24.419287 -24.640943 -24.640944;
1933550 -24.418367 -24.646770 -24.640944;
1938703 -24.418116 -24.648569 -24.648569;
1943839 -24.417866 -24.648569 -24.648569;
1948965 -24.417616 -24.652597 -24.652597;
1953994 -24.417366 -24.652597 -24.652597;
1959052 -24.417198 -24.650798 -24.650799;
1964154 -24.416798 -24.650798 -24.650799;
1969304 -24.416784 -24.650798 -24.650799;
1974471 -24.416416 -24.647201 -24.647202;
1979599 -24.416046 -24.645402 -24.647202;
1984758 -24.415445 -24.636413 -24.636414;
1989926 -24.414879 -24.636413 -24.636414;
1995042 -24.415140 -24.636413 -24.636414;
2000062 -24.415594 -24.629225 -24.629225;
2005221 -24.415274 -24.629225 -24.629225;
2010238 -24.414707 -24.629225 -24.629225;
2015273 -24.413851 -24.629225 -24.629225;
2020408 -24.413490 -24.626313 -24.626312;
2025479 -24.413280 -24.618448 -24.618448;
2030504 -24.412647 -24.612384 -24.612383;
2035675 -24.412289 -24.610589 -24.610588;
2040680 -24.411209 -24.612384 -24.612383;
2045830 -24.410583 -24.616653 -24.616653;
2050881 -24.409744 -24.618448 -24.618448;
2056028 -24.409538 -24.618448 -24.618448;
2061087 -24.409014 -24.618448 -24.618448;
2066234 -24.408266 -24.618448 -24.618448;
2071295 -24.408213 -24.618448 -24.618448;
2076460 -24.407503 -24.624271 -24.624271;
2081688 -24.406778 -24.620679 -24.624271;
2086839 -24.406404 -24.613499 -24.613499;
2091893 -24.406036 -24.613499 -24.613499;
2096917 -24.405251 -24.613499 -24.613499;
2101933 -24.405390 -24.608116 -24.608116;
2107092 -24.405720 -24.604528 -24.604528;
2112237 -24.405666 -24.612579 -24.612579;
2117394 -24.405220 -24.600941 -24.600941;
2122459 -24.405285 -24.600941 -24.600941;
2127607 -24.404961 -24.604967 -24.604967;
2132713 -24.404711 -24.603174 -24.603174;
2137855 -24.404190 -24.601381 -24.601381;
2142915 -24.403625 -24.597355 -24.597355;
2148056 -24.403458 -24.591535 -24.591536;
2153216 -24.402893 -24.585715 -24.585714;
2158354 -24.402327 -24.585715 -24.585714;
2163518 -24.402077 -24.585715 -24.585714;
2168556 -24.401550 -24.580568 -24.580568;
2173558 -24.401152 -24.593122 -24.593122;
2178647 -24.400871 -24.604567 -24.604567;
2183758 -24.400623 -24.616216 -24.616217;
2188906 -24.400335 -24.616216 -24.616217;
2194006 -24.399889 -24.619808 -24.619808;
2199071 -24.399525 -24.619808 -24.619808;
2204214 -24.398932 -24.623836 -24.623837;
2209242 -24.398092 -24.629659 -24.629658;
2214410 -24.397541 -24.644213 -24.644213;
2219449 -24.397211 -24.641302 -24.641302;
2224469 -24.397505 -24.644896 -24.644896;
2229501 -24.397146 -24.638392 -24.638391;
2234664 -24.396826 -24.633003 -24.633003;
2239818 -24.396418 -24.633003 -24.633003;
2244979 -24.395773 -24.624271 -24.624271;
2250019 -24.395365 -24.621360 -24.621359;
2255054 -24.394697 -24.627862 -24.627863;
2260096 -24.393915 -24.630774 -24.630774;
2265113 -24.392784 -24.630774 -24.630774;
2270193 -24.392080 -24.632570 -24.632570;
2275197 -24.391485 -24.635048 -24.635048;
2280276 -24.390974 -24.627428 -24.627428;
2285400 -24.390804 -24.627428 -24.627428;
2290560 -24.390633 -24.627428 -24.627428;
2295722 -24.389751 -24.615780 -24.615780;
2300761 -24.389147 -24.595388 -24.595388;
2305773 -24.388363 -24.600537 -24.600536;
2310927 -24.387699 -24.586180 -24.586180;
2316094 -24.387724 -24.577213 -24.577213;
2321211 -24.387552 -24.583267 -24.583267;
2326368 -24.388084 -24.583267 -24.583267;
2335888 -24.387913 -24.597624 -24.597624;
2340920 -24.387913 -24.597624 -24.597624;
2345945 -24.387207 -24.589768 -24.597624;
2351052 -24.386732 -24.593357 -24.589767;
2356209 -24.386171 -24.590444 -24.593357;
2361354 -24.385803 -24.594711 -24.590445;
2366506 -24.384832 -24.594711 -24.594711;
2371523 -24.384832 -24.594711 -24.594711;
2376524 -24.384665 -24.594711 -24.594711;
2381589 -24.384613 -24.598301 -24.594711;
2386743 -24.383709 -24.611313 -24.598301;
2391766 -24.383459 -24.610633 -24.611313;
2396800 -24.383329 -24.606363 -24.610634;
2401961 -24.383547 -24.606363 -24.606363;
2407129 -24.383335 -24.606363 -24.606363;
2412268 -24.382769 -24.600299 -24.606363;
2417433 -24.382206 -24.600299 -24.600300;
2422627 -24.382153 -24.600299 -24.600300;
2427750 -24.381742 -24.609275 -24.609276;
2432907 -24.381611 -24.612867 -24.612867;
2437984 -24.381714 -24.617576 -24.617577;
2443138 -24.381544 -24.617576 -24.617577;
2448259 -24.381058 -24.617576 -24.617577;
2453261 -24.380535 -24.621169 -24.621168;
2458367 -24.380100 -24.630154 -24.630154;
2463383 -24.380125 -24.623211 -24.623211;
2468528 -24.380112 -24.623211 -24.623211;
2473687 -24.380215 -24.623211 -24.623211;
2478800 -24.380121 -24.632201 -24.632200;
2483955 -24.379677 -24.641195 -24.641195;
2489018 -24.379269 -24.634682 -24.634682;
2494149 -24.378597 -24.632201 -24.632200;
2499569 -24.377916 -24.627241 -24.632200;
2504574 -24.377239 -24.630836 -24.630836;
2509719 -24.376842 -24.630836 -24.630836;
2514732 -24.376356 -24.658423 -24.658422;
2519813 -24.376188 -24.644035 -24.644035;
2524981 -24.376175 -24.642237 -24.642237;
2530040 -24.375648 -24.642237 -24.642237;
2535050 -24.374708 -24.642237 -24.642237;
2540106 -24.374083 -24.646263 -24.646263;
2545152 -24.373606 -24.644213 -24.644213;
2550174 -24.372744 -24.647123 -24.647123;
2555175 -24.372499 -24.646010 -24.646009;
2560293 -24.372601 -24.641985 -24.641985;
2565386 -24.371843 -24.646263 -24.646263;
2570480 -24.371363 -24.637277 -24.637278;
2575503 -24.370920 -24.640188 -24.640188;
2580525 -24.370869 -24.640188 -24.640188;
2585531 -24.370817 -24.640188 -24.640188;
2590670 -24.370918 -24.622910 -24.622910;
2595797 -24.371611 -24.613936 -24.613935;
2600970 -24.371557 -24.608554 -24.608555;
2606044 -24.371464 -24.608554 -24.608555;
2611047 -24.370907 -24.605645 -24.605644;
2616049 -24.370319 -24.598471 -24.598471;
2621083 -24.369884 -24.596679 -24.596678;
2626250 -24.369255 -24.599588 -24.599588;
2631280 -24.368570 -24.601381 -24.601381;
2636285 -24.367634 -24.600264 -24.600264;
2641305 -24.367352 -24.603851 -24.603851;
2646345 -24.366800 -24.603851 -24.603851;
2651355 -24.366209 -24.603851 -24.603851;
2656372 -24.365507 -24.607678 -24.607677;
2661521 -24.365456 -24.609473 -24.609472;
2666538 -24.365088 -24.620679 -24.620680;
2671687 -24.364805 -24.623590 -24.623590;
2676703 -24.364515 -24.626501 -24.626501;
2681858 -24.364309 -24.631888 -24.631887;
2686997 -24.363745 -24.637277 -24.637278;
2692020 -24.363848 -24.628977 -24.628977;
2697107 -24.363796 -24.627182 -24.627182;
2702274 -24.363859 -24.627182 -24.627182;
2708025 -24.363924 -24.618448 -24.627182;
2713049 -24.363688 -24.608597 -24.608597;
2718088 -24.363596 -24.583499 -24.583500;
2723251 -24.363081 -24.583499 -24.583500;
2728314 -24.362988 -24.574529 -24.574530;
2733327 -24.363089 -24.578116 -24.578117;
2738409 -24.363304 -24.583499 -24.583500;
2743573 -24.363251 -24.618448 -24.618448;
2748601 -24.362803 -24.633003 -24.633003;
2753751 -24.362711 -24.633003 -24.633003;
2758773 -24.362617 -24.632137 -24.632137;
2763779 -24.362297 -24.639325 -24.639326;
2768948 -24.361633 -24.635048 -24.635048;
2774017 -24.361462 -24.637960 -24.637960;
2779059 -24.360983 -24.640188 -24.640188;
2784226 -24.360199 -24.640188 -24.640188;
2789229 -24.359436 -24.640188 -24.640188;
2794258 -24.358543 -24.632570 -24.632570;
2799339 -24.357531 -24.634799 -24.634798;
2804508 -24.357128 -24.624025 -24.624025;
2809543 -24.356600 -24.624705 -24.624704;
2814546 -24.355701 -24.621795 -24.621796;
2819710 -24.354618 -24.622475 -24.622475;
2824732 -24.354130 -24.615294 -24.615294;
2829784 -24.353312 -24.615294 -24.615294;
2834796 -24.352642 -24.622475 -24.622475;
2839870 -24.352552 -24.626066 -24.626066;
2844891 -24.352036 -24.621360 -24.621359;
2850037 -24.351984 -24.624271 -24.624271;
2855053 -24.351694 -24.622475 -24.622475;
2860195 -24.350990 -24.619564 -24.619564;
2865280 -24.350859 -24.616653 -24.616653;
2870420 -24.350805 -24.592446 -24.592445;
2875464 -24.350634 -24.592446 -24.592445;
2880609 -24.359707 -24.592446 -24.592445;
2885708 -24.359142 -24.596034 -24.596033;
2890884 -24.358467 -24.605006 -24.605007;
2896035 -24.358137 -24.618448 -24.618448;
2901082 -24.357651 -24.621360 -24.621359;
2906230 -24.357367 -24.624271 -24.624271;
2911296 -24.356802 -24.624951 -24.624950;
2916734 -24.356247 -24.639325 -24.624950;
2921881 -24.355650 -24.646947 -24.646946;
2926926 -24.355125 -24.639757 -24.639757;
2932080 -24.354033 -24.639506 -24.639505;
2937208 -24.353743 -24.630774 -24.630774;
2942372 -24.353727 -24.630774 -24.630774;
2947493 -24.352884 -24.628977 -24.628977;
2952580 -24.352518 -24.625386 -24.625385;
2957612 -24.352077 -24.625386 -24.625385;
2962779 -24.351410 -24.619564 -24.619564;
2967907 -24.351158 -24.619564 -24.619564;
2972907 -24.351027 -24.613062 -24.613062;
2977935 -24.350479 -24.618884 -24.618885;
2983082 -24.349928 -24.618884 -24.618885;
2988165 -24.349363 -24.618884 -24.618885;
2993314 -24.349426 -24.622475 -24.622475;
2998358 -24.348902 -24.641302 -24.641302;
3003378 -24.348579 -24.644213 -24.644213;
3008431 -24.348528 -24.650033 -24.650032;
3013583 -24.347780 -24.644213 -24.644213;
3018684 -24.347490 -24.641302 -24.641302;
3023792 -24.346424 -24.630526 -24.630526;
3028936 -24.345747 -24.628730 -24.628731;
3034009 -24.345104 -24.626935 -24.626934;
3039016 -24.344355 -24.624025 -24.624025;
3044042 -24.343920 -24.624025 -24.624025;
3049118 -24.344173 -24.622230 -24.622231;
3054148 -24.344236 -24.618640 -24.618641;
3059290 -24.343647 -24.618640 -24.618641;
3064371 -24.343554 -24.616410 -24.616409;
3069533 -24.343035 -24.615294 -24.615294;
3074535 -24.343336 -24.626066 -24.626066;
3079701 -24.343475 -24.626066 -24.626066;
3084783 -24.343185 -24.626066 -24.626066;
3089930 -24.342472 -24.634616 -24.634615;
3095040 -24.342064 -24.641806 -24.641806;
3100195 -24.342127 -24.644718 -24.644718;
3105282 -24.331448 -24.644718 -24.644718;
3110431 -24.330967 -24.650543 -24.650543;
3115581 -24.330362 -24.650113 -24.650114;
3120661 -24.329405 -24.647885 -24.647884;
3126238 -24.328461 -24.644288 -24.647884;
3131387 -24.327765 -24.631704 -24.631704;
3136450 -24.327122 -24.631704 -24.631704;
3141616 -24.327223 -24.611313 -24.611313;
3146679 -24.326538 -24.611313 -24.611313;
3151844 -24.325674 -24.613984 -24.613983;
3156905 -24.324793 -24.616896 -24.613983;
3161906 -24.324005 -24.616896 -24.616896;
3166917 -24.323227 -24.613984 -24.616896;
3172064 -24.322792 -24.622966 -24.622965;
3177203 -24.322346 -24.634865 -24.634865;
3182350 -24.321508 -24.640008 -24.640009;
3187468 -24.320511 -24.635048 -24.635048;
3192614 -24.319754 -24.635048 -24.635048;
3197652 -24.319033 -24.635048 -24.635048;
3202801 -24.318634 -24.666213 -24.666212;
3207806 -24.318502 -24.666213 -24.666212;
3212944 -24.318565 -24.666213 -24.666212;
3217974 -24.317963 -24.666899 -24.666899;
3223118 -24.317373 -24.663988 -24.663988;
3228218 -24.316771 -24.663988 -24.663988;
3233344 -24.316250 -24.649604 -24.663988;
3238497 -24.316393 -24.647807 -24.647806;
3243647 -24.315277 -24.644896 -24.644896;
3248793 -24.314634 -24.637960 -24.637960;
3253866 -24.314110 -24.638642 -24.638643;
3259019 -24.313786 -24.650288 -24.650288;
3264100 -24.313456 -24.656109 -24.656109;
3269249 -24.312433 -24.655681 -24.655682;
3274323 -24.311672 -24.666473 -24.666473;
3279450 -24.311077 -24.683785 -24.683784;
3284469 -24.310749 -24.667586 -24.667585;
3289598 -24.310390 -24.663988 -24.663988;
3294765 -24.310297 -24.661077 -24.661077;
3299922 -24.310204 -24.658165 -24.658165;
3304934 -24.309954 -24.643351 -24.643351;
3310081 -24.309404 -24.643351 -24.643351;
3315164 -24.308369 -24.642668 -24.642668;
3320327 -24.307579 -24.643351 -24.643351;
3325341 -24.307604 -24.643351 -24.643351;
3330428 -24.307398 -24.644896 -24.644896;
3335441 -24.307190 -24.648920 -24.644896;
3340597 -24.306372 -24.647123 -24.647123;
3345669 -24.306042 -24.647123 -24.647123;
3350836 -24.305330 -24.647123 -24.647123;
3355877 -24.304882 -24.648920 -24.648920;
3361007 -24.314064 -24.651830 -24.651831;
3366026 -24.313345 -24.651830 -24.651831;
3371171 -24.312565 -24.654312 -24.654312;
3376252 -24.312040 -24.656109 -24.656109;
3381415 -24.311600 -24.658593 -24.658592;
3386564 -24.311625 -24.658593 -24.658592;
3391568 -24.311846 -24.658593 -24.658592;
3396656 -24.311871 -24.641806 -24.641806;
3401674 -24.311779 -24.612672 -24.612671;
3406746 -24.311649 -24.609516 -24.609516;
3411846 -24.311520 -24.628110 -24.628109;
3416934 -24.311310 -24.624517 -24.624517;
3421936 -24.311218 -24.621604 -24.621605;
3426999 -24.311129 -24.621604 -24.621605;
3432014 -24.311037 -24.611268 -24.611267;
3437128 -24.310947 -24.605884 -24.611267;
3442161 -24.310503 -24.598708 -24.598707;
3447308 -24.310335 -24.598708 -24.598707;
3452358 -24.309534 -24.587741 -24.587740;
3457511 -24.309019 -24.588416 -24.588417;
3462844 -24.308493 -24.588416 -24.588417;
3468495 -24.308273 -24.600062 -24.600061;
3473570 -24.308043 -24.600062 -24.600061;
3478736 -24.307526 -24.605445 -24.605446;
3483746 -24.306999 -24.632321 -24.605446;
3488908 -24.306871 -24.632321 -24.632320;
3494038 -24.306738 -24.626935 -24.632320;
3499054 -24.306372 -24.621115 -24.621115;
3504114 -24.306013 -24.615294 -24.621115;
3509264 -24.306540 -24.617769 -24.617769;
3514364 -24.307076 -24.617769 -24.617769;
3519368 -24.306555 -24.617769 -24.617769;
3524370 -24.306196 -24.613741 -24.613741;
3529491 -24.306374 -24.610830 -24.610830;
3534558 -24.306007 -24.607480 -24.607479;
3539679 -24.305645 -24.619128 -24.619127;
3544868 -24.305279 -24.619128 -24.619127;
3550021 -24.305542 -24.656881 -24.656881;
3555105 -24.305056 -24.665882 -24.665882;
3560246 -24.304731 -24.659795 -24.659794;
3565360 -24.304207 -24.665621 -24.665621;
3570508 -24.303881 -24.672559 -24.672560;
3575644 -24.303041 -24.674360 -24.674360;
3580654 -24.302792 -24.674360 -24.674360;
3585701 -24.311880 -24.670759 -24.670759;
3590864 -24.311249 -24.667586 -24.667585;
3595877 -24.310604 -24.651401 -24.651402;
3600958 -24.310398 -24.651401 -24.651402;
3606007 -24.309996 -24.645579 -24.645580;
3611163 -24.309134 -24.625820 -24.625820;
3616204 -24.308962 -24.625820 -24.625820;
3621363 -24.309025 -24.625820 -24.625820;
3626488 -24.308498 -24.599622 -24.599623;
3631626 -24.308405 -24.584618 -24.584618;
3636760 -24.308155 -24.594034 -24.594034;
3641839 -24.308102 -24.594034 -24.594034;
3646984 -24.308048 -24.594034 -24.594034;
3652088 -24.308622 -24.592474 -24.592474;
3657230 -24.308609 -24.592474 -24.592474;
3662343 -24.308241 -24.600537 -24.600536;
3667491 -24.307135 -24.600537 -24.600536;
3672575 -24.307119 -24.595152 -24.595152;
3677745 -24.306871 -24.589326 -24.589325;
3682783 -24.306620 -24.589326 -24.589325;
3687918 -24.306183 -24.585737 -24.585737;
3693061 -24.305737 -24.587974 -24.585737;
3698228 -24.305447 -24.593798 -24.593798;
3703319 -24.304564 -24.593798 -24.593798;
3708468 -24.304239 -24.593798 -24.593798;
3713511 -24.303989 -24.599622 -24.599623;
3718660 -24.313175 -24.602534 -24.602533;
3723718 -24.312885 -24.611268 -24.611267;
3728879 -24.312408 -24.620244 -24.620243;
3734030 -24.312237 -24.620244 -24.620243;
3739194 -24.312222 -24.611946 -24.611946;
3744306 -24.312206 -24.611946 -24.611946;
3749335 -24.311802 -24.606562 -24.606562;
3754336 -24.301384 -24.611946 -24.611946;
3759483 -24.300951 -24.602094 -24.602095;
3764509 -24.300976 -24.617332 -24.617332;
3769666 -24.300962 -24.617332 -24.617332;
3774674 -24.300751 -24.617332 -24.617332;
3779839 -24.300125 -24.614421 -24.614420;
3784887 -24.299677 -24.616216 -24.616217;
3790041 -24.298893 -24.608597 -24.608597;
3795110 -24.298170 -24.605006 -24.605007;
3800229 -24.297382 -24.605006 -24.605007;
3805245 -24.297056 -24.588207 -24.588207;
3810400 -24.296926 -24.591797 -24.591797;
3815415 -24.296478 -24.584850 -24.584850;
3820425 -24.286051 -24.584850 -24.584850;
3825544 -24.285311 -24.584850 -24.584850;
3836468 -24.284533 -24.584850 -24.584850;
3841575 -24.284441 -24.584850 -24.584850;
3846594 -24.284441 -24.593592 -24.584850;
3851620 -24.283430 -24.588207 -24.593592;
3856631 -24.282381 -24.588207 -24.588207;
3862327 -24.281794 -24.588207 -24.588207;
3867469 -24.269951 -24.590002 -24.590002;
3872574 -24.269308 -24.593592 -24.593592;
3877718 -24.269060 -24.596506 -24.596506;
3882848 -24.268692 -24.602332 -24.602333;
3887991 -24.267973 -24.613109 -24.613110;
3893073 -24.267723 -24.614906 -24.614906;
3898237 -24.267282 -24.621849 -24.621849;
3903349 -24.266756 -24.617332 -24.617332;
3908515 -24.266430 -24.614858 -24.614857;
3913680 -24.265587 -24.614858 -24.614857;
3918830 -24.264902 -24.616653 -24.616653;
3923914 -24.264179 -24.617332 -24.617332;
3929059 -24.263699 -24.617332 -24.617332;
3934188 -24.263252 -24.617332 -24.617332;
3939190 -24.262730 -24.631704 -24.631704;
3944303 -24.262371 -24.631270 -24.631269;
3949455 -24.262280 -24.635548 -24.635548;
3954518 -24.262186 -24.622966 -24.635548;
3959683 -24.262094 -24.622966 -24.622965;
3964797 -24.261686 -24.627241 -24.627241;
3969948 -24.261827 -24.624328 -24.624327;
3975113 -24.262167 -24.620978 -24.620977;
3980266 -24.261797 -24.620733 -24.620733;
3985266 -24.261547 -24.620053 -24.620052;
3990434 -24.260962 -24.623647 -24.623646;
3995589 -24.260632 -24.623647 -24.623646;
4000718 -24.260578 -24.617139 -24.617140;
4005882 -24.260134 -24.613547 -24.613546;
4010926 -24.259449 -24.613547 -24.613546;
4016081 -24.258741 -24.607720 -24.607719;
4021160 -24.258570 -24.604806 -24.604807;
4026318 -24.267822 -24.596506 -24.596506;
4031398 -24.267099 -24.594711 -24.594711;
4036555 -24.266697 -24.592915 -24.592915;
4041716 -24.266603 -24.590002 -24.590002;
4046856 -24.266550 -24.590002 -24.590002;
4051949 -24.266066 -24.594711 -24.594711;
4057104 -24.265079 -24.597624 -24.597624;
4062248 -24.264671 -24.597624 -24.597624;
4067276 -24.263988 -24.600097 -24.600098;
4072732 -24.263323 -24.601893 -24.600098;
4077876 -24.263515 -24.604806 -24.604807;
4082941 -24.263697 -24.607720 -24.604807;
4088077 -24.263876 -24.611750 -24.611750;
4093087 -24.264057 -24.611750 -24.611750;
4098114 -24.264158 -24.611750 -24.611750;
4103239 -24.263186 -24.608794 -24.608795;
4108381 -24.262466 -24.608794 -24.608795;
4113519 -24.262177 -24.611705 -24.611706;
4118632 -24.261889 -24.622475 -24.622475;
4123667 -24.262108 -24.619564 -24.619564;
4128806 -24.262054 -24.613062 -24.613062;
4133954 -24.261374 -24.613062 -24.613062;
4138954 -24.261202 -24.613062 -24.613062;
4143984 -24.261036 -24.613062 -24.613062;
4149067 -24.260139 -24.613062 -24.613062;
4154203 -24.260010 -24.608356 -24.608356;
4159234 -24.259916 -24.608356 -24.608356;
4164318 -24.259403 -24.608356 -24.608356;
4169405 -24.259155 -24.613984 -24.613983;
4174470 -24.258558 -24.614663 -24.614664;
4179497 -24.257578 -24.620053 -24.620052;
4184537 -24.256527 -24.620053 -24.620052;
4189704 -24.255821 -24.620053 -24.620052;
4194870 -24.255096 -24.614226 -24.614225;
4199879 -24.254175 -24.614226 -24.614225;
4204931 -24.253321 -24.607041 -24.607040;
4209950 -24.252998 -24.605246 -24.605246;
4215095 -24.252295 -24.605246 -24.605246;
4220121 -24.251848 -24.607041 -24.607040;
4225172 -24.251335 -24.608837 -24.608837;
4230206 -24.250511 -24.613547 -24.613546;
4235247 -24.250420 -24.609954 -24.609955;
4240316 -24.250328 -24.613984 -24.613983;
4245324 -24.249966 -24.609954 -24.609955;
4250435 -24.249722 -24.611750 -24.611750;
4255569 -24.249395 -24.608837 -24.608837;
4260636 -24.249342 -24.608837 -24.608837;
4265789 -24.249638 -24.608837 -24.608837;
4270811 -24.249622 -24.614226 -24.614225;
4275962 -24.249571 -24.625009 -24.625010;
4280971 -24.249517 -24.621414 -24.625010;
4286111 -24.249235 -24.621414 -24.621414;
4291188 -24.249063 -24.617139 -24.617140;
4296346 -24.248507 -24.617139 -24.617140;
4301370 -24.247469 -24.617139 -24.617140;
4306528 -24.247149 -24.620924 -24.620924;
4311657 -24.246386 -24.628977 -24.628977;
4316805 -24.246292 -24.625386 -24.625385;
4321832 -24.245884 -24.616653 -24.616653;
4326969 -24.245640 -24.613741 -24.613741;
4332064 -24.245705 -24.586180 -24.586180;
4337213 -24.245419 -24.586180 -24.586180;
4342247 -24.244894 -24.592004 -24.592005;
4347258 -24.244995 -24.592004 -24.592005;
4352282 -24.244713 -24.592004 -24.592005;
4357285 -24.244431 -24.592680 -24.592680;
4362445 -24.244034 -24.595593 -24.595592;
4367450 -24.243349 -24.601417 -24.601418;
4372565 -24.242380 -24.619372 -24.619371;
4377685 -24.241037 -24.628357 -24.628357;
4382714 -24.240320 -24.634865 -24.634865;
4387756 -24.240000 -24.641123 -24.641123;
4392786 -24.239832 -24.633934 -24.633934;
4397846 -24.239471 -24.633934 -24.633934;
4402863 -24.239418 -24.635731 -24.635731;
4408012 -24.239288 -24.639757 -24.639757;
4413109 -24.238487 -24.639757 -24.639757;
4418132 -24.238045 -24.639757 -24.639757;
4423138 -24.237417 -24.632819 -24.632818;
4428161 -24.236753 -24.632385 -24.632385;
4433199 -24.236395 -24.633501 -24.633501;
4438255 -24.235497 -24.636413 -24.636414;
4443259 -24.234556 -24.648061 -24.648060;
4448286 -24.233435 -24.649858 -24.649858;
4453443 -24.232960 -24.649858 -24.649858;
4458453 -24.232944 -24.664414 -24.664413;
4463601 -24.232738 -24.664414 -24.664413;
4468674 -24.242077 -24.659020 -24.659019;
4473679 -24.241636 -24.650288 -24.650288;
4478709 -24.250753 -24.644465 -24.644466;
4483836 -24.250126 -24.624951 -24.624950;
4489112 -24.249485 -24.624271 -24.624950;
4494144 -24.249229 -24.624271 -24.624271;
4499197 -24.249023 -24.621360 -24.621359;
4504348 -24.248777 -24.615537 -24.615538;
4509396 -24.247898 -24.597828 -24.597828;
4514561 -24.247652 -24.597828 -24.597828;
4519565 -24.246613 -24.600739 -24.600739;
4524568 -24.245987 -24.597828 -24.597828;
4529726 -24.244980 -24.597828 -24.597828;
4534773 -24.244413 -24.596034 -24.596033;
4539825 -24.243975 -24.596034 -24.596033;
4544974 -24.243151 -24.596034 -24.596033;
4549997 -24.242586 -24.606801 -24.606802;
4555164 -24.242342 -24.612188 -24.612188;
4560277 -24.242012 -24.611071 -24.611071;
4565438 -24.241489 -24.611071 -24.611071;
4570571 -24.241081 -24.611071 -24.611071;
4575603 -24.239656 -24.623647 -24.623646;
4580633 -24.239105 -24.620733 -24.620733;
4585748 -24.238668 -24.594711 -24.594711;
4590810 -24.238380 -24.595152 -24.595152;
4595895 -24.238096 -24.603889 -24.595152;
4600895 -24.237888 -24.609275 -24.609276;
4605902 -24.237608 -24.621849 -24.621849;
4610926 -24.237249 -24.637778 -24.637779;
4616076 -24.236660 -24.625197 -24.625196;
4621188 -24.236017 -24.633934 -24.633934;
4626351 -24.235106 -24.633934 -24.633934;
4631482 -24.234303 -24.633934 -24.633934;
4636507 -24.233896 -24.620924 -24.620924;
4641610 -24.233421 -24.626747 -24.626747;
4667336 -24.232939 -24.630774 -24.626747;
4673209 -24.243637 -24.626747 -24.626747;
4678623 -24.243637 -24.620924 -24.626747;
4683743 -24.242645 -24.641806 -24.641806;
4690794 -24.242033 -24.644718 -24.644718;
4695997 -24.242178 -24.656366 -24.656366;
4707510 -24.242178 -24.656366 -24.656366;
4717946 -24.240396 -24.656366 -24.656366;
4723018 -24.240396 -24.660818 -24.656366;
4735482 -24.239801 -24.658762 -24.660818;
4751415 -24.238150 -24.651575 -24.658762;
4760108 -24.237141 -24.642847 -24.642847;
4768724 -24.237774 -24.639937 -24.639936;
4784717 -24.237486 -24.627615 -24.627615;
4790945 -24.237486 -24.627615 -24.627615;
4795998 -24.237705 -24.633435 -24.627615;
4801022 -24.237537 -24.640620 -24.640619;
4806151 -24.237331 -24.637709 -24.637709;
4811156 -24.236847 -24.637709 -24.637709;
4816268 -24.236145 -24.629844 -24.629845;
4821415 -24.235741 -24.624459 -24.624460;
4826465 -24.235098 -24.624459 -24.624460;
4831491 -24.234390 -24.621550 -24.621550;
4836525 -24.233992 -24.617525 -24.617525;
4841689 -24.233747 -24.615052 -24.615051;
4846777 -24.233536 -24.615052 -24.615051;
4851937 -24.233212 -24.612142 -24.612143;
4857000 -24.233355 -24.603412 -24.603413;
4862014 -24.232992 -24.594445 -24.594446;
4867157 -24.232557 -24.590860 -24.590860;
4872177 -24.241886 -24.587275 -24.587275;
4877368 -24.241297 -24.579220 -24.579220;
4882423 -24.240688 -24.582805 -24.582804;
4887425 -24.240250 -24.586390 -24.586390;
4892576 -24.239738 -24.603851 -24.603851;
4897637 -24.239252 -24.606761 -24.606760;
4902658 -24.238659 -24.633684 -24.633684;
4907754 -24.238031 -24.648061 -24.648060;
4912791 -24.237900 -24.670235 -24.670235;
4917841 -24.237463 -24.670235 -24.670235;
4923005 -24.236832 -24.670235 -24.670235;
4928033 -24.236029 -24.666899 -24.666899;
4933033 -24.235630 -24.661077 -24.661077;
4938202 -24.235197 -24.643099 -24.643099;
4943342 -24.234749 -24.643099 -24.643099;
4948424 -24.234343 -24.646010 -24.646009;
4953549 -24.233858 -24.646693 -24.646692;
4958654 -24.233858 -24.646947 -24.646692;
4963710 -24.233688 -24.629225 -24.646946;
4968790 -24.233057 -24.629659 -24.629225;
4973956 -24.232733 -24.627862 -24.629658;
4979016 -24.232876 -24.627862 -24.627863;
4984035 -24.233402 -24.627862 -24.627863;
4989044 -24.233694 -24.641302 -24.627863;
4994065 -24.233145 -24.637709 -24.641302;
4999214 -24.232403 -24.637709 -24.637709;
5004262 -24.232309 -24.637709 -24.637709;
5009336 -24.232103 -24.637709 -24.637709;
5014515 -24.232321 -24.641302 -24.637709;
5019618 -24.231911 -24.641302 -24.641302;
5024776 -24.231741 -24.644213 -24.641302;
5029894 -24.231411 -24.644213 -24.644213;
5034936 -24.231045 -24.644213 -24.644213;
5040027 -24.230185 -24.640620 -24.644213;
5045077 -24.229471 -24.640620 -24.640619;
5050210 -24.228802 -24.640620 -24.640619;
5055265 -24.228277 -24.644896 -24.640619;
5060285 -24.227762 -24.630340 -24.644896;
5065297 -24.226828 -24.625197 -24.630341;
5070452 -24.226698 -24.625197 -24.625196;
5075490 -24.226448 -24.621604 -24.625196;
5080626 -24.226011 -24.620488 -24.621605;
5085771 -24.225958 -24.619372 -24.620489;
5090797 -24.226416 -24.627675 -24.619371;
5095811 -24.226709 -24.627675 -24.627676;
5100967 -24.226658 -24.636413 -24.627676;
5106120 -24.226053 -24.656195 -24.636414;
5111176 -24.215536 -24.659795 -24.656195;
5116308 -24.214403 -24.673672 -24.659794;
5121421 -24.213566 -24.675208 -24.673672;
5126575 -24.213356 -24.662616 -24.675207;
5131740 -24.213106 -24.653883 -24.662617;
5136857 -24.212854 -24.636413 -24.653883;
5141873 -24.212372 -24.613547 -24.636414;
5147018 -24.212626 -24.633934 -24.613546;
5152150 -24.212219 -24.646693 -24.633934;
5157274 -24.211813 -24.646693 -24.646692;
5162276 -24.211329 -24.646693 -24.646692;
5167319 -24.210627 -24.647553 -24.646692;
5172331 -24.210382 -24.650462 -24.647552;
5177400 -24.209757 -24.650462 -24.650461;
5182421 -24.209240 -24.647553 -24.650461;
5187471 -24.208843 -24.647553 -24.647552;
5192498 -24.208250 -24.647553 -24.647552;
5197665 -24.208313 -24.647553 -24.647552;
5202831 -24.207865 -24.647553 -24.647552;
5207972 -24.207575 -24.628977 -24.647552;
5212984 -24.207090 -24.632570 -24.628977;
5218105 -24.206579 -24.641554 -24.632570;
5223291 -24.206018 -24.638392 -24.641554;
5228340 -24.205608 -24.638392 -24.638391;
5233379 -24.205517 -24.634366 -24.638391;
5238382 -24.205118 -24.641554 -24.634367;
5243457 -24.204493 -24.628544 -24.641554;
5248460 -24.204168 -24.628544 -24.628544;
5253542 -24.203543 -24.626747 -24.628544;
5258709 -24.203297 -24.612188 -24.626747;
5263765 -24.203045 -24.612188 -24.612188;
5268770 -24.202452 -24.603889 -24.612188;
5273801 -24.202208 -24.598505 -24.603889;
5278951 -24.202347 -24.593122 -24.598505;
5284037 -24.201508 -24.593122 -24.593122;
5289069 -24.201183 -24.593122 -24.593122;
5294129 -24.201246 -24.588859 -24.593122;
5299149 -24.200769 -24.598708 -24.588860;
5304209 -24.200256 -24.601381 -24.598707;
5309370 -24.199585 -24.608554 -24.601381;
5314382 -24.198467 -24.599825 -24.608555;
5319533 -24.197994 -24.602058 -24.599825;
5324548 -24.198019 -24.602058 -24.602058;
5329598 -24.197851 -24.604967 -24.602058;
5339094 -24.197760 -24.602058 -24.604967;
5344188 -24.197153 -24.609232 -24.602058;
5349359 -24.196867 -24.628296 -24.628296;
5354391 -24.196577 -24.642847 -24.628296;
5359548 -24.196257 -24.645756 -24.645756;
5364641 -24.195927 -24.642847 -24.645756;
5369792 -24.195251 -24.628296 -24.628296;
5374907 -24.194569 -24.627182 -24.628296;
5380065 -24.194788 -24.625386 -24.625385;
5385067 -24.195009 -24.625386 -24.625385;
5390227 -24.194920 -24.605006 -24.605007;
5395381 -24.194826 -24.602094 -24.605007;
5400544 -24.194614 -24.606801 -24.606802;
5405627 -24.194403 -24.606801 -24.606802;
5410795 -24.194698 -24.606801 -24.606802;
5415868 -24.195000 -24.612188 -24.606802;
5421030 -24.193979 -24.617576 -24.617577;
5426069 -24.192940 -24.626560 -24.617577;
5431159 -24.192579 -24.626560 -24.626560;
5436275 -24.192215 -24.626560 -24.626560;
5441302 -24.192005 -24.617820 -24.617819;
5446328 -24.191339 -24.633999 -24.633999;
5451497 -24.191133 -24.630403 -24.630404;
5456588 -24.191040 -24.639145 -24.639145;
5461752 -24.190054 -24.639145 -24.639145;
5466890 -24.189606 -24.639145 -24.639145;
5472053 -24.189474 -24.639145 -24.639145;
5477170 -24.189381 -24.654140 -24.654140;
5482172 -24.189289 -24.650543 -24.654140;
5487181 -24.189085 -24.650543 -24.650543;
5492231 -24.188841 -24.647631 -24.647631;
5497252 -24.188326 -24.647631 -24.647631;
5502416 -24.187967 -24.632819 -24.632818;
5507572 -24.187756 -24.621360 -24.621359;
5512614 -24.187662 -24.614178 -24.614178;
5517770 -24.186802 -24.614178 -24.614178;
5522873 -24.186275 -24.614178 -24.614178;
5527879 -24.185871 -24.597355 -24.597355;
5532921 -24.185284 -24.608992 -24.608992;
5538064 -24.185116 -24.614809 -24.614809;
5543205 -24.184748 -24.618397 -24.618397;
5548371 -24.184105 -24.619076 -24.619076;
5553437 -24.182947 -24.628049 -24.628050;
5558542 -24.182352 -24.624459 -24.624460;
5563663 -24.182064 -24.624459 -24.624460;
5568785 -24.181698 -24.624459 -24.624460;
5573858 -24.180941 -24.624459 -24.624460;
5578957 -24.181198 -24.611464 -24.611464;
5584008 -24.180523 -24.609670 -24.609671;
5589164 -24.180162 -24.607876 -24.607876;
5594193 -24.179007 -24.596238 -24.596239;
5599357 -24.178455 -24.596238 -24.596239;
5604386 -24.178835 -24.598031 -24.598032;
5609544 -24.178898 -24.590860 -24.590860;
5614707 -24.178844 -24.590860 -24.590860;
5619860 -24.178791 -24.594445 -24.594446;
5624870 -24.178619 -24.598031 -24.598032;
5630028 -24.178185 -24.598031 -24.598032;
5635145 -24.177816 -24.600941 -24.600941;
5640153 -24.177450 -24.600941 -24.600941;
5645217 -24.177092 -24.607000 -24.600941;
5650353 -24.176382 -24.614178 -24.614178;
5655388 -24.176132 -24.624951 -24.624950;
5660555 -24.175810 -24.624951 -24.624950;
5665558 -24.175598 -24.630774 -24.630774;
5670705 -24.174858 -24.637960 -24.637960;
5675794 -24.174765 -24.637960 -24.637960;
5680910 -24.174324 -24.637277 -24.637278;
5686010 -24.173450 -24.637277 -24.637278;
5691177 -24.173086 -24.637277 -24.637278;
5696183 -24.182419 -24.636163 -24.636164;
5701313 -24.172049 -24.633252 -24.633251;
5706473 -24.171055 -24.627862 -24.627863;
5711497 -24.170488 -24.627862 -24.627863;
5716640 -24.170130 -24.627182 -24.627182;
5721656 -24.170351 -24.630774 -24.630774;
5726819 -24.170259 -24.634366 -24.634367;
5731840 -24.170126 -24.640188 -24.640188;
5736984 -24.170227 -24.646010 -24.646009;
5742007 -24.169544 -24.642416 -24.642416;
5747056 -24.168879 -24.639506 -24.642416;
5752142 -24.168749 -24.639506 -24.639505;
5757258 -24.167957 -24.627615 -24.627615;
5762423 -24.167866 -24.625140 -24.625139;
5767485 -24.167259 -24.616167 -24.616167;
5772631 -24.166471 -24.613258 -24.613258;
5777791 -24.165436 -24.613258 -24.613258;
5782797 -24.164909 -24.604967 -24.604967;
5787956 -24.164627 -24.597795 -24.597795;
5793115 -24.164219 -24.597795 -24.597795;
5798279 -24.163456 -24.599148 -24.599148;
5803415 -24.163048 -24.599148 -24.599148;
5808575 -24.162407 -24.598031 -24.598032;
5813620 -24.161762 -24.598031 -24.598032;
5818757 -24.161825 -24.598031 -24.598032;
5823906 -24.161890 -24.599825 -24.598032;
5828932 -24.161600 -24.623155 -24.623156;
5834029 -24.161087 -24.630092 -24.630093;
5839179 -24.161150 -24.633003 -24.633003;
5844264 -24.161097 -24.633003 -24.633003;
5849389 -24.160889 -24.633003 -24.633003;
5854391 -24.160561 -24.633003 -24.633003;
5859535 -24.159897 -24.639506 -24.639505;
5864607 -24.159214 -24.648236 -24.648235;
5869751 -24.158386 -24.648236 -24.648235;
5874882 -24.157429 -24.653627 -24.653627;
5880036 -24.156788 -24.646693 -24.646692;
5885162 -24.156342 -24.633252 -24.633251;
5890314 -24.155857 -24.626066 -24.626066;
5895358 -24.155134 -24.627182 -24.627182;
5900523 -24.154158 -24.627182 -24.627182;
5905538 -24.153709 -24.627182 -24.627182;
5910673 -24.153351 -24.639255 -24.639256;
5915826 -24.152395 -24.637459 -24.637459;
5920862 -24.152342 -24.635663 -24.635664;
5926013 -24.152060 -24.625820 -24.625820;
5931076 -24.151731 -24.613062 -24.613062;
5936205 -24.151524 -24.614178 -24.614178;
5941292 -24.151352 -24.615294 -24.615294;
5946444 -24.151339 -24.611705 -24.611706;
5951643 -24.150812 -24.611705 -24.611706;
5956697 -24.150917 -24.608794 -24.608795;
5961824 -24.150671 -24.601618 -24.601618;
5966987 -24.150421 -24.601618 -24.601618;
5972093 -24.150288 -24.601618 -24.601618;
5977178 -24.150040 -24.608794 -24.608795;
5982211 -24.149870 -24.619564 -24.619564;
5987221 -24.149588 -24.622040 -24.622040;
5992342 -24.149191 -24.624951 -24.624950;
5997504 -24.149332 -24.624951 -24.624950;
6002628 -24.148766 -24.628544 -24.628544;
6007785 -24.148243 -24.628544 -24.628544;
6012919 -24.147638 -24.640871 -24.640871;
6018067 -24.146723 -24.630092 -24.630093;
6023195 -24.145805 -24.624705 -24.630093;
6028341 -24.145439 -24.615973 -24.615973;
6033438 -24.145071 -24.610151 -24.615973;
6038581 -24.144901 -24.602973 -24.602974;
6043645 -24.144730 -24.602973 -24.602974;
6048794 -24.144676 -24.602973 -24.602974;
6053868 -24.144623 -24.602973 -24.602974;
6058958 -24.144453 -24.604767 -24.602974;
6063969 -24.144051 -24.609473 -24.609472;
6069106 -24.143349 -24.609473 -24.609472;
6074142 -24.142628 -24.612384 -24.609472;
6079299 -24.142267 -24.609473 -24.609472;
6084334 -24.141899 -24.614858 -24.609472;
6089492 -24.141539 -24.616896 -24.616896;
6094495 -24.140657 -24.616896 -24.616896;
6099519 -24.140070 -24.616896 -24.616896;
6104676 -24.139864 -24.622285 -24.622286;
6109822 -24.139614 -24.619372 -24.619371;
6114856 -24.139090 -24.619372 -24.619371;
6119904 -24.138729 -24.608597 -24.608597;
6125072 -24.138638 -24.606801 -24.606802;
6130129 -24.138071 -24.595152 -24.595152;
6135289 -24.137440 -24.582380 -24.582380;
6140440 -24.136795 -24.591355 -24.591354;
6145476 -24.136780 -24.591355 -24.591354;
6150481 -24.136074 -24.587764 -24.587765;
6155520 -24.135792 -24.591355 -24.591354;
6160765 -24.135508 -24.593150 -24.591354;
6165870 -24.135212 -24.600097 -24.600098;
6170871 -24.135120 -24.600097 -24.600098;
6175903 -24.134993 -24.600097 -24.600098;
6181058 -24.134325 -24.600097 -24.600098;
6186117 -24.133760 -24.603689 -24.603689;
6191203 -24.133244 -24.611313 -24.611313;
6196213 -24.132298 -24.615343 -24.615343;
6201304 -24.131939 -24.624082 -24.624081;
6206471 -24.131226 -24.621169 -24.621168;
6211611 -24.130541 -24.622966 -24.622965;
6216621 -24.129545 -24.633068 -24.633068;
6221667 -24.129187 -24.641806 -24.641806;
6226829 -24.129519 -24.664414 -24.664413;
6231871 -24.129189 -24.664414 -24.664413;
6237034 -24.129135 -24.652770 -24.652769;
6242150 -24.129436 -24.655425 -24.655424;
6247231 -24.129032 -24.655425 -24.655424;
6252349 -24.128321 -24.664155 -24.664154;
6257362 -24.127876 -24.655425 -24.655424;
6262397 -24.127403 -24.655425 -24.655424;
6268156 -24.126928 -24.653627 -24.655424;
6273317 -24.126823 -24.646439 -24.646439;
6278367 -24.126337 -24.649349 -24.649349;
6283403 -24.125860 -24.653627 -24.653627;
6288449 -24.125385 -24.654312 -24.654312;
6293491 -24.124678 -24.639757 -24.639757;
6298557 -24.124086 -24.636163 -24.636164;
6303703 -24.123957 -24.636163 -24.636164;
6308760 -24.123470 -24.627428 -24.627428;
6313895 -24.123457 -24.629225 -24.629225;
6318922 -24.123091 -24.629225 -24.629225;
6323951 -24.122540 -24.646693 -24.646692;
6328978 -24.122334 -24.646693 -24.646692;
6334014 -24.122051 -24.648490 -24.648491;
6339167 -24.121691 -24.650288 -24.650288;
6344328 -24.120575 -24.656366 -24.656366;
6349363 -24.119812 -24.659278 -24.659279;
6354525 -24.119375 -24.668011 -24.668011;
6359592 -24.118849 -24.668011 -24.668011;
6364608 -24.118023 -24.659278 -24.659279;
6369664 -24.117357 -24.648490 -24.648491;
6374829 -24.116688 -24.643099 -24.643099;
6379836 -24.116161 -24.641302 -24.641302;
6384848 -24.115459 -24.635481 -24.635481;
6389898 -24.114986 -24.632570 -24.632570;
6394911 -24.114241 -24.618884 -24.618885;
6400038 -24.114265 -24.606322 -24.606321;
6405117 -24.113037 -24.606322 -24.606321;
6410163 -24.112597 -24.617089 -24.617088;
6415234 -24.112659 -24.618884 -24.618885;
6420328 -24.112413 -24.627182 -24.627182;
6425333 -24.112555 -24.627182 -24.627182;
6430374 -24.111929 -24.621795 -24.621796;
6435375 -24.111992 -24.610151 -24.610151;
6440423 -24.111099 -24.610830 -24.610830;
6445463 -24.110970 -24.612625 -24.612625;
6450554 -24.110378 -24.612625 -24.612625;
6455616 -24.109819 -24.612625 -24.612625;
6460637 -24.109148 -24.604128 -24.604128;
6465640 -24.108559 -24.604128 -24.604128;
6470688 -24.108162 -24.596506 -24.596506;
6476552 -24.107763 -24.591120 -24.596506;
6481706 -24.106895 -24.591120 -24.591120;
6486837 -24.106251 -24.592915 -24.592915;
6491872 -24.106001 -24.587088 -24.587088;
6497029 -24.105371 -24.574758 -24.574759;
6502083 -24.104727 -24.579910 -24.579910;
6507170 -24.104828 -24.574529 -24.574530;
6512320 -24.104658 -24.565789 -24.565788;
6517353 -24.104250 -24.568256 -24.568256;
6522510 -24.104044 -24.574758 -24.574759;
6527621 -24.104345 -24.589326 -24.589325;
6532629 -24.103628 -24.595152 -24.595152;
6537665 -24.102581 -24.602332 -24.602333;
6542685 -24.101990 -24.609516 -24.609516;
6547699 -24.101400 -24.626560 -24.626560;
6552718 -24.101004 -24.639325 -24.639326;
6557740 -24.100607 -24.645149 -24.645149;
6562903 -24.099903 -24.646947 -24.646946;
6568053 -24.099455 -24.646947 -24.646946;
6573221 -24.099598 -24.653199 -24.653198;
6578330 -24.099701 -24.660132 -24.660133;
6583345 -24.099569 -24.657650 -24.657650;
6588512 -24.099058 -24.663042 -24.663042;
6593513 -24.098295 -24.661930 -24.661930;
6598522 -24.097441 -24.659020 -24.659019;
6603658 -24.096394 -24.659020 -24.659019;
6608810 -24.095516 -24.659020 -24.659019;
6613863 -24.094793 -24.659705 -24.659706;
6618914 -24.094547 -24.661504 -24.661503;
6623955 -24.093840 -24.669385 -24.669386;
6628972 -24.093479 -24.669385 -24.669386;
6633986 -24.093349 -24.656794 -24.656794;
6639023 -24.093220 -24.640008 -24.640009;
6644178 -24.093166 -24.648999 -24.649000;
6649211 -24.092955 -24.674096 -24.674097;
6654244 -24.092672 -24.666899 -24.666899;
6659382 -24.092466 -24.677855 -24.677855;
6664385 -24.091629 -24.674944 -24.674944;
6669493 -24.090965 -24.674944 -24.674944;
6674519 -24.090172 -24.667750 -24.667751;
6679646 -24.089966 -24.668862 -24.668861;
6685528 -24.089756 -24.658077 -24.668861;
6690677 -24.089066 -24.658077 -24.658077;
6695840 -24.088657 -24.658077 -24.658077;
6700949 -24.088249 -24.658762 -24.658077;
6706111 -24.087378 -24.658762 -24.658762;
6711277 -24.086496 -24.658762 -24.658762;
6716400 -24.095749 -24.650033 -24.658762;
6721412 -24.095655 -24.653627 -24.653627;
6726432 -24.095566 -24.659705 -24.653627;
6731445 -24.095131 -24.659705 -24.659706;
6736488 -24.094620 -24.659705 -24.659706;
6741639 -24.094297 -24.676584 -24.676584;
6746759 -24.094204 -24.653282 -24.653282;
6751778 -24.094034 -24.639145 -24.639145;
6756842 -24.093445 -24.638461 -24.638462;
6761989 -24.092735 -24.625878 -24.625879;
6767092 -24.092211 -24.625878 -24.625879;
6772117 -24.091963 -24.625878 -24.625879;
6777121 -24.092140 -24.638642 -24.638643;
6782127 -24.091820 -24.638642 -24.638643;
6787209 -24.091385 -24.641554 -24.641554;
6792290 -24.090944 -24.646947 -24.646946;
6797437 -24.090466 -24.652341 -24.652342;
6802506 -24.090216 -24.662875 -24.662876;
6807637 -24.090008 -24.665787 -24.665787;
6812804 -24.090111 -24.680342 -24.680342;
6817815 -24.089386 -24.682141 -24.682140;
6822965 -24.088646 -24.678119 -24.678120;
6828034 -24.087885 -24.678119 -24.678120;
6837407 -24.086714 -24.678119 -24.678120;
6842567 -24.085991 -24.676320 -24.676319;
6847587 -24.085991 -24.673409 -24.676319;
6852634 -24.085670 -24.667586 -24.673409;
6857795 -24.085155 -24.653883 -24.667585;
6862830 -24.084906 -24.643099 -24.653883;
6867878 -24.084814 -24.626935 -24.643099;
6872967 -24.084299 -24.634117 -24.626934;
6877992 -24.084167 -24.635913 -24.634117;
6883151 -24.083961 -24.631207 -24.635914;
6888155 -24.083868 -24.631207 -24.631207;
6893203 -24.083586 -24.629411 -24.631207;
6898355 -24.083765 -24.626501 -24.629412;
6903525 -24.083357 -24.625386 -24.626501;
6908535 -24.083855 -24.610830 -24.625385;
6913603 -24.083956 -24.610830 -24.610830;
6918636 -24.084019 -24.610830 -24.610830;
6923654 -24.083620 -24.632385 -24.610830;
6928804 -24.083223 -24.632385 -24.632385;
6933919 -24.083170 -24.635981 -24.632385;
6938961 -24.082766 -24.635981 -24.635981;
6943975 -24.082829 -24.635298 -24.635981;
6949024 -24.082546 -24.638893 -24.635298;
6954171 -24.082571 -24.638893 -24.638893;
6959266 -24.081850 -24.631704 -24.638893;
6964273 -24.081408 -24.634616 -24.631704;
6969300 -24.081318 -24.637528 -24.634615;
6974400 -24.081381 -24.637528 -24.637527;
6979415 -24.081171 -24.634616 -24.637527;
6984469 -24.080889 -24.631704 -24.634615;
6989500 -24.080952 -24.631704 -24.631704;
6994684 -24.080515 -24.637528 -24.631704;
6999769 -24.080263 -24.631704 -24.637527;
7004930 -24.079861 -24.631704 -24.631704;
