386260  0.000000  97.045494;
392432  0.000000 -5.279557;
407203  0.000000 -5.269354;
412367  0.000000 -5.273828;
417371  0.000000 -5.273828;
422519  0.000000 -5.273828;
427554  0.000000 -5.276007;
432709 -5.279970 -5.280368;
437798 -5.279680 -5.285151;
442814 -5.279821 -5.291806;
447931 -5.279730 -5.291806;
452936 -5.279677 -5.302634;
458022 -5.279319 -5.303363;
463187 -5.279227 -5.308885;
468222 -5.278976 -5.312218;
473232 -5.278232 -5.318884;
478261 -5.277568 -5.324731;
483263 -5.276901 -5.326925;
488288 -5.277269 -5.333594;
493310 -5.277025 -5.333594;
498459 -5.276819 -5.333594;
503484 -5.276608 -5.341650;
508602 -5.276402 -5.328303;
513762 -5.276193 -5.316098;
518772 -5.276139 -5.314636;
523939 -5.275934 -5.313174;
529039 -5.276156 -5.309838;
534050 -5.275753 -5.303166;
539204 -5.276083 -5.283986;
544370 -5.276265 -5.290656;
549407 -5.275896 -5.290656;
554572 -5.275843 -5.293574;
559726 -5.275158 -5.293574;
564888 -5.274790 -5.293574;
569974 -5.274381 -5.292115;
574985 -5.273785 -5.290656;
580153 -5.273503 -5.290656;
585285 -5.273173 -5.287321;
590286 -5.272845 -5.278158;
595317 -5.281955 -5.278578;
600448 -5.281596 -5.277850;
605501 -5.281229 -5.275245;
610644 -5.280482 -5.277429;
615677 -5.280075 -5.264823;
620826 -5.280023 -5.264823;
625842 -5.279458 -5.267429;
630995 -5.279444 -5.268157;
636004 -5.279509 -5.268885;
641157 -5.279686 -5.280652;
646303 -5.279396 -5.280652;
651454 -5.278636 -5.279923;
656595 -5.277559 -5.269918;
661741 -5.276917 -5.253241;
666794 -5.276038 -5.241485;
671950 -5.275715 -5.257428;
677089 -5.275268 -5.257428;
682254 -5.275018 -5.254821;
687398 -5.274728 -5.252214;
692412 -5.274164 -5.243664;
697510 -5.273920 -5.257003;
702516 -5.273166 -5.260337;
707518 -5.272579 -5.262520;
712556 -5.272222 -5.266887;
717670 -5.272169 -5.300245;
722836 -5.272077 -5.313586;
727905 -5.271510 -5.313586;
732973 -5.270567 -5.313904;
737999 -5.270399 -5.308694;
743031 -5.270807 -5.306088;
748120 -5.270754 -5.306088;
753142 -5.270196 -5.303896;
758286 -5.269799 -5.283877;
763312 -5.269510 -5.273866;
768361 -5.269189 -5.256878;
777811 -5.268867 -5.268767;
782864 -5.268551 -5.276588;
787952 -5.268383 -5.276588;
792970 -5.268136 -5.276588;
798080 -5.268083 -5.283367;
803141 -5.267523 -5.283367;
808143 -5.267509 -5.283367;
813706 -5.267495 -5.288469;
818826 -5.267394 -5.292115;
823988 -5.266832 -5.295763;
829099 -5.266266 -5.295763;
834171 -5.265160 -5.299099;
839328 -5.265029 -5.295763;
844470 -5.264897 -5.297954;
849629 -5.264765 -5.296077;
854720 -5.264632 -5.296077;
859853 -5.264929 -5.299414;
864905 -5.265228 -5.296807;
870058 -5.265059 -5.298268;
875207 -5.264888 -5.293470;
880288 -5.264205 -5.293470;
885397 -5.263532 -5.293470;
890554 -5.263088 -5.293470;
896060 -5.262641 -5.294200;
901112 -5.262331 -5.298268;
906156 -5.262047 -5.308280;
911311 -5.262264 -5.306819;
916470 -5.262486 -5.306819;
921556 -5.261724 -5.296807;
926563 -5.260972 -5.292740;
931700 -5.260575 -5.292010;
936753 -5.260169 -5.289821;
941898 -5.259576 -5.266464;
946928 -5.258973 -5.268649;
952081 -5.259419 -5.266464;
957250 -5.259877 -5.266464;
962409 -5.259192 -5.266464;
967498 -5.258508 -5.253115;
972643 -5.258183 -5.253115;
977670 -5.257854 -5.254997;
982682 -5.257303 -5.253542;
987820 -5.256753 -5.252087;
992972 -5.256582 -5.253542;
998127 -5.256411 -5.253542;
1003270 -5.256121 -5.277316;
1008442 -5.256263 -5.274096;
1013481 -5.256407 -5.280763;
1018511 -5.255816 -5.286592;
1023559 -5.255226 -5.280652;
1028706 -5.255096 -5.286484;
1033863 -5.254964 -5.289091;
1039012 -5.254910 -5.292427;
1044167 -5.254856 -5.293157;
1049181 -5.254645 -5.291280;
1054337 -5.254439 -5.288673;
1059480 -5.254110 -5.286484;
1064634 -5.253781 -5.284296;
1069757 -5.254239 -5.284296;
1074870 -5.254694 -5.284296;
1080015 -5.254641 -5.284296;
1085070 -5.254587 -5.284296;
1090216 -5.254187 -5.284296;
1095275 -5.253779 -5.286484;
1100426 -5.253572 -5.286484;
1105454 -5.253361 -5.290968;
1110595 -5.253347 -5.307646;
1115639 -5.253333 -5.306915;
1120794 -5.253203 -5.306915;
1125818 -5.253070 -5.307646;
1130981 -5.253095 -5.296910;
1136145 -5.252647 -5.296910;
1141295 -5.252593 -5.296910;
1146484 -5.252539 -5.292427;
1151485 -5.251812 -5.292427;
1156560 -5.250805 -5.287214;
1161684 -5.250132 -5.292427;
1166850 -5.249492 -5.293574;
1172007 -5.248846 -5.293574;
1177054 -5.248123 -5.293574;
1182215 -5.247916 -5.296910;
1187335 -5.247705 -5.303580;
1192345 -5.247612 -5.310251;
1197356 -5.247407 -5.313904;
1202470 -5.247317 -5.313904;
1207620 -5.246717 -5.316509;
1212746 -5.246231 -5.319845;
1217876 -5.245903 -5.319845;
1222982 -5.245575 -5.322039;
1228065 -5.245327 -5.326753;
1233069 -5.245080 -5.313399;
1238221 -5.244685 -5.311205;
1243344 -5.244198 -5.308280;
1248507 -5.244614 -5.308280;
1253539 -5.244363 -5.298268;
1258694 -5.243735 -5.289821;
1263747 -5.243327 -5.283258;
1268903 -5.242773 -5.281071;
1274012 -5.242640 -5.283258;
1279158 -5.242353 -5.283258;
1284160 -5.242221 -5.294408;
1289304 -5.242284 -5.301075;
1294330 -5.242348 -5.303679;
1299483 -5.242296 -5.304409;
1304590 -5.242045 -5.308059;
1309736 -5.241641 -5.306915;
1314892 -5.241469 -5.306185;
1319905 -5.240786 -5.303995;
1325061 -5.240504 -5.297326;
1330224 -5.240254 -5.281380;
1335457 -5.240003 -5.272103;
1340521 -5.239988 -5.270646;
1345612 -5.239665 -5.268462;
1350773 -5.238990 -5.260640;
1355791 -5.238424 -5.260640;
1360957 -5.238104 -5.263248;
1366006 -5.237734 -5.261065;
1371159 -5.237257 -5.264399;
1376244 -5.236574 -5.261065;
1381396 -5.236405 -5.263248;
1386474 -5.235879 -5.259185;
1391596 -5.235788 -5.262520;
1396617 -5.235930 -5.265855;
1401700 -5.235992 -5.270224;
1406859 -5.235668 -5.271680;
1411885 -5.234905 -5.296493;
1416896 -5.234699 -5.299830;
1422083 -5.234456 -5.306502;
1427089 -5.234243 -5.311618;
1432225 -5.233885 -5.311618;
1437476 -5.234027 -5.327571;
1442565 -5.234173 -5.334244;
1447705 -5.234392 -5.339452;
1452837 -5.233867 -5.339452;
1457993 -5.233540 -5.339452;
1463016 -5.233210 -5.330583;
1468169 -5.232889 -5.330583;
1473257 -5.232560 -5.329852;
1478363 -5.231769 -5.326516;
1483516 -5.231053 -5.313174;
1488673 -5.230370 -5.296910;
1493691 -5.229883 -5.296910;
1498852 -5.229754 -5.296910;
1503957 -5.229504 -5.301290;
1509105 -5.229412 -5.297954;
1514253 -5.228965 -5.290968;
1519421 -5.228439 -5.290239;
1524534 -5.227912 -5.287321;
1529691 -5.227273 -5.283986;
1534721 -5.226471 -5.280652;
1539841 -5.225958 -5.262520;
1544924 -5.225436 -5.262520;
1550033 -5.224762 -5.262520;
1555204 -5.224553 -5.262095;
1560281 -5.224144 -5.256151;
1565316 -5.223354 -5.256878;
1570456 -5.222649 -5.255423;
1575563 -5.222163 -5.262095;
1580654 -5.221291 -5.262095;
1585721 -5.220655 -5.255423;
1590768 -5.220448 -5.256276;
1595931 -5.220241 -5.259610;
1601093 -5.220620 -5.266278;
1606261 -5.220291 -5.266278;
1611389 -5.220315 -5.259610;
1616552 -5.219871 -5.266278;
1621574 -5.219856 -5.266278;
1626623 -5.219497 -5.266278;
1631638 -5.219252 -5.270646;
1636675 -5.218702 -5.272103;
1641830 -5.218611 -5.282838;
1646837 -5.218163 -5.289509;
1652709 -5.217729 -5.309520;
1657859 -5.216637 -5.313904;
1662985 -5.215679 -5.317561;
1668148 -5.214999 -5.307549;
1673176 -5.214315 -5.306088;
1678328 -5.214378 -5.306088;
1683436 -5.214442 -5.304212;
1688495 -5.214233 -5.306405;
1693665 -5.214025 -5.291175;
1698673 -5.213577 -5.290444;
1703829 -5.213142 -5.287525;
1708989 -5.212656 -5.280849;
1713998 -5.212168 -5.280849;
1719046 -5.212307 -5.267616;
1724208 -5.212447 -5.266159;
1729359 -5.212039 -5.271374;
1734415 -5.211631 -5.272831;
1739561 -5.210883 -5.272831;
1744593 -5.210123 -5.275438;
1749728 -5.209340 -5.278774;
1754825 -5.208895 -5.285445;
1759880 -5.208764 -5.285445;
1765029 -5.208595 -5.285445;
1770089 -5.208227 -5.307646;
1775241 -5.208136 -5.307646;
1780331 -5.207689 -5.307646;
1785373 -5.207597 -5.292427;
1790479 -5.207044 -5.292427;
1795647 -5.207068 -5.294617;
1800785 -5.206778 -5.297954;
1805803 -5.207391 -5.297954;
1810863 -5.207492 -5.298268;
1816012 -5.207439 -5.294930;
1821039 -5.207268 -5.290862;
1826209 -5.207254 -5.290862;
1831377 -5.206924 -5.290862;
1836393 -5.206831 -5.284917;
1841482 -5.206089 -5.284917;
1846499 -5.204948 -5.290133;
1851531 -5.204513 -5.294617;
1856588 -5.203807 -5.293157;
1861657 -5.203098 -5.293157;
1866777 -5.202542 -5.293157;
1871795 -5.201825 -5.286174;
1876809 -5.200891 -5.284715;
1881894 -5.200342 -5.284715;
1887056 -5.200327 -5.286174;
1892142 -5.199998 -5.288362;
1897433 -5.200411 -5.296493;
1902808 -5.200638 -5.296493;
1907834 -5.210225 -5.295034;
1912989 -5.209980 -5.296493;
1918153 -5.209966 -5.293887;
1923215 -5.209952 -5.290550;
1928372 -5.209744 -5.297223;
1933499 -5.209533 -5.297223;
1938507 -5.209127 -5.297223;
1943669 -5.208807 -5.298684;
1948809 -5.208399 -5.302751;
1953858 -5.207796 -5.302751;
1958964 -5.207397 -5.319434;
1963973 -5.206719 -5.322361;
1968990 -5.206285 -5.315686;
1974008 -5.205505 -5.307963;
1979009 -5.204763 -5.307232;
1984175 -5.204215 -5.307232;
1989329 -5.203688 -5.300560;
1994338 -5.203791 -5.290550;
1999501 -5.203892 -5.282419;
2004668 -5.203680 -5.289927;
2009775 -5.203547 -5.291803;
2014935 -5.202403 -5.293261;
2019940 -5.202230 -5.296180;
2025099 -5.201452 -5.295034;
2030237 -5.201477 -5.295034;
2035276 -5.201698 -5.298369;
2040355 -5.201261 -5.299099;
2045488 -5.201208 -5.299099;
2050606 -5.200605 -5.302435;
2055619 -5.200317 -5.302435;
2060779 -5.200418 -5.305041;
2065918 -5.200482 -5.305041;
2070964 -5.200546 -5.305771;
2075965 -5.199762 -5.332455;
2081067 -5.199710 -5.335790;
2086104 -5.198956 -5.335790;
2091152 -5.198672 -5.335383;
2096248 -5.198080 -5.320166;
2101258 -5.197404 -5.310155;
2106428 -5.197008 -5.310155;
2111492 -5.196796 -5.310155;
2116503 -5.196009 -5.308598;
2121527 -5.195612 -5.309647;
2126571 -5.195368 -5.312255;
2131684 -5.184881 -5.315274;
2136698 -5.184555 -5.337174;
2141726 -5.183967 -5.337174;
2146730 -5.183032 -5.337174;
2151849 -5.182253 -5.331315;
2156850 -5.181926 -5.330583;
2161886 -5.181263 -5.328388;
2167045 -5.181326 -5.328388;
2172890 -5.181391 -5.328388;
2177900 -5.181196 -5.317652;
2183062 -5.180991 -5.316190;
2188137 -5.180779 -5.314728;
2193163 -5.180533 -5.316190;
2198239 -5.180250 -5.316921;
2203335 -5.179422 -5.317652;
2208484 -5.178669 -5.326193;
2213539 -5.178301 -5.325462;
2218703 -5.178287 -5.326193;
2223843 -5.177602 -5.326925;
2229012 -5.176842 -5.320987;
2234170 -5.176117 -5.329528;
2239187 -5.175394 -5.329528;
2244223 -5.175188 -5.327656;
2249367 -5.175174 -5.321718;
2254515 -5.174727 -5.322449;
2259675 -5.174124 -5.322449;
2264743 -5.174149 -5.322449;
2269751 -5.174251 -5.318703;
2282298 -5.174351 -5.318292;
2287400 -5.174699 -5.318201;
2292426 -5.175075 -5.318201;
2297479 -5.174869 -5.316738;
2302486 -5.175163 -5.316738;
2307632 -5.174920 -5.317469;
2312656 -5.174552 -5.311523;
2317789 -5.174231 -5.311523;
2322948 -5.173629 -5.311523;
2328108 -5.172630 -5.309647;
2333227 -5.171828 -5.311110;
2338364 -5.171343 -5.315182;
2343404 -5.171343 -5.321862;
2348470 -5.170713 -5.321862;
2353548 -5.170506 -5.321862;
2358579 -5.170298 -5.315182;
2363600 -5.169899 -5.315182;
2368642 -5.169004 -5.314450;
2373647 -5.168335 -5.313718;
2378767 -5.168054 -5.314450;
2383773 -5.167336 -5.315182;
2388919 -5.166826 -5.324059;
2394001 -5.165829 -5.322594;
2399094 -5.165388 -5.321862;
2404257 -5.164791 -5.315182;
2409261 -5.164225 -5.308502;
2414426 -5.163905 -5.292322;
2419506 -5.163536 -5.286484;
2424508 -5.162514 -5.285755;
2429570 -5.162080 -5.275746;
2434676 -5.161486 -5.269072;
2439716 -5.161316 -5.269801;
2444843 -5.160994 -5.269801;
2449935 -5.160706 -5.269801;
2454959 -5.160730 -5.272293;
2459999 -5.160295 -5.267378;
2465142 -5.160011 -5.272906;
2470160 -5.159958 -5.271141;
2475253 -5.159216 -5.273022;
2480278 -5.159124 -5.273022;
2485312 -5.159417 -5.274480;
2491031 -5.159902 -5.285957;
2496097 -5.159886 -5.292635;
2501251 -5.159756 -5.289714;
2506418 -5.159663 -5.289714;
2511567 -5.159017 -5.289714;
2516642 -5.158531 -5.282728;
2521807 -5.158517 -5.276896;
2526865 -5.157990 -5.274710;
2532010 -5.158130 -5.264703;
2537141 -5.157919 -5.261368;
2542143 -5.157787 -5.261792;
2547267 -5.157735 -5.263672;
2552424 -5.157486 -5.270340;
2557539 -5.157236 -5.270340;
2562651 -5.156870 -5.271068;
2567669 -5.156426 -5.287740;
2572815 -5.155838 -5.287740;
2577943 -5.155627 -5.287740;
2582990 -5.155143 -5.292115;
2588002 -5.154975 -5.297954;
2593014 -5.154540 -5.309011;
2598068 -5.154449 -5.303896;
2603193 -5.154088 -5.313904;
2608284 -5.153409 -5.317561;
2613453 -5.153045 -5.319024;
2618471 -5.152596 -5.329359;
2623496 -5.152620 -5.329359;
2628644 -5.152338 -5.326430;
2633669 -5.152284 -5.323093;
2638685 -5.152001 -5.319755;
2643829 -5.151795 -5.308694;
2648955 -5.151820 -5.306502;
2653961 -5.151610 -5.302120;
2659109 -5.141279 -5.300245;
2664212 -5.140714 -5.293157;
2669284 -5.139843 -5.292010;
2674296 -5.139558 -5.298684;
2679404 -5.139276 -5.298684;
2684416 -5.139418 -5.298684;
2689558 -5.139212 -5.295347;
2694567 -5.138805 -5.296493;
2700333 -5.138485 -5.296493;
2705433 -5.138205 -5.296493;
2710585 -5.138074 -5.296077;
2715597 -5.137902 -5.294200;
2720742 -5.137927 -5.298268;
2725759 -5.137441 -5.296077;
2730763 -5.137312 -5.293157;
2735799 -5.136801 -5.293157;
2740802 -5.136595 -5.279811;
2745909 -5.136313 -5.282728;
2751074 -5.135792 -5.282728;
2756240 -5.134792 -5.282728;
2761401 -5.134423 -5.271564;
2766473 -5.134408 -5.268226;
2771623 -5.134317 -5.266768;
2776722 -5.134027 -5.269378;
2781748 -5.133896 -5.271258;
2786761 -5.133614 -5.271258;
2791923 -5.133217 -5.271258;
2797005 -5.132966 -5.280540;
2802054 -5.132292 -5.284296;
2807145 -5.132240 -5.281380;
2812317 -5.141514 -5.274710;
2817359 -5.141144 -5.274710;
2822515 -5.141014 -5.288780;
2827680 -5.140213 -5.288780;
2832686 -5.139528 -5.298785;
2837693 -5.138826 -5.302435;
2842717 -5.137933 -5.303166;
2847790 -5.137267 -5.327248;
2852820 -5.146198 -5.332455;
2857904 -5.145761 -5.329528;
2862937 -5.144971 -5.325053;
2868097 -5.144918 -5.325784;
2873230 -5.144589 -5.310568;
2878230 -5.143595 -5.310568;
2883396 -5.142742 -5.310568;
2888446 -5.141860 -5.300560;
2893497 -5.141344 -5.300560;
2898553 -5.140944 -5.297223;
2903619 -5.140081 -5.297223;
2908743 -5.139565 -5.297223;
2913853 -5.139394 -5.298684;
2919018 -5.139224 -5.303798;
2924161 -5.139130 -5.309329;
2929170 -5.138998 -5.309329;
2934173 -5.138296 -5.309329;
2939226 -5.138320 -5.302652;
2944318 -5.137997 -5.285957;
2949403 -5.137516 -5.286376;
2954468 -5.137424 -5.293053;
2959635 -5.137063 -5.299729;
2964732 -5.137167 -5.299729;
2969795 -5.136646 -5.302652;
2974946 -5.136130 -5.313399;
2979957 -5.135919 -5.326430;
2985111 -5.135714 -5.326430;
2990126 -5.135149 -5.317149;
2995213 -5.134292 -5.314543;
3000305 -5.134045 -5.310474;
3005334 -5.133837 -5.309742;
3010335 -5.134091 -5.308280;
3016182 -5.133581 -5.301605;
3021343 -5.133386 -5.301605;
3026482 -5.133372 -5.311299;
3031626 -5.133162 -5.311299;
3036784 -5.132872 -5.311299;
3041927 -5.132621 -5.311299;
3046933 -5.132332 -5.311299;
3052098 -5.132433 -5.320576;
3057156 -5.131866 -5.323912;
3062326 -5.131698 -5.323912;
3067364 -5.131604 -5.321308;
3072522 -5.131667 -5.311299;
3077595 -5.131102 -5.322771;
3082654 -5.130855 -5.326107;
3087797 -5.130146 -5.329443;
3092828 -5.130367 -5.330175;
3097899 -5.129662 -5.330175;
3102985 -5.129648 -5.327571;
3108045 -5.129867 -5.326839;
3113102 -5.129621 -5.324644;
3118277 -5.129259 -5.321308;
3123283 -5.128889 -5.323502;
3128297 -5.128760 -5.320897;
3133457 -5.128555 -5.317972;
3138482 -5.127989 -5.317972;
3143512 -5.127745 -5.317561;
3148524 -5.127232 -5.319024;
3153692 -5.127294 -5.317149;
3158845 -5.126846 -5.317149;
3163883 -5.126556 -5.316418;
3169047 -5.126273 -5.316418;
3174166 -5.125706 -5.316418;
3179218 -5.124793 -5.314224;
3184221 -5.124470 -5.314224;
3189370 -5.123883 -5.309107;
3194435 -5.123358 -5.305771;
3199447 -5.123692 -5.299830;
3204539 -5.123257 -5.300875;
3209699 -5.123009 -5.299414;
3214771 -5.122601 -5.299414;
3219895 -5.122393 -5.296077;
3225011 -5.122418 -5.292740;
3230180 -5.121896 -5.296807;
3235245 -5.121605 -5.296077;
3240246 -5.120895 -5.296077;
3245407 -5.120957 -5.296077;
3250434 -5.120982 -5.296807;
3255496 -5.120815 -5.310155;
3260530 -5.120414 -5.310155;
3265558 -5.120285 -5.320166;
3270720 -5.119618 -5.310155;
3275777 -5.118855 -5.311618;
3280932 -5.117953 -5.321629;
3285965 -5.117152 -5.326839;
3291111 -5.116177 -5.326839;
3296185 -5.115298 -5.326839;
3301193 -5.115090 -5.326839;
3306324 -5.114809 -5.336848;
3311471 -5.114168 -5.335383;
3316628 -5.113760 -5.335383;
3321796 -5.113589 -5.336848;
3326943 -5.112825 -5.330175;
3332002 -5.112300 -5.328711;
3337024 -5.111861 -5.327980;
3342190 -5.111348 -5.326516;
3347198 -5.111097 -5.313174;
3352321 -5.111236 -5.296493;
3357492 -5.111221 -5.289927;
3362659 -5.111523 -5.288469;
3367777 -5.111705 -5.288469;
3372884 -5.112355 -5.281800;
3378038 -5.111990 -5.281800;
3383095 -5.112054 -5.289927;
3388263 -5.112349 -5.289927;
3393357 -5.112689 -5.289927;
3398389 -5.112520 -5.282109;
3403405 -5.112429 -5.271680;
3408429 -5.112606 -5.283877;
3413458 -5.112093 -5.283877;
3418481 -5.111657 -5.283877;
3423546 -5.111490 -5.278970;
3428663 -5.111089 -5.276361;
3434543 -5.109873 -5.268955;
3439631 -5.109664 -5.268226;
3444775 -5.109664 -5.265312;
3449928 -5.109218 -5.258636;
3454981 -5.108613 -5.258636;
3460132 -5.107944 -5.252815;
3465193 -5.106986 -5.252815;
3470349 -5.106585 -5.257304;
3475393 -5.105783 -5.257304;
3480549 -5.105192 -5.259487;
3485633 -5.104469 -5.287632;
3490804 -5.103678 -5.287632;
3495889 -5.103427 -5.304310;
3501032 -5.103490 -5.307232;
3506154 -5.103673 -5.312349;
3511162 -5.103541 -5.322771;
3516324 -5.102992 -5.326107;
3521352 -5.102544 -5.326107;
3526356 -5.102146 -5.326839;
3531380 -5.101559 -5.331964;
3536497 -5.101123 -5.340106;
3541620 -5.100758 -5.350119;
3546766 -5.100665 -5.373481;
3551797 -5.100376 -5.361600;
3556821 -5.100323 -5.351587;
3561853 -5.099849 -5.339373;
3566856 -5.099374 -5.333512;
3571880 -5.099207 -5.334651;
3577042 -5.098848 -5.331315;
3582157 -5.098321 -5.333512;
3587165 -5.098150 -5.326839;
3592231 -5.097486 -5.326839;
3597244 -5.097167 -5.326839;
3602351 -5.096412 -5.321629;
3607396 -5.096412 -5.321629;
3612455 -5.096167 -5.319024;
3617556 -5.095959 -5.321629;
3622604 -5.095555 -5.328303;
3627744 -5.095387 -5.328303;
3632830 -5.095412 -5.328303;
3637923 -5.095397 -5.335709;
3643348 -5.083795 -5.339046;
3648498 -5.083795 -5.342383;
3653516 -5.083053 -5.342383;
3658659 -5.083053 -5.342383;
3663686 -5.082502 -5.340917;
3668831 -5.082502 -5.347589;
3673966 -5.081348 -5.347993;
3679120 -5.080942 -5.344658;
3684136 -5.080495 -5.341322;
3689275 -5.080213 -5.339452;
3694421 -5.079924 -5.338719;
3699592 -5.079988 -5.338719;
3704743 -5.079381 -5.309425;
3709902 -5.078227 -5.302751;
3715069 -5.077464 -5.302751;
3720101 -5.076700 -5.302751;
3725111 -5.076456 -5.302751;
3730164 -5.076289 -5.307136;
3735319 -5.076005 -5.308598;
3740461 -5.075793 -5.303798;
3745489 -5.075229 -5.306405;
3750617 -5.074831 -5.302751;
3755786 -5.074504 -5.300875;
3760859 -5.073661 -5.293053;
3765871 -5.072485 -5.301605;
3775408 -5.068890 -5.301605;
3781032 -5.068890 -5.300875;
3786110 -5.068874 -5.300875;
3791111 -5.068821 -5.300875;
3802059 -5.068874 -5.295450;
3807137 -5.068874 -5.294408;
3814612 -5.068395 -5.294408;
3819737 -5.068260 -5.292532;
3824783 -5.068363 -5.291386;
3833515 -5.068965 -5.295450;
3842049 -5.068290 -5.305455;
3847231 -5.068290 -5.305455;
3855383 -5.068276 -5.305455;
3864733 -5.067880 -5.305455;
3870891 -5.067425 -5.308790;
3877688 -5.067718 -5.308790;
3889643 -5.067718 -5.308790;
3894666 -5.066407 -5.297639;
3902766 -5.065856 -5.272409;
3907844 -5.065586 -5.266464;
3912864 -5.065184 -5.289821;
3917869 -5.065247 -5.289821;
3922965 -5.065423 -5.292010;
3928124 -5.065798 -5.293470;
3933166 -5.065744 -5.300875;
3938332 -5.065653 -5.302020;
3943469 -5.065284 -5.305771;
3948537 -5.064760 -5.299099;
3953684 -5.064630 -5.295763;
3958786 -5.063790 -5.285863;
3963952 -5.063815 -5.284096;
3969079 -5.063485 -5.281182;
3974237 -5.062766 -5.277850;
3979283 -5.062122 -5.277850;
3984434 -5.061954 -5.280034;
3989447 -5.061625 -5.286700;
3994596 -5.061266 -5.286700;
3999603 -5.061291 -5.285134;
4004760 -5.060971 -5.285134;
4009765 -5.059972 -5.292532;
4014774 -5.059042 -5.295866;
4019878 -5.058110 -5.302535;
4024968 -5.056888 -5.303265;
4030031 -5.056135 -5.311299;
4035093 -5.056005 -5.346452;
4040215 -5.055682 -5.346452;
4045244 -5.055315 -5.346452;
4050245 -5.055263 -5.339373;
4055270 -5.055020 -5.327485;
4060358 -5.054584 -5.312668;
4065452 -5.054220 -5.311205;
4070776 -5.053856 -5.310474;
4076502 -5.053394 -5.287106;
4081667 -5.053115 -5.267073;
4086761 -5.052825 -5.266345;
4091846 -5.052538 -5.266345;
4096866 -5.052754 -5.269683;
4101916 -5.052663 -5.269260;
4106926 -5.052663 -5.269260;
4112057 -5.052496 -5.272177;
4117146 -5.052325 -5.272177;
4122320 -5.052000 -5.271448;
4127328 -5.051590 -5.271448;
4132334 -5.051500 -5.271448;
4137358 -5.051486 -5.272600;
4142465 -5.051204 -5.267497;
4147576 -5.050137 -5.264583;
4152677 -5.050006 -5.267497;
4157695 -5.049641 -5.268226;
4162722 -5.049014 -5.268955;
4167839 -5.048770 -5.274173;
4172882 -5.048131 -5.277511;
4177923 -5.047655 -5.278970;
4182964 -5.047179 -5.278970;
4188086 -5.047203 -5.275632;
4193107 -5.046759 -5.288984;
4198258 -5.046247 -5.292322;
4203265 -5.046154 -5.293053;
4208425 -5.046713 -5.296705;
4213594 -5.046541 -5.299729;
4218713 -5.045974 -5.299729;
4223866 -5.046194 -5.309742;
4228900 -5.046416 -5.309742;
4233911 -5.046056 -5.309742;
4238965 -5.045621 -5.319755;
4244132 -5.045144 -5.317561;
4249287 -5.044814 -5.319434;
4254305 -5.044681 -5.316098;
4259450 -5.044629 -5.306088;
4264615 -5.043279 -5.307549;
4269740 -5.042436 -5.307549;
4274853 -5.042656 -5.309425;
4280014 -5.042369 -5.309425;
4285047 -5.041961 -5.309425;
4290079 -5.041716 -5.313904;
4295096 -5.041241 -5.318383;
4300217 -5.040729 -5.320255;
4305275 -5.039972 -5.316921;
4310430 -5.039340 -5.318383;
4315495 -5.039443 -5.316921;
4320611 -5.039623 -5.316921;
4325740 -5.039569 -5.316921;
4330859 -5.038654 -5.313174;
4335863 -5.038796 -5.303166;
4341003 -5.039203 -5.299830;
4346021 -5.039227 -5.306502;
4351158 -5.039329 -5.313174;
4356205 -5.039471 -5.313174;
4361217 -5.038995 -5.315367;
4366231 -5.038560 -5.326839;
4371245 -5.038048 -5.323181;
4376393 -5.037154 -5.325784;
4382143 -5.035769 -5.322449;
4387310 -5.035769 -5.322449;
4392335 -5.035410 -5.309107;
4397448 -5.035552 -5.307646;
4402450 -5.035552 -5.314316;
4407607 -5.035423 -5.315047;
4412692 -5.035172 -5.315778;
4417731 -5.035041 -5.322039;
4422734 -5.034527 -5.319845;
4427871 -5.033635 -5.318383;
4432872 -5.033464 -5.308376;
4437950 -5.033183 -5.296493;
4442956 -5.032703 -5.291698;
4448017 -5.022334 -5.308376;
4453179 -5.022203 -5.308376;
4458322 -5.021874 -5.308376;
4463351 -5.021860 -5.311299;
4468415 -5.021730 -5.316098;
4473438 -5.021407 -5.316098;
4478562 -5.021125 -5.316098;
4483668 -5.020367 -5.319024;
4488701 -5.019963 -5.319024;
4493719 -5.019181 -5.317149;
4498831 -5.018477 -5.317149;
4503852 -5.018346 -5.317149;
4508981 -5.017834 -5.293783;
4514137 -5.017624 -5.277819;
4519171 -5.017491 -5.273751;
4524324 -5.016978 -5.273751;
4529397 -5.016294 -5.273751;
4534403 -5.015816 -5.267073;
4539553 -5.015458 -5.260395;
4544657 -5.015758 -5.260092;
4549715 -5.015549 -5.259364;
4554738 -5.015265 -5.258334;
4559872 -5.015289 -5.262702;
4565042 -5.015079 -5.263430;
4570179 -5.014669 -5.267497;
4575242 -5.014420 -5.274173;
4580303 -5.014560 -5.274173;
4585333 -5.014198 -5.277819;
4591181 -5.013427 -5.277819;
4596232 -5.013427 -5.289714;
4601378 -5.012500 -5.288255;
4606393 -5.012500 -5.288255;
4611542 -5.013060 -5.279699;
4616554 -5.012417 -5.279699;
4621567 -5.011714 -5.283038;
4626736 -5.011164 -5.283038;
4631902 -5.010558 -5.286376;
4637064 -5.009898 -5.288147;
4642214 -5.009898 -5.291069;
4647352 -5.009766 -5.291800;
4652521 -5.009438 -5.295140;
4657541 -5.008871 -5.319665;
4662691 -5.008588 -5.319665;
4667801 -5.008142 -5.319665;
4672922 -5.008400 -5.333022;
4677969 -5.008112 -5.341572;
4683139 -5.007790 -5.341572;
4688305 -5.006789 -5.341572;
4693439 -5.006972 -5.341572;
4698538 -5.007036 -5.332372;
4703590 -5.006710 -5.325784;
4708647 -5.006156 -5.325053;
4713801 -5.005447 -5.312443;
4718845 -5.004764 -5.315686;
4723878 -5.004749 -5.313080;
4728882 -5.004581 -5.313080;
4734042 -5.003498 -5.313080;
4739161 -5.003169 -5.311523;
4744245 -5.002373 -5.305576;
4749331 -5.002009 -5.306307;
4754362 -5.001141 -5.306307;
4759447 -5.001012 -5.306307;
4764600 -5.001308 -5.301090;
4769757 -5.001726 -5.294409;
4774801 -5.001475 -5.291069;
4779958 -5.001115 -5.291069;
4785000 -5.000155 -5.291069;
4790084 -4.999526 -5.293261;
4795221 -4.998658 -5.294723;
4800299 -4.998134 -5.294723;
4805323 -4.997305 -5.299943;
4810459 -4.996984 -5.303284;
4815627 -4.996891 -5.299943;
4820797 -4.996640 -5.293261;
4825960 -4.996428 -5.292948;
4831118 -4.996059 -5.291487;
4836169 -4.995730 -5.291487;
4841259 -4.994752 -5.288147;
4846377 -4.994466 -5.284808;
4851463 -4.994178 -5.267497;
4856546 -4.993814 -5.280120;
4861700 -4.994149 -5.282728;
4866714 -4.993978 -5.280120;
4871878 -4.993811 -5.277511;
4876971 -4.992811 -5.280849;
4881995 -4.992136 -5.284187;
4887002 -4.991086 -5.284187;
4892165 -4.991110 -5.285227;
4897332 -4.990583 -5.289608;
4902610 -4.990175 -5.285227;
4907669 -4.990241 -5.284497;
4912728 -4.989995 -5.283038;
4917799 -4.989363 -5.283038;
4922953 -4.989271 -5.283038;
4928077 -4.988942 -5.274595;
4933079 -4.988224 -5.273866;
4938104 -4.988095 -5.270952;
4943272 -4.988273 -5.259062;
4948425 -4.987667 -5.252388;
4953565 -4.987691 -5.250505;
4958574 -4.987363 -5.250505;
4963732 -4.987388 -5.250505;
4968850 -4.987098 -5.253416;
4973947 -4.986576 -5.255600;
4979101 -4.985628 -5.268226;
4984197 -4.985102 -5.270106;
4989352 -4.985165 -5.273444;
4994361 -4.985151 -5.273444;
4999516 -4.985366 -5.274173;
5004558 -4.985824 -5.286795;
5009593 -4.985464 -5.293470;
5014678 -4.985065 -5.293470;
5019828 -4.984508 -5.293470;
5024842 -4.983943 -5.293470;
5029991 -4.983929 -5.303482;
5035075 -4.983443 -5.305357;
5040084 -4.982653 -5.305357;
5045201 -4.981683 -5.305357;
5050350 -4.981278 -5.303482;
5055422 -4.981028 -5.304943;
5060514 -4.980626 -5.302020;
5065552 -4.980301 -5.301290;
5070709 -4.979633 -5.298684;
5075838 -4.979186 -5.287525;
5080864 -4.978858 -5.294200;
5085865 -4.977962 -5.294200;
5091015 -4.977642 -5.294200;
5096073 -4.977195 -5.280429;
5101233 -4.977142 -5.284078;
5106349 -4.977128 -5.273751;
5111505 -4.976723 -5.270106;
5116636 -4.976355 -5.271987;
5121794 -4.975792 -5.271987;
5126837 -4.974833 -5.273444;
5131998 -4.974318 -5.275324;
5137041 -4.974107 -5.274595;
5142197 -4.973400 -5.274595;
5147308 -4.972834 -5.271987;
5152441 -4.972001 -5.273444;
5157578 -4.971281 -5.278549;
5162739 -4.971149 -5.278549;
5167776 -4.970583 -5.287836;
5172857 -4.969954 -5.287836;
5178013 -4.969746 -5.287836;
5183157 -4.969810 -5.292010;
5188316 -4.969678 -5.302020;
5193384 -4.968955 -5.300560;
5198392 -4.968669 -5.302020;
5203399 -4.968082 -5.302020;
5208559 -4.968488 -5.302020;
5213622 -4.968789 -5.302020;
5218703 -4.968698 -5.305357;
5223726 -4.968451 -5.305357;
5228734 -4.967938 -5.306819;
5233879 -4.966930 -5.306819;
5238892 -4.966758 -5.305357;
5244099 -4.966208 -5.305357;
5249175 -4.965677 -5.303482;
5254254 -4.964927 -5.287525;
5259603 -4.964835 -5.300875;
5264691 -4.964698 -5.300875;
5269694 -4.964528 -5.300875;
5279296 -4.964361 -5.300875;
5284318 -4.964774 -5.300875;
5289343 -4.964569 -5.297223;
5294385 -4.964286 -5.297639;
5299506 -4.963579 -5.297639;
5304529 -4.963291 -5.300560;
5309532 -4.963124 -5.301605;
5314628 -4.962881 -5.288147;
5319665 -4.962322 -5.287417;
5324769 -4.962115 -5.283767;
5329932 -4.961711 -5.283767;
5335084 -4.961381 -5.283767;
5340229 -4.961406 -5.283877;
5345282 -4.961392 -5.292427;
5350442 -4.961224 -5.294720;
5355470 -4.960736 -5.294720;
5360620 -4.960569 -5.288051;
5365633 -4.960201 -5.285755;
5370649 -4.959728 -5.285026;
5375675 -4.959637 -5.285026;
5380836 -4.959547 -5.275746;
5385904 -4.959453 -5.269072;
5391073 -4.959400 -5.280849;
5396235 -4.958557 -5.275746;
5401394 -4.957912 -5.275017;
5406512 -4.957268 -5.254997;
5411652 -4.956980 -5.251660;
5416678 -4.956534 -5.253542;
5421841 -4.955983 -5.266159;
5426933 -4.955771 -5.272831;
5432102 -4.955640 -5.272831;
5437265 -4.955389 -5.273560;
5442296 -4.955099 -5.273560;
5447453 -4.954163 -5.273560;
5452466 -4.953322 -5.280231;
5457614 -4.953193 -5.280231;
5462718 -4.953100 -5.280231;
5467871 -4.952813 -5.286484;
5472873 -4.952287 -5.286174;
5478034 -4.951815 -5.285445;
5483196 -4.951761 -5.285445;
5488228 -4.951432 -5.285445;
5493359 -4.950803 -5.289509;
5498392 -4.950358 -5.292844;
5503534 -4.949691 -5.292844;
5508671 -4.949009 -5.290239;
5513800 -4.949112 -5.293157;
5518880 -4.949215 -5.295660;
5523966 -4.949085 -5.295660;
5529077 -4.948760 -5.298998;
5534159 -4.948433 -5.304845;
5539316 -4.948264 -5.304845;
5544322 -4.948368 -5.303482;
5549477 -4.948277 -5.303482;
5554556 -4.948538 -5.301290;
5559702 -4.948020 -5.303482;
5564730 -4.947298 -5.297537;
5569879 -4.946939 -5.305674;
5575022 -4.946649 -5.305674;
5580181 -4.946517 -5.305674;
5585222 -4.946384 -5.312255;
5590250 -4.946370 -5.311842;
5595379 -4.946433 -5.307770;
5600381 -4.945753 -5.305576;
5605469 -4.945205 -5.305576;
5610629 -4.944802 -5.302237;
5615676 -4.944118 -5.302237;
5620717 -4.944220 -5.305576;
5625827 -4.943513 -5.304114;
5630940 -4.943069 -5.301190;
5636084 -4.942314 -5.301190;
5641250 -4.942024 -5.301190;
5646250 -4.940866 -5.299099;
5651397 -4.940318 -5.310981;
5656405 -4.940028 -5.313586;
5661546 -4.939708 -5.313586;
5666689 -4.939694 -5.313586;
5671826 -4.939562 -5.308059;
5676863 -4.938802 -5.305869;
5682003 -4.938442 -5.305869;
5687166 -4.937840 -5.301390;
5692240 -4.937234 -5.305041;
5697405 -4.936871 -5.298785;
5702558 -4.936502 -5.298055;
5707722 -4.936409 -5.298055;
5712757 -4.936316 -5.298785;
5717767 -4.935956 -5.299515;
5722913 -4.936133 -5.300245;
5727922 -4.935883 -5.300245;
5733086 -4.935257 -5.300245;
5738172 -4.934731 -5.290968;
5743196 -4.934406 -5.290968;
5748360 -4.934085 -5.299515;
5753486 -4.933282 -5.299515;
5758627 -4.933307 -5.298785;
5763783 -4.933175 -5.292844;
5768800 -4.932688 -5.292844;
5773822 -4.932214 -5.294304;
5778947 -4.931893 -5.292844;
5784001 -4.932075 -5.292115;
5789007 -4.932331 -5.288780;
5794165 -4.932393 -5.288780;
5799331 -4.932142 -5.292844;
5804426 -4.931260 -5.296180;
5809585 -4.930313 -5.309520;
5814650 -4.929589 -5.310251;
5819712 -4.929459 -5.309107;
5824722 -4.928981 -5.309107;
5829778 -4.928699 -5.309107;
5834782 -4.927759 -5.312443;
5839958 -4.927402 -5.321219;
5845109 -4.927189 -5.320808;
5850131 -4.927096 -5.322272;
5855142 -4.927121 -5.322272;
5860159 -4.926916 -5.325611;
5865179 -4.926748 -5.325611;
5870235 -4.926389 -5.325611;
5875326 -4.925603 -5.350449;
5880332 -4.925162 -5.353054;
5885376 -4.924995 -5.362335;
5890534 -4.924634 -5.358997;
5895698 -4.924226 -5.359731;
5900715 -4.923778 -5.353054;
5905778 -4.923037 -5.352320;
5910828 -4.922133 -5.348652;
5915889 -4.921657 -5.335302;
5921036 -4.921295 -5.308598;
5926042 -4.920887 -5.300875;
5931126 -4.920568 -5.300875;
5936285 -4.920011 -5.300875;
5941427 -4.919563 -5.293053;
5949069 -4.919116 -5.286376;
5954148 -4.917812 -5.283038;
5959187 -4.917410 -5.279391;
5964225 -4.917319 -5.279391;
5969333 -4.917266 -5.279391;
5974336 -4.916823 -5.276053;
5979472 -4.916810 -5.277932;
5984643 -4.917344 -5.282419;
5989658 -4.917093 -5.283567;
5994732 -4.917155 -5.285755;
5999849 -4.917374 -5.287943;
6005017 -4.916656 -5.312030;
6010064 -4.916444 -5.318703;
6015069 -4.916122 -5.318703;
6020125 -4.915459 -5.315367;
6025264 -4.914441 -5.316098;
6030425 -4.913877 -5.321629;
6035445 -4.913351 -5.319434;
6040560 -4.912839 -5.318703;
6045726 -4.912395 -5.312761;
6050868 -4.911986 -5.302751;
6056026 -4.912168 -5.293470;
6061027 -4.911996 -5.292740;
6066045 -4.911562 -5.292740;
6071212 -4.911663 -5.292740;
6076289 -4.911254 -5.293470;
6081399 -4.911124 -5.309011;
6086433 -4.910954 -5.309011;
6091499 -4.910286 -5.312349;
6096540 -4.910272 -5.312349;
6101562 -4.909911 -5.313811;
6106616 -4.909629 -5.357930;
6111752 -4.909383 -5.364604;
6116785 -4.908820 -5.364604;
6121832 -4.908268 -5.360132;
6126979 -4.907676 -5.360132;
6132054 -4.906365 -5.352723;
6137093 -4.905537 -5.352723;
6142241 -4.895099 -5.351989;
6147261 -4.894495 -5.335302;
6152294 -4.893791 -5.291905;
6158124 -4.893393 -5.274595;
6163290 -4.893466 -5.268039;
6168300 -4.893648 -5.265855;
6173384 -4.894361 -5.235837;
6178553 -4.894851 -5.235837;
6183584 -4.895271 -5.244688;
6188616 -4.896063 -5.254696;
6193637 -4.896049 -5.261368;
6198786 -4.895383 -5.267192;
6203795 -4.895054 -5.270106;
6208895 -4.894123 -5.315274;
6213913 -4.893291 -5.321951;
6218935 -4.892511 -5.338640;
6224059 -4.891462 -5.338640;
6229073 -4.890430 -5.335302;
6234236 -4.889192 -5.321219;
6239405 -4.887916 -5.321219;
6244433 -4.887073 -5.319755;
6249478 -4.886330 -5.313080;
6254635 -4.885661 -5.252989;
6259697 -4.884977 -5.248194;
6264703 -4.884306 -5.248194;
6269859 -4.884636 -5.248194;
6274890 -4.885133 -5.224820;
6280047 -4.885619 -5.214801;
6285066 -4.885643 -5.213349;
6290096 -4.886013 -5.219302;
6295261 -4.886267 -5.222641;
6300315 -4.886844 -5.223367;
6305375 -4.887525 -5.226999;
6310404 -4.887549 -5.245153;
6315565 -4.887381 -5.268531;
6320669 -4.887445 -5.268531;
6325721 -4.887081 -5.269989;
6330788 -4.886411 -5.274366;
6335805 -4.885777 -5.304747;
6340945 -4.885304 -5.315914;
6346029 -4.884387 -5.315914;
6351119 -4.884062 -5.315914;
6356165 -4.883465 -5.315914;
6361240 -4.882950 -5.296705;
6367088 -4.882587 -5.291592;
6372106 -4.881946 -5.290133;
6377111 -4.881741 -5.253416;
6382269 -4.881421 -5.253416;
6387342 -4.881249 -5.248452;
6392353 -4.881583 -5.248452;
6397502 -4.881608 -5.248452;
6402523 -4.881986 -5.249179;
6407593 -4.882394 -5.249179;
6412752 -4.882457 -5.262520;
6417781 -4.882049 -5.275859;
6422793 -4.881766 -5.305869;
6428541 -4.881408 -5.314636;
6433558 -4.880733 -5.315367;
6438617 -4.879953 -5.331640;
6443771 -4.879167 -5.329443;
6448938 -4.878366 -5.329443;
6454087 -4.877878 -5.326107;
6459230 -4.877392 -5.322771;
6464373 -4.876789 -5.307232;
6469478 -4.876186 -5.307232;
6474585 -4.875548 -5.306502;
6479604 -4.875962 -5.287214;
6484746 -4.876140 -5.260518;
6489828 -4.876321 -5.252388;
6494878 -4.876812 -5.252388;
6499962 -4.877298 -5.252388;
6504977 -4.877478 -5.252388;
6510133 -4.877656 -5.253843;
6515281 -4.877247 -5.287943;
6520439 -4.876840 -5.291280;
6525461 -4.876589 -5.307963;
6530486 -4.876345 -5.309425;
6535520 -4.875411 -5.309425;
6540644 -4.874474 -5.358331;
6545668 -4.874147 -5.361667;
6550691 -4.873826 -5.361667;
6555714 -4.873275 -5.367142;
6560880 -4.872303 -5.360465;
6565896 -4.871854 -5.331232;
6570912 -4.871419 -5.331232;
6576756 -4.870984 -5.330500;
6581901 -4.870923 -5.307867;
6587041 -4.870869 -5.297852;
6592195 -4.870972 -5.292322;
6597235 -4.871076 -5.304212;
6602249 -4.870100 -5.306819;
6607271 -4.869129 -5.306819;
6612441 -4.868923 -5.307549;
6617532 -4.868711 -5.330908;
6622649 -4.868425 -5.330175;
6627790 -4.868138 -5.342788;
6632901 -4.868437 -5.342788;
6638288 -4.868735 -5.336848;
6643291 -4.867857 -5.329443;
6648309 -4.867041 -5.329443;
6653475 -4.866529 -5.329443;
6658541 -4.866002 -5.329443;
6663545 -4.865678 -5.333837;
6668683 -4.865358 -5.329767;
6673732 -4.864403 -5.326107;
6678820 -4.863888 -5.326107;
6683932 -4.864145 -5.319434;
6688946 -4.864092 -5.302751;
6693951 -4.863848 -5.289091;
6698989 -4.864216 -5.289091;
6704057 -4.864317 -5.289091;
6709219 -4.864690 -5.275324;
6714223 -4.864873 -5.276053;
6719369 -4.864668 -5.274902;
6724404 -4.864457 -5.274902;
6729533 -4.864674 -5.272715;
6734561 -4.864307 -5.274173;
6739683 -4.864024 -5.274902;
6744853 -4.863814 -5.283767;
6750000 -4.863445 -5.287106;
6755160 -4.862998 -5.287106;
6760316 -4.862629 -5.286687;
6765483 -4.862260 -5.283348;
6770651 -4.861852 -5.277511;
6778770 -4.861443 -5.273866;
6783971 -4.861048 -5.268767;
6789186 -4.860795 -5.232069;
6794348 -4.860582 -5.232069;
6799447 -4.860686 -5.237720;
6804482 -4.860788 -5.254395;
6809558 -4.860044 -5.257730;
6814569 -4.859333 -5.262823;
6819590 -4.858936 -5.265735;
6824752 -4.858998 -5.270952;
6829811 -4.858944 -5.277624;
6834881 -4.858930 -5.277624;
6840045 -4.858916 -5.272409;
6845164 -4.858902 -5.269072;
6850316 -4.859083 -5.269495;
6855328 -4.858793 -5.272103;
6860414 -4.858396 -5.272103;
6865580 -4.857955 -5.272831;
6870742 -4.856876 -5.273560;
6875768 -4.856428 -5.284296;
6880884 -4.856184 -5.294304;
6886005 -4.855936 -5.294304;
6891101 -4.855804 -5.292010;
6896189 -4.855090 -5.288673;
6901346 -4.864358 -5.286903;
6906373 -4.864068 -5.286174;
6911396 -4.863594 -5.282529;
6916457 -4.863349 -5.282529;
6921614 -4.862292 -5.282529;
6926620 -4.861648 -5.286174;
6931779 -4.861443 -5.286174;
6936865 -4.861153 -5.286174;
6941939 -4.860751 -5.286903;
6946977 -4.860581 -5.286903;
6952129 -4.860721 -5.293574;
6957267 -4.860117 -5.298471;
6962432 -4.859789 -5.298471;
6967543 -4.859065 -5.299201;
6972561 -4.858660 -5.293261;
6977573 -4.858263 -5.289198;
6982580 -4.858402 -5.288469;
6987642 -4.858235 -5.284096;
6992663 -4.858415 -5.271491;
6997721 -4.857864 -5.271491;
7002875 -4.857309 -5.270035;
