391065  0.000000  97.045494;
396962  0.000000 -0.005505;
411313  0.000000  0.001790;
416463  0.000000  0.012780;
421471  0.000000  0.017788;
426597  0.000000  0.017788;
431689  0.000000  0.041465;
437272  0.048866  0.044848;
445454  0.053271  0.054581;
450544  0.059790  0.041050;
455547  0.063301 -0.009688;
460584  0.066752 -0.014296;
465668  0.067074 -0.015134;
470767  0.067398 -0.549283;
475900  0.064104 -0.900473;
480935  0.060788 -1.227486;
485990  0.054883 -0.981779;
491082  0.048954 -0.910848;
496108  0.042983 -0.754138;
501289  0.037088 -0.752750;
506358  0.031210 -0.752750;
511459  0.024956 -0.666271;
516527  0.017260 -0.669019;
521747  0.009614 -0.666271;
526770 -0.000493 -0.666271;
531902 -0.010218 -0.666271;
536976 -0.017608 -0.574986;
542101 -0.024914 -0.216234;
547207 -0.029086  0.223276;
552342 -0.033242  0.226519;
557377 -0.035540  0.227329;
562407 -0.037794  0.834378;
567452 -0.036513  1.244841;
572483 -0.034958  1.098286;
577616 -0.033370  0.918182;
583149 -0.031749  0.833269;
588263 -0.030170  0.829570;
593401 -0.028712  0.825126;
598413 -0.028423  0.553626;
603501 -0.028141  0.472122;
608566 -0.029952  0.383856;
613617 -0.031755  0.381477;
618761 -0.033977  0.378698;
623910 -0.036241  0.060923;
628985 -0.037720  0.024435;
634118 -0.039178  0.027775;
639178 -0.040966  0.054488;
644282 -0.042728  0.062169;
649285 -0.044662  0.058361;
654410 -0.046443  0.051575;
659572 -0.048346  0.017650;
664712 -0.050420  0.014303;
669804 -0.052485  0.013047;
674935 -0.055192 -0.084950;
680065 -0.057762 -0.084950;
685219 -0.060763 -0.080707;
690234 -0.063661 -0.053565;
695383 -0.066020 -0.026420;
701207 -0.068443  0.002405;
706311 -0.064469  0.005338;
711461 -0.068390  0.018298;
716554 -0.069870  0.411642;
721717 -0.064063  0.710674;
726787 -0.058334  0.687253;
731934 -0.052708  0.688011;
737076 -0.043774  0.689525;
742137 -0.034850  0.971743;
747207 -0.021855  1.220204;
752355 -0.008837  1.653238;
757435  0.005325  1.653238;
762839  0.019299  0.979697;
767935  0.034000  0.975723;
772943  0.047863  0.969570;
777958  0.058046  0.607541;
782986  0.068243  0.094775;
788051  0.075358 -0.206934;
793121  0.082525 -0.221189;
798219  0.087029 -0.223354;
803338  0.091557 -0.997968;
808342  0.095909 -1.143478;
813437  0.098826 -1.143478;
819490  0.101796 -1.144452;
824519  0.104678 -1.056472;
829653  0.107072 -0.990321;
834804  0.108693 -0.990321;
839934  0.110320 -1.135697;
844963  0.109825 -1.137641;
849976  0.109340 -1.137641;
855100  0.105566 -2.067859;
860261  0.092164 -2.518671;
865378  0.079532 -3.008496;
870489  0.067007 -3.016223;
875543  0.047007 -2.528305;
880671  0.027229 -2.509224;
885805  0.012290 -2.501306;
890924 -0.002666 -2.486635;
896028 -0.017735 -1.861477;
901142 -0.032760 -0.747133;
906296 -0.044145 -0.526913;
911399 -0.055619 -0.508482;
916554 -0.064642 -0.502208;
921875 -0.073757  0.197111;
926938 -0.078820  0.723125;
931999 -0.083637  0.935292;
937147 -0.085013  0.938565;
942995 -0.086414  0.949450;
948075 -0.086308  1.302379;
953168 -0.081524  1.555535;
958186 -0.076728  1.664418;
963355 -0.069359  1.574162;
968368 -0.061769  1.574813;
973495 -0.054714  1.673384;
978549 -0.047498  1.750954;
983697 -0.033788  1.664418;
988724 -0.019823  1.344503;
993873 -0.010369  1.293486;
998916 -0.000685  1.292115;
1004040  0.008375  1.290058;
1009196  0.017582  0.371471;
1014364  0.024681  0.052697;
1019381  0.031796 -0.181022;
1024486  0.036368 -0.193923;
1029669  0.041019 -0.197371;
1034706  0.042221 -0.892771;
1039845  0.043388 -0.892771;
1045001  0.044109 -0.891828;
1050004  0.044832 -0.749733;
1055113  0.047672 -0.543186;
1060280  0.050572 -0.368304;
1065427  0.054018 -0.367863;
1070563  0.057451 -0.367863;
1075668  0.061974 -0.134099;
1080847  0.066469 -0.001864;
1085962  0.071228 -0.042156;
1090967  0.075459 -0.130258;
1096085  0.077651 -0.228485;
1101149  0.071883 -0.232378;
1106181  0.072361 -0.252337;
1111301  0.068380 -0.938389;
1116379  0.059484 -1.614877;
1121425  0.049303 -2.113927;
1126576  0.039841 -2.124255;
1131614  0.023774 -2.126976;
1136655  0.008058 -2.048191;
1141698 -0.008821 -2.043333;
1146776 -0.023166 -2.027713;
1151895 -0.038579 -1.569238;
1156944 -0.054117 -1.211121;
1161971 -0.062467 -0.579300;
1167075 -0.068746 -0.578394;
1172188 -0.073836 -0.572509;
1177229 -0.077178  0.132092;
1182373 -0.079896  0.678937;
1187420 -0.081688  0.874391;
1192489 -0.083408  0.876593;
1197517 -0.083239  0.876593;
1202568 -0.082303  1.197232;
1207737 -0.081171  1.197232;
1212773 -0.080841  1.051057;
1218211 -0.080519  1.031206;
1223648 -0.077474  1.031206;
1228905 -0.074429  1.054980;
1233985 -0.063579  1.119518;
1239138 -0.053095  1.568156;
1244143 -0.037464  1.568482;
1249149 -0.023123  1.575970;
1254168 -0.005339  2.010423;
1259175  0.010306  2.007423;
1264204  0.025800  1.367599;
1269887  0.041362  1.058542;
1274998  0.056301  0.994057;
1280118  0.069190  0.984688;
1285136  0.080813  0.982883;
1290169  0.090480 -0.129856;
1295237  0.099253 -0.407607;
1300380  0.107392 -0.624145;
1305466  0.114551 -0.632807;
1310973  0.121127 -0.634634;
1320868  0.132711 -0.921249;
1326047  0.132711 -0.982126;
1331127  0.133319 -1.029463;
1336208  0.130851 -1.030902;
1341377  0.122759 -1.053516;
1347291  0.114527 -3.551859;
1352420  0.085380 -4.466863;
1357445  0.061511 -4.466863;
1362601  0.040619 -3.551859;
1367736  0.018317 -3.528409;
1372737  0.008336 -2.757598;
1377759 -0.009898 -2.757598;
1382872 -0.026790 -2.757598;
1387946 -0.041841 -1.454131;
1393040 -0.053796 -0.476508;
1398149 -0.066225 -0.126130;
1403315 -0.078261 -0.109505;
1408394 -0.089407 -0.108229;
1413469 -0.098892  0.426409;
1418550 -0.105928  0.722023;
1423628 -0.112973  0.888639;
1428675 -0.113734  0.902918;
1433743 -0.119962  0.908757;
1438859 -0.115963  1.672745;
1443898 -0.103920  2.878537;
1449028 -0.086981  4.208847;
1454169 -0.062139  4.210533;
1459192 -0.034654  3.241897;
1464272 -0.015161  3.239638;
1469331  0.006608  3.233753;
1474442  0.026626  1.794105;
1479475  0.045680  1.689004;
1484532  0.063137  1.346830;
1489684  0.078631  1.318989;
1494771  0.092331  1.311815;
1499781  0.105083 -0.003159;
1504891  0.114466 -0.304720;
1509974  0.117406 -0.558528;
1515012  0.131234 -0.562594;
1520118  0.145670 -0.577993;
1525234  0.134887 -1.919554;
1530284  0.116859 -2.267664;
1535391  0.105578 -2.800305;
1540480  0.090076 -2.822553;
1545580  0.061305 -2.863797;
1550691  0.024607 -3.875075;
1556472 -0.012170 -3.844689;
1561512 -0.039647 -3.838889;
1566540 -0.063602 -3.449852;
1571611 -0.091721 -2.293895;
1576779 -0.108778 -1.734608;
1581933 -0.124426 -1.733565;
1587050 -0.140031 -1.723666;
1592186 -0.156930 -0.769973;
1597249 -0.173892 -0.005883;
1602327 -0.179598  0.409986;
1607422 -0.185320  0.419054;
1612428 -0.176594  0.464411;
1617559 -0.152773  3.618317;
1622579 -0.103289  7.478704;
1627643 -0.067024  6.091721;
1632697 -0.027194  5.131631;
1637771  0.005691  3.775166;
1642913  0.038938  3.771669;
1647990  0.072159  3.766020;
1653155  0.104922  2.975501;
1658182  0.131195  1.986548;
1663758  0.156766  1.511801;
1668832  0.174233  1.482429;
1673941  0.182769  1.466458;
1679082  0.191363 -3.277464;
1684092  0.178034 -5.872853;
1689127  0.165045 -7.365152;
1694261  0.127777 -7.389626;
1699297  0.091266 -6.085293;
1704459  0.060680 -5.534056;
1709546  0.033702 -5.483923;
1714628  0.006301 -5.483923;
1719733 -0.018862 -3.553740;
1724760 -0.040593 -2.808206;
1729796 -0.058270 -2.070726;
1734838 -0.074055 -2.064776;
1739847 -0.094864 -2.029769;
1744891 -0.111406 -0.959670;
1750002 -0.118592  0.406721;
1755069 -0.118539  1.164734;
1760184 -0.107346  1.209874;
1766199 -0.096048  1.225682;
1771321 -0.063660  5.846591;
1776387 -0.026071  5.841653;
1781444  0.008515  5.173266;
1786586  0.043040  4.002909;
1791735  0.065193  3.374857;
1796858  0.087376  3.362847;
1801905  0.116994  3.360216;
1806974  0.146173  2.467543;
1812056  0.159188  1.248364;
1817109  0.172237  0.484910;
1822109  0.179349  0.444315;
1827261  0.186386  0.366033;
1832275  0.163314 -6.852093;
1837398  0.130948 -8.118763;
1842405  0.094397 -8.028219;
1847560  0.063681 -6.768483;
1852706  0.032648 -6.653562;
1857782  0.006421 -5.474384;
1862817 -0.020301 -5.474384;
1867882 -0.046807 -5.474384;
1873894 -0.073510 -3.277536;
1878937 -0.097587 -1.707339;
1884068 -0.117783 -1.229381;
1889105 -0.145147 -1.214664;
1894244 -0.172010 -1.203905;
1899321 -0.176664  0.497451;
1904479 -0.181261  5.078788;
1909630 -0.146913  7.779704;
1914645 -0.112611  6.223412;
1919734 -0.084612  5.384725;
1924746 -0.056201  5.375955;
1929891 -0.025120  5.372480;
1935056  0.007100  3.379297;
1940187  0.045832  2.502729;
1945284  0.084309  1.939834;
1950396  0.108330  1.933165;
1955476  0.132421  1.911525;
1960591  0.147986  0.816540;
1965622  0.169866  0.281183;
1970773  0.179174 -0.573562;
1975887  0.175138 -0.597997;
1980908  0.158054 -0.609818;
1985982  0.141280 -6.777542;
1991012  0.107016 -7.562540;
1996126  0.069977 -7.562540;
2001291  0.032944 -6.832442;
2006447 -0.004459 -5.953316;
2011467 -0.032546 -4.982532;
2016620 -0.058437 -4.972638;
2021725 -0.084345 -4.950787;
2026799 -0.110012 -2.765429;
2031817 -0.132191 -1.368710;
2036923 -0.154011 -0.597003;
2041982 -0.168925 -0.557343;
2047053 -0.169413 -0.544363;
2052180 -0.147489  3.769334;
2057224 -0.115774  7.574516;
2062330 -0.078680  6.412988;
2067392 -0.050096  5.216458;
2072519 -0.010049  3.780783;
2077573  0.023701  3.771864;
2083223  0.056972  3.771669;
2088259  0.089507  3.399488;
2093345  0.117662  2.563554;
2098410  0.143416  1.523052;
2103456  0.169065  1.480525;
2108594  0.171737  1.474206;
2113684  0.174457 -2.820498;
2118810  0.179834 -4.340102;
2123848  0.152848 -5.873216;
2128851  0.130095 -6.048823;
2133973  0.108302 -6.048823;
2138981  0.091817 -5.536342;
2143995  0.075698 -5.536342;
2149119  0.047886 -5.536342;
2154274  0.022202 -4.489213;
2159548 -0.005486 -3.619754;
2164689 -0.032284 -2.858529;
2169699 -0.057622 -2.829832;
2174830 -0.080516 -2.800719;
2179980 -0.117516 -1.719267;
2185094 -0.134681 -0.486568;
2190333 -0.150789  0.185693;
2195343 -0.162213  0.190183;
2200500 -0.169847  0.208087;
2205541 -0.159598  1.225542;
2210577 -0.128722  6.544281;
2215655 -0.092533  7.888154;
2220680 -0.064299  6.301922;
2225847 -0.034327  4.700427;
2230985  0.000003  4.699455;
2236041  0.032414  4.698899;
2241154  0.061143  2.710109;
2246318  0.085395  1.959933;
2251478  0.103740  1.252090;
2256494  0.117816  1.216522;
2261642  0.130543  1.189998;
2266649  0.157240  0.056257;
2271675  0.176709 -1.351326;
2276844  0.172848 -2.490661;
2281982  0.168443 -2.491225;
2287060  0.155946 -2.582406;
2292278  0.136888 -6.502950;
2297421  0.111291 -6.441954;
2302490  0.094070 -6.441954;
2307613  0.074853 -4.740309;
2312652  0.057152 -4.316472;
2317730  0.041165 -3.148649;
2322814  0.026061 -3.145635;
2327846  0.010319 -3.137207;
2332957 -0.004648 -1.782119;
2337974 -0.018796 -0.566493;
2343031 -0.029582 -0.148085;
2348120 -0.040184 -0.122931;
2353133 -0.049376 -0.122931;
2358242 -0.054605  0.425589;
2363253 -0.061065  1.039428;
2368329 -0.055083  1.996716;
2373378 -0.040655  2.002118;
2378420 -0.027459  2.031329;
2383565 -0.016822  3.128339;
2388576  0.001494  3.124134;
2393706  0.018530  2.612763;
2398742  0.030880  2.476959;
2403843  0.045425  2.261501;
2408857  0.061638  2.261501;
2413862  0.077957  2.258936;
2418915  0.095393  1.860108;
2424022  0.114424  1.846501;
2429110  0.138803  1.778475;
2434165  0.167637  1.768423;
2439195  0.177607  1.763698;
2444343  0.176315 -0.537512;
2449352  0.168273 -2.396547;
2454427  0.150431 -5.371162;
2459472  0.117012 -5.493539;
2464618  0.079709 -5.197123;
2469727  0.041776 -4.200579;
2474735  0.016206 -4.146127;
2479816 -0.008475 -4.094156;
2484860 -0.031423 -3.111712;
2489971 -0.053510 -2.293831;
2495023 -0.070935 -1.541089;
2500207 -0.086540 -1.539049;
2505362 -0.102552 -1.532935;
2510407 -0.110448 -0.307453;
2515525 -0.111319  0.542910;
2520605 -0.111930  0.851487;
2525654 -0.109667  0.876770;
2530743 -0.085911  0.879688;
2535852 -0.060723  5.622148;
2540864 -0.030094  5.622148;
2545979 -0.005479  5.269925;
2550984  0.029013  4.379777;
2556047  0.056726  3.477305;
2561169  0.079234  3.466237;
2566181  0.106578  3.466024;
2571332  0.132724  2.238790;
2576426  0.150432  1.694419;
2581511  0.179455  1.337696;
2586549  0.204584  1.334640;
2591553  0.204829  1.305273;
2596726  0.193689 -3.481736;
2601793  0.160730 -6.497814;
2606821  0.129492 -7.985184;
2611843  0.094578 -6.652080;
2616934  0.061432 -6.609178;
2622047  0.032882 -5.569888;
2627068 -0.000670 -5.477695;
2632226 -0.030054 -5.477695;
2637384 -0.059373 -3.478002;
2642496 -0.083101 -2.254276;
2647509 -0.104979 -1.567699;
2652588 -0.124251 -1.560534;
2657680 -0.140017 -1.523366;
2662788 -0.154151 -0.466039;
2667953 -0.167122  0.318119;
2673018 -0.178699  0.646811;
2678023 -0.177950  0.652527;
2683102 -0.168002  0.694883;
2688185 -0.144338  3.281614;
2693265 -0.104087  8.156036;
2698420 -0.053854  6.915884;
2703549 -0.020430  6.148562;
2708735  0.011219  4.790494;
2713802  0.043221  4.782584;
2718956  0.079013  4.782449;
2724032  0.111998  3.289879;
2729143  0.139329  2.716486;
2734191  0.180505  2.106728;
2739304  0.214660  2.082333;
2744428  0.220958  2.055608;
2749444  0.217335 -2.355804;
2754540  0.218115 -5.726321;
2759689  0.193349 -7.618858;
2764801  0.142345 -7.866791;
2769914  0.105678 -6.955025;
2774995  0.079386 -5.944641;
2780040  0.049845 -5.802546;
2785126  0.009345 -5.802546;
2790161 -0.022865 -3.700691;
2795280 -0.046296 -2.731921;
2800390 -0.069220 -2.293411;
2805470 -0.087500 -2.279599;
2810511 -0.105092 -2.253194;
2820162 -0.160117 -0.877794;
2825824 -0.160117 -0.090034;
2830826 -0.176699  0.537419;
2835980 -0.188369  0.571334;
2841114 -0.176551  0.620420;
2846171 -0.148084  3.849927;
2851241 -0.112671  8.751586;
2856255 -0.077128  6.871395;
2861423 -0.036428  5.725269;
2866554 -0.001382  4.503685;
2871578  0.037291  4.498105;
2876749  0.077497  4.497652;
2881800  0.118959  3.471775;
2886934  0.152556  2.618921;
2892011  0.176830  2.130496;
2897065  0.193354  2.103533;
2902189  0.207295  2.094677;
2907338  0.200856 -3.044343;
2912409  0.169190 -6.442887;
2917483  0.135759 -8.714355;
2922484  0.104942 -8.797354;
2927653  0.074568 -6.524809;
2932766  0.029877 -6.485536;
2937926 -0.005510 -6.445249;
2943042 -0.041143 -6.445249;
2948057 -0.072527 -4.509438;
2953062 -0.101531 -3.289829;
2958077 -0.139800 -2.519610;
2963127 -0.149701 -2.492975;
2968199 -0.166533 -2.483377;
2973308 -0.180148 -1.164784;
2978390 -0.184423  2.570518;
2983433 -0.154538  4.475303;
2988511 -0.123496  4.486910;
2993530 -0.088207  4.490706;
2998617 -0.050071  6.187088;
3003667 -0.010099  6.186475;
3008682  0.031896  5.326063;
3013701  0.067130  4.038320;
3018730  0.099671  3.419298;
3023887  0.125675  3.406544;
3029535  0.152340  3.401765;
3034615  0.187150  2.010513;
3039737  0.227067  1.219716;
3044781  0.231890 -0.627558;
3049817  0.216465 -0.639813;
3054850  0.200563 -0.769707;
3060011  0.177103 -9.025843;
3065057  0.132205 -9.025843;
3070167  0.097090 -8.911723;
3075323  0.055912 -8.546946;
3080390  0.019755 -7.065226;
3085396 -0.018368 -5.553997;
3090557 -0.046824 -5.553997;
3095694 -0.081951 -5.553997;
3100748 -0.108720 -3.330902;
3105858 -0.135557 -1.482971;
3110873 -0.153799 -1.038145;
3116037 -0.167260 -0.949784;
3121571 -0.164329 -0.949784;
3126735 -0.163342  3.481755;
3132972 -0.162420  5.190351;
3139931 -0.150405  7.558574;
3145069 -0.100185  6.305711;
3150072 -0.068519  5.630577;
3155117 -0.032186  5.628983;
3160251  0.000948  5.624856;
3165342  0.037332  3.742646;
3170377  0.074460  3.484504;
3175471  0.105414  2.941534;
3180605  0.139803  2.923448;
3185679  0.165958  2.918779;
3190688  0.184060  0.684578;
3195712  0.185910 -2.439081;
3200801  0.184236 -6.732412;
3205959  0.165720 -6.880665;
3210975  0.131794 -6.993923;
3216109  0.098611 -6.307078;
3221240  0.064647 -6.291413;
3226372  0.030232 -6.183529;
3231525 -0.002818 -4.651883;
3236628 -0.031990 -3.798190;
3241732 -0.060880 -2.869372;
3246753 -0.088256 -2.851757;
3251774 -0.106908 -2.844143;
3256784 -0.125023 -1.398050;
3261799 -0.143099 -0.220298;
3267153 -0.158895  0.916450;
3272235 -0.180378  0.926582;
3277301 -0.183933  0.926943;
3282361 -0.167058  3.559629;
3287433 -0.143018  6.282096;
3292460 -0.105100  7.113449;
3298203 -0.067517  6.244205;
3305050 -0.022259  4.808915;
3310114  0.031700  4.800674;
3315149  0.071685  4.798404;
3320268  0.103600  3.554242;
3325427  0.136439  3.149700;
3330470  0.163548  2.355386;
3335601  0.197862  2.329651;
3340602  0.232775  2.308463;
3345624  0.238095 -1.497314;
3351854  0.243438 -5.813181;
3356926  0.222007 -8.492698;
3362023  0.188802 -8.697312;
3367066  0.153215 -6.722966;
3372143  0.108997 -5.950777;
3377612  0.072387 -5.831912;
3382632  0.031906 -5.831912;
3387630  0.001417 -4.370965;
3392725 -0.028442 -3.442631;
3397778 -0.058881 -2.460012;
3402798 -0.088028 -2.433543;
3407804 -0.116984 -2.393277;
3412906 -0.143109 -1.375390;
3417985 -0.169734 -0.559247;
3423036 -0.189376 -0.140053;
3428066 -0.208911 -0.135353;
3433192 -0.218918 -0.119591;
3438269 -0.214913  0.927525;
3443279 -0.209395  4.714612;
3448294 -0.200623  6.042007;
3453362 -0.176185  6.045983;
3458501 -0.151489  6.046633;
3463507 -0.124877  6.276356;
3469466 -0.098954  6.273296;
3475276 -0.064230  5.010462;
3480362 -0.030374  4.232224;
3485414  0.000933  3.360079;
3490523  0.025359  3.344728;
3495984  0.054350  3.337226;
3501118  0.085339  2.336509;
3506170  0.114590  1.365590;
3511304  0.117149 -0.660403;
3516418  0.119750 -0.671373;
3521571  0.105476 -0.700779;
3526685  0.073747 -7.205286;
3531838  0.047059 -7.191992;
3537893  0.020167 -7.089782;
3545086 -0.005838 -5.170580;
3550090 -0.036512 -3.763504;
3556031 -0.053152 -2.662380;
3561023 -0.071231 -2.662380;
3566066 -0.082420 -2.612016;
3571165 -0.082406 -1.076319;
3576183 -0.089554 -0.799454;
3581326 -0.095516  0.300146;
3586418 -0.101155  0.300146;
3591492 -0.103395  0.312988;
3596652 -0.106905  0.995919;
3601733 -0.107757  1.465810;
3606756 -0.103709  1.616089;
3611768 -0.099861  1.624802;
3616801 -0.094720  1.624802;
3621834 -0.085985  2.512825;
3626894 -0.072178  2.734492;
3632036 -0.057756  2.793528;
3637163 -0.042512  2.523072;
3642225 -0.014202  1.947404;
3647840  0.013750  1.945283;
3654559  0.033354  1.943161;
3659684  0.068356  0.606551;
3669667  0.068356  0.582791;
3674871  0.080958  0.514918;
3679997  0.089116  0.500904;
3685086  0.099539  0.467182;
3690142  0.090968 -3.634684;
3695221  0.077435 -4.331145;
3700307  0.058606 -4.233843;
3705305  0.036879 -3.550526;
3710413  0.023043 -3.280790;
3715424  0.008903 -2.006917;
3720442  0.003065 -1.994577;
3725465 -0.002782 -1.987081;
3730567 -0.006334 -0.934241;
3735619 -0.009941 -0.001715;
3740705 -0.012318  0.229690;
3745868 -0.014711  0.229690;
3750916 -0.019269  0.229690;
3756065 -0.023725  0.406270;
3761160 -0.025715  0.419858;
3766239 -0.027684  0.607541;
3771293 -0.027011  0.623230;
3776422 -0.023139  0.623230;
3781464 -0.013728  0.957862;
3786559 -0.005054  0.954962;
3791710 -0.000605  0.743864;
3796756  0.003616  0.418111;
3801815  0.014493  0.299271;
3806924  0.011495  0.296064;
3812063  0.005464  0.290042;
3817197  0.006106 -0.910661;
3822231 -0.003011 -0.907072;
3827291 -0.009338 -0.907072;
3832367 -0.012568 -0.879030;
3837421 -0.014879 -0.587431;
3842533 -0.017797 -0.123140;
3847618 -0.017119 -0.120580;
3852781 -0.016639 -0.114186;
3857836 -0.019778 -0.005675;
3862852 -0.024741  0.167368;
3867929 -0.020132  0.435168;
3872949 -0.014654  0.392228;
3878178 -0.009236  0.002287;
3883342 -0.008104  0.001031;
3888430 -0.007459 -0.003159;
3893573 -0.005775 -0.271292;
3898720 -0.002659 -0.379642;
3903832 -0.004805 -0.416876;
3908943 -0.004791 -0.423976;
3913973  0.005484 -0.386708;
3919115  0.004692 -0.266512;
3924263  0.005452 -0.266512;
3929341  0.011793 -0.266512;
3934489  0.018242  0.091714;
3939530  0.020733  0.089646;
3944569  0.020208 -0.412888;
3949675  0.015875 -0.426418;
3954818  0.011914 -0.477151;
3959919  0.002859 -0.434857;
3964941  0.004275 -0.421755;
3969986  0.006168 -0.317180;
3975111  0.007838 -0.316305;
3980172  0.009222 -0.309744;
3985245  0.011747  0.064247;
3990285  0.014743  0.308579;
3995398  0.019259  0.147715;
4000502  0.022005  0.066323;
4005543  0.022058 -0.231872;
4010636  0.021572 -0.236199;
4015745  0.017387 -0.238797;
4020824  0.011630 -0.579355;
4025905  0.015560 -0.564855;
4031026  0.016117 -0.561238;
4036144  0.016210 -0.337825;
4041307  0.016615 -0.049764;
4046442  0.017772 -0.040471;
4051604  0.018257 -0.040471;
4056735  0.022369 -0.037524;
4061751  0.024029 -0.040050;
4066851  0.026493 -0.040471;
4071895  0.028337 -0.333001;
4076963  0.028313 -0.336385;
4082130  0.029178 -0.468344;
4087132  0.026865 -0.475936;
4092278  0.023023 -0.398047;
4097414  0.022998 -0.346484;
4102497  0.022973 -0.466559;
4107663  0.028691 -0.466559;
4112773  0.038170 -0.334632;
4117828  0.038184  0.095517;
4122889  0.036925 -0.335070;
4127972  0.039103 -0.348606;
4133012  0.039233 -0.591647;
4138100  0.032399 -0.473323;
4143215  0.025500 -0.470387;
4148329  0.021375 -0.461683;
4153373  0.024474 -0.461683;
4158483  0.025027 -0.449650;
4163600  0.024690 -0.334632;
4168722  0.016189 -0.176966;
4173791  0.021052 -0.349564;
4178813  0.024548 -0.487633;
4184105  0.028013 -0.674406;
4192563  0.026492 -0.667117;
4197586  0.023546 -0.668034;
4202588  0.020032 -0.487633;
4207605  0.014166 -0.487633;
4212699  0.006559 -0.487633;
4217746 -0.000854 -0.348684;
4222835  0.000894 -0.348684;
4227918  0.000753 -0.112925;
4232931 -0.003773 -0.112925;
4237942 -0.010073 -0.112925;
4242963 -0.007649  0.040262;
4247966 -0.004684  0.038592;
4253520 -0.001423 -0.074338;
4258537 -0.003485 -0.546120;
4263584 -0.005003 -0.688472;
4268616 -0.011115 -0.546120;
4273765 -0.017208 -0.383316;
4278768 -0.020181 -0.116316;
4283896 -0.023070 -0.114612;
4288941 -0.024543 -0.113334;
4295117 -0.025992  0.285794;
4304236 -0.029181  0.377507;
4309309 -0.027833  0.445465;
4314473 -0.027586  0.323154;
4324480 -0.022920  0.285794;
4329905 -0.033205  0.284183;
4338619 -0.038780  0.270058;
4345478 -0.047470 -0.003925;
4351639 -0.053210 -0.000988;
4356957 -0.052346  0.001946;
4362063 -0.054848  0.192484;
4367205 -0.049845  0.189626;
4372264 -0.047593  0.157710;
4377309 -0.041400 -0.024737;
4382344 -0.035186 -0.023475;
4387440 -0.030905 -0.024737;
4392556 -0.031008  0.099992;
4397725 -0.038648  0.138160;
4402825 -0.035438  0.142681;
4407862 -0.032776  0.143092;
4413382 -0.030493  0.142681;
4418437 -0.026222  0.142681;
4423978 -0.023237  0.029549;
4429029 -0.027239 -0.024737;
4434166 -0.024603 -0.162032;
4439332 -0.018942 -0.020952;
4444494 -0.012815  0.033306;
4449528 -0.009294  0.098081;
4454610 -0.005322  0.098081;
4459774 -0.000963 -0.017171;
4465762  0.002521 -0.021793;
4470772  0.007154 -0.026841;
4475830  0.015123  0.093534;
4480971  0.020350  0.097668;
4486106  0.023817  0.097668;
4491157  0.026419  0.095188;
4496250  0.028361  0.093534;
4501464  0.030047 -0.228196;
4506769  0.032131 -0.528987;
4511842  0.032389 -0.528087;
4516912  0.032210 -0.315753;
4521959  0.030676 -0.224737;
4526999  0.032847 -0.041295;
4532109  0.037824 -0.041295;
4537172  0.042325 -0.227692;
4542314  0.048059 -0.231585;
4547480  0.055295 -0.231585;
4552602  0.058346 -0.684379;
4557679  0.051988 -0.684379;
4562767  0.048010 -0.684379;
4567798  0.052801 -0.542290;
4572927  0.054160 -0.518599;
4577985  0.053548 -0.234258;
4583093  0.050589 -0.229494;
4588129  0.051383 -0.232884;
4593168  0.058009 -0.229494;
4598258  0.060639 -0.234258;
4603354  0.055408 -0.476186;
4609321  0.057950 -0.469915;
4614485  0.062704 -0.469467;
4619503  0.053889 -0.357934;
4624538  0.056622 -0.256084;
4629682  0.061556 -0.273560;
4634811  0.058822 -0.344726;
4639835  0.050732 -0.449738;
4644964  0.048713 -0.449738;
4649988  0.049589 -0.344726;
4655084  0.046956 -0.277916;
4660161  0.045065 -0.277481;
4665255  0.043218 -0.271819;
4670353  0.051554 -0.166748;
4675420  0.046354 -0.172330;
4680440  0.044395 -0.420868;
4685573  0.045980 -0.444840;
4690719  0.040783 -0.627527;
4695776  0.033884 -0.630717;
4700831  0.034477 -0.455982;
4705946  0.030787 -0.427086;
4710972  0.024983 -0.420868;
4715982  0.022926 -0.569814;
4721109  0.012614 -0.576154;
4726135 -0.005962 -0.587046;
4731976 -0.008749 -0.427086;
4740764 -0.013905 -0.426197;
4750309 -0.021662 -0.412888;
4755383 -0.031836 -0.091291;
4760485 -0.031241  0.057813;
4766291 -0.040418  0.456972;
4774087 -0.050861  0.277047;
4779562 -0.050720 -0.092564;
4784795 -0.047947 -0.094686;
4789865 -0.053804 -0.104890;
4794970 -0.063543 -0.213362;
4800054 -0.064581 -0.186177;
4805138 -0.069534 -0.186177;
4810246 -0.072043  0.451613;
4815769 -0.068363  0.794945;
4821680 -0.065565  0.740149;
4826773 -0.061036  0.580348;
4831875 -0.056512  0.451220;
4837018 -0.049371  0.450828;
4842117 -0.041583  0.444931;
4847879 -0.045461 -0.225309;
4856977 -0.049360 -0.225309;
4862022 -0.053779 -0.217529;
4874133 -0.054292 -0.078587;
4879267 -0.051691  0.094361;
4884407 -0.051691  0.079963;
4889512 -0.053207  0.001946;
4895496 -0.054868  0.001946;
4900584 -0.048593  0.001108;
4905597 -0.047453  0.079134;
4910626 -0.047821  0.070688;
4915635 -0.041498  0.070688;
4920641 -0.041498  0.076910;
4925722 -0.031510  0.246506;
4930763 -0.023972  0.389908;
4935879 -0.024265  0.240433;
4940985 -0.025071  0.053176;
4946128 -0.017612  0.054423;
4951224 -0.013162  0.056566;
4956320 -0.013887  0.109994;
4961366 -0.012355  0.051159;
4966445  0.002373  0.056566;
4972595  0.002373  0.032835;
4978013  0.007226  0.032835;
4983157  0.018160  0.032835;
4988322  0.017546 -0.016811;
4993437  0.013775 -0.074357;
4998460  0.016484 -0.311158;
5003503  0.028768 -0.312032;
5008600  0.034595 -0.271542;
5013612  0.033948 -0.329538;
5018654  0.031857 -0.505714;
5023809  0.035143 -0.491822;
5028834  0.037519 -0.413773;
5033997  0.038990 -0.319024;
5039145  0.042709 -0.088747;
5044162  0.045593 -0.088747;
5049219  0.051351 -0.085358;
5054368  0.054994  0.219625;
5059860  0.058703  0.219625;
5064956  0.064001 -0.006585;
5070042  0.068917 -0.358757;
5075112  0.074483 -0.412888;
5080193  0.074884 -0.412888;
5085268  0.067684 -0.420868;
5090353  0.068977 -1.176658;
5095490  0.072484 -1.176658;
5100640  0.064460 -1.164480;
5105755  0.065025 -0.415587;
5110841  0.066366 -0.011974;
5115916  0.066070 -0.173009;
5121079  0.064651 -0.403181;
5126211  0.063877 -0.447158;
5131312  0.065458 -0.441900;
5137086  0.067030 -0.408050;
5142107  0.069427 -0.179019;
5147261  0.073388 -0.179019;
5152349  0.077455 -0.179019;
5157381  0.082402 -0.138828;
5162514  0.081571 -0.140967;
5167596  0.080723 -0.454824;
5172755  0.075151 -0.749592;
5177922  0.067132 -1.098034;
5183006  0.061230 -1.101421;
5188158  0.055423 -1.112085;
5193260  0.047925 -0.752838;
5198272  0.035827 -0.748202;
5203340  0.031441 -0.748202;
5208369  0.031107 -0.046325;
5213440  0.038953  0.008018;
5218441  0.046864  0.067090;
5223456  0.040197 -0.048438;
5228474  0.037225 -0.618417;
5233547  0.026054 -0.435370;
5238567  0.014760 -0.436706;
5243588  0.008835 -0.398064;
5248631  0.000072 -0.646261;
5253643 -0.005073 -0.646261;
5258713 -0.015504 -0.586104;
5263831 -0.015954 -0.587920;
5268944 -0.020979 -0.443760;
5274022 -0.026000 -0.433968;
5279092 -0.027653 -0.432635;
5284116 -0.027638  0.575021;
5289174 -0.026244  1.003766;
5294575 -0.023759  1.197232;
5302013 -0.021105  1.197232;
5307094 -0.011772  1.198625;
5312228 -0.008112  1.477524;
5317292  0.010949  2.411301;
5322437  0.032881  3.709372;
5327498  0.057717  3.711345;
5332630  0.105289  3.711345;
5337752  0.157603  5.153704;
5343044  0.205905  5.152583;
5349019  0.251043  4.234392;
5354019  0.310217  2.865186;
5359052  0.350880  2.489763;
5364094  0.390774  2.468112;
5369254  0.434549  2.434143;
5374411  0.487503  1.158987;
5379462  0.530348 -0.926393;
5385007  0.542932 -4.903583;
5391289  0.552640 -5.014383;
5396735  0.506142 -5.034357;
5401950  0.461675 -9.509776;
5407095  0.409739 -9.545109;
5412200  0.373660 -9.495498;
5417256  0.337861 -9.460258;
5422423  0.279519 -8.586367;
5427506  0.244666 -6.321110;
5432588  0.210457 -6.285923;
5437626  0.174083 -6.277349;
5442712  0.141407 -4.228244;
5448528  0.107282 -2.041159;
5456357  0.107282 -1.289786;
5464797  0.067502 -1.280883;
5470241 -0.022672 -1.269043;
5477433 -0.022672  0.246663;
5482527 -0.053946  1.083171;
5487611 -0.070924  0.702739;
5492613 -0.089189  0.342331;
5497631 -0.112963  0.255556;
5502760 -0.136239  0.347114;
5507819 -0.156819  0.409592;
5512903 -0.173218  0.342331;
5517914 -0.194393  0.209998;
5522922 -0.221232 -0.105266;
5527987 -0.248322 -0.119319;
5533011 -0.278582 -0.122307;
5538159 -0.310668 -0.361600;
5543199 -0.333957 -0.346613;
5548284 -0.355681 -0.340459;
5553321 -0.378297 -0.100635;
5559513 -0.400699  0.136926;
5564610 -0.420345  0.271403;
5569686 -0.421264  0.274629;
5574756 -0.426287  0.281072;
5579822 -0.406496  0.888907;
5584938 -0.370363  7.176227;
5590018 -0.316455  10.679369;
5595054 -0.264361  10.679369;
5600056 -0.185539  10.669796;
5605153 -0.097322  10.672131;
5610276 -0.034510  10.679369;
5615351  0.029757  7.838489;
5620404  0.100357  5.530744;
5625514  0.144498  4.196445;
5630661  0.201307  4.174159;
5635742  0.249648  4.156869;
5640862  0.276619 -2.426220;
5645894  0.271083 -4.975959;
5650914  0.246091 -7.164742;
5655958  0.232540 -7.177869;
5660994  0.219154 -7.404729;
5666056  0.197794 -6.993068;
5671073  0.171919 -6.970202;
5676135  0.149146 -6.968572;
5681210  0.135442 -5.861032;
5686272  0.121742 -4.578116;
5691287  0.109778 -3.683394;
5696382  0.100336 -3.660545;
5701440  0.095139 -3.644103;
5706585  0.089902 -2.084400;
5711674  0.074717 -2.098533;
5716752  0.060388 -2.246912;
5721834  0.041200 -2.246912;
5726847  0.041200 -2.212681;
5732014  0.010480 -1.999954;
5737095 -0.006183 -1.478906;
5742238 -0.006183 -0.993226;
5747269 -0.025103 -0.993226;
5752298 -0.025103 -0.982255;
5757348 -0.033918 -0.298927;
5762459 -0.043580  0.165730;
5769904 -0.044814  1.442830;
5774927 -0.046101  1.445165;
5780027 -0.034622  1.455486;
5785165 -0.022967  1.632304;
5790326 -0.009578  1.632304;
5795420  0.003870  1.646458;
5800433  0.007968  1.512341;
5805560  0.012000  0.885463;
5810617  0.018276  0.883636;
5815682  0.024467  0.865305;
5825726  0.024790  0.638843;
5830835  0.014698  0.638843;
5835876  0.018456  0.638843;
5840894  0.027744  0.858836;
5845911  0.036989  1.262065;
5850948  0.039263  1.399825;
5856058  0.041546  0.858469;
5861140  0.060401  0.138242;
5866419  0.079152  0.132920;
5872487  0.071591  0.084657;
5878261  0.062900 -3.450332;
5883301  0.040128 -3.540622;
5888421  0.020252 -3.505126;
5893447  0.003343 -3.415125;
5898506 -0.013256 -2.643024;
5903558 -0.031431 -1.288710;
5908666 -0.039631 -1.288710;
5913716 -0.052250 -1.287720;
5918812 -0.064726 -0.434925;
5923813 -0.080117 -0.190639;
5928816 -0.087509 -0.084518;
5937185 -0.094675 -0.065068;
5942125 -0.106662 -0.065068;
5950091 -0.109024  0.839169;
5955242 -0.122805  0.835467;
5960357 -0.127784  0.338339;
5965452 -0.136516  0.338339;
5971723 -0.139186  0.338339;
5976951 -0.142471  0.636609;
5982040 -0.145889  0.670617;
5987092 -0.149215  1.008612;
5992124 -0.150320  1.009332;
5997197 -0.153955  1.030498;
6002359 -0.151385  1.029050;
6007383 -0.148770  1.237518;
6012478 -0.140357  1.291060;
6017625 -0.134197  1.298256;
6022732 -0.130922  1.302359;
6027841 -0.118588  1.815530;
6032894 -0.106250  1.813658;
6038546 -0.092504  1.785103;
6043596 -0.077129  1.227837;
6048651 -0.066436  1.214929;
6053748 -0.054923  1.228530;
6058799 -0.043275  1.228530;
6063853 -0.033622  1.180231;
6069002 -0.020297  0.911753;
6074023 -0.013876  0.687661;
6079141 -0.011026  0.655736;
6084232 -0.008902  0.655736;
6089351 -0.002631 -1.018278;
6094456  0.006371 -1.018278;
6099603  0.015076 -1.000573;
6104679  0.025345 -0.274961;
6109682  0.037991  0.159580;
6114687  0.048584  0.551914;
6119837  0.054290  0.284989;
6124949  0.060044 -0.267996;
6130076  0.064898 -0.269736;
6135232  0.064129 -0.277140;
6140381  0.062136 -1.425123;
6145547  0.062072 -1.415586;
6150590  0.062954 -1.415084;
6155629  0.067588 -0.891990;
6160775  0.075872 -0.330295;
6165919  0.084764  0.166840;
6171027  0.095145  0.171748;
6176093  0.105453  0.177058;
6181152  0.107246  0.171748;
6186172  0.109037  0.166840;
6191210  0.114454 -0.909462;
6196313  0.116160 -1.713800;
6201337  0.097087 -1.713800;
6206490  0.088587 -1.628898;
6211545  0.089231 -1.578244;
6216675  0.081605 -1.191095;
6221789  0.076097 -1.191095;
6226925  0.077478 -1.191095;
6232043  0.080943 -0.182888;
6237095  0.077519 -0.064167;
6242172  0.076993 -0.182888;
6247265  0.074837 -0.606379;
6252407  0.071274 -0.633454;
6257557  0.068031 -0.641676;
6262680  0.064782 -0.615940;
6267781  0.062802 -0.584077;
6272919  0.061882 -0.575009;
6278042  0.061151 -0.560094;
6283120  0.061908 -0.167865;
6288196  0.057542 -0.029392;
6294753  0.053178 -0.190639;
6300016  0.043836 -0.641676;
6305120  0.037704 -0.742934;
6310286  0.030627 -0.645707;
6315445  0.023465 -0.638934;
6320511  0.015563 -0.324952;
6325551  0.007805 -0.324952;
6330572  0.008126 -0.324952;
6335578  0.008447 -0.209647;
6340585  0.000742 -0.209647;
6345596 -0.006965 -0.374620;
6350651 -0.008940 -0.470245;
6355673 -0.010932 -0.464885;
6360748 -0.016630 -0.371089;
6365772 -0.022388  0.262755;
6372383 -0.022911  0.256767;
6378002 -0.026425 -0.349534;
6383148 -0.029412 -0.349534;
6388180 -0.032619 -0.147295;
6393607 -0.034948  0.048784;
6398654 -0.035886  0.042765;
6403700 -0.038838 -0.147295;
6408785 -0.042021 -0.151938;
6413791 -0.044375 -0.151938;
6418801 -0.044781 -0.147295;
6423885 -0.052110 -0.156652;
6429024 -0.056481 -0.156652;
6434065 -0.060900 -0.156652;
6439206 -0.063310  0.040262;
6444287 -0.065768  0.176161;
6449406 -0.065986  0.368177;
6454425 -0.066207  0.119824;
6459495 -0.063932  0.135484;
6464638 -0.061634  0.119824;
6469746 -0.058676  0.119824;
6474800 -0.055737  0.167540;
6479949 -0.056996  0.167540;
6484972 -0.058279  0.059059;
6490091 -0.053740  0.054904;
6495178 -0.049115  0.054072;
6501286 -0.042732 -0.078587;
6506335 -0.045233 -0.115872;
6511427 -0.039746 -0.114595;
6516509 -0.042413 -0.078587;
6521648 -0.049537 -0.085372;
6526678 -0.049484 -0.281744;
6531802 -0.042712 -0.276079;
6536860 -0.047782 -0.296412;
6542431 -0.052788 -0.302092;
6547442 -0.055281 -0.302092;
6552482 -0.051327 -0.274337;
6557651 -0.050544 -0.274337;
6562768 -0.052305 -0.274337;
6567882 -0.051470 -0.094694;
6573041 -0.047864  0.146182;
6578106 -0.042848  0.313177;
6583231 -0.039625  0.324379;
6588321 -0.037655  0.324379;
6593454 -0.033017  0.637102;
6598493 -0.025793  0.657472;
6603636 -0.016662  0.826107;
6608710 -0.006166  0.826107;
6613846  0.003183  0.641294;
6618899  0.010411  0.639389;
6623953  0.017523  0.639008;
6629121  0.020276 -0.464363;
6634248  0.023092 -1.272651;
6639289  0.024672 -1.272651;
6644416  0.026225 -0.940120;
6649433  0.029722 -0.466150;
6654535  0.033145 -0.377878;
6659567  0.039040 -0.373471;
6664618  0.044854 -0.372590;
6669705  0.054662  0.460109;
6674750  0.064540  0.456187;
6679753  0.073488 -0.058247;
6684850  0.082363 -0.927804;
6689941  0.088486 -0.931181;
6695080  0.086440 -0.943027;
6700242  0.084375 -0.951578;
6705263  0.087109 -0.939646;
6711414  0.089767 -0.939646;
6716418  0.086498 -0.936327;
6721503  0.093044 -0.912592;
6726592  0.091078 -0.918270;
6731650  0.089111 -0.999404;
6736754  0.089396 -1.159321;
6741763  0.089683 -1.156887;
6746857  0.085682 -0.984596;
6753833  0.069131 -0.954176;
6758938  0.065689 -0.594656;
6764078  0.065002 -0.588757;
6769117  0.059641 -0.588757;
6774127  0.057616 -0.446621;
6779186  0.057133 -0.424864;
6784196  0.053440 -0.452413;
6789277  0.054027 -0.452413;
6794391  0.046983 -0.489676;
6799491  0.041961 -0.490572;
6804592  0.037109 -0.490572;
6809596  0.032996 -0.472103;
6814757  0.027471 -0.472103;
6819851  0.019842 -0.472103;
6824875  0.019895 -0.472103;
6829952  0.015307 -0.398932;
6834966  0.008810 -0.381401;
6840141  0.007600 -0.479706;
6845294  0.010537 -0.472103;
6850406  0.007248 -0.381401;
6855569  0.002189 -0.269484;
6860698 -0.005994 -0.252004;
6865723 -0.012401 -0.248532;
6870754 -0.018256 -0.246797;
6875755 -0.020969 -0.027708;
6881288 -0.023665  0.002824;
6886349 -0.026986  0.029549;
6891449 -0.028517  0.019370;
6896460 -0.036289 -0.025184;
6901572 -0.037538 -0.027287;
6906672 -0.043767 -0.028129;
6911755 -0.049982 -0.023895;
6916932 -0.055672 -0.021372;
6922880 -0.061466 -0.020111;
6927901 -0.067943 -0.009940;
6932902 -0.070305 -0.011199;
6937909 -0.073383  0.031219;
6943144 -0.076809 -0.111632;
6948284 -0.082149 -0.110781;
6953361 -0.087393 -0.029441;
6958457 -0.085363  0.034974;
6963481 -0.083326  0.092541;
6968508 -0.083389  0.092541;
6973576 -0.077964  0.092541;
6978628 -0.072495  0.391041;
6983764 -0.072866  0.540339;
6988835 -0.073244  0.385096;
6994000 -0.067772  0.051865;
6999171 -0.062198 -0.026076;
7004243 -0.061749 -0.032387;
