391687  0.000000  97.045494  0.000000;
405951  0.000000  2.937394  0.000000;
411157  0.000000  2.952904  0.000000;
416175  0.000000  2.982047  0.000000;
421332  0.000000  2.982047  0.000000;
426356  0.000000  2.982047  0.000000;
431516  0.000000  3.005370  0.000000;
436670  3.041945  3.037952  3.037952;
441723  3.046523  3.081479  3.081479;
446871  3.047154  3.081479  3.081479;
451879  3.044693  3.083601  3.083601;
456934  3.042375  3.159766  3.159766;
461986  3.041154  3.341643  3.341643;
467025  3.057982  3.371435  3.371435;
472171  3.097039  3.159766  3.159766;
477312  3.091515  3.168302  3.168303;
482479  3.086624  3.159766  3.159766;
487480  3.096341  3.156758  3.156758;
492636  3.111511  3.365516  3.365515;
497659  3.111958  3.374278  3.374278;
502710  3.116228  2.639275  2.639275;
507712  3.123992  3.184618  3.184618;
512742  3.130077  3.365516  3.365515;
517761  3.123909  3.524157  3.524157;
522921  3.133617  3.182775  3.182775;
527987  3.140209  3.193808  3.193808;
533112  3.146372  3.193808  3.193808;
538186  3.135393  3.473056  3.473056;
543331  3.140675  3.182775  3.182775;
548497  3.151647  3.117078  3.117078;
553647  3.163058  3.014752  3.014752;
558771  3.165471  3.117078  3.117078;
563913  3.162278  3.185309  3.185309;
568981  3.149810  3.255682  3.255682;
574059  3.136593  3.255682  3.255682;
579087  3.155485  3.140365  3.140366;
584169  3.182635  3.250056  3.250056;
589291  3.187266  3.362175  3.362175;
594408  3.179969  3.292601  3.292601;
599470  3.181975  3.238073  3.238073;
604625  3.211743  2.968945  2.968945;
609686  3.206406  3.238073  3.238073;
614861  3.205415  3.278463  3.278463;
619861  3.233083  3.203517  3.203517;
624977  3.256684  3.016626  3.016626;
630137  3.259432  2.974954  2.974954;
635292  3.265040  3.017825  3.017825;
640370  3.285832  3.096147  3.096147;
645443  3.305576  3.245091  3.245091;
650538  3.307372  3.245091  3.245091;
655695  3.320182  3.245091  3.245091;
660705  3.336297  3.251894  3.251894;
665727  3.339256  3.536467  3.536467;
670870  3.354182  3.582294  3.582294;
675955  3.373081  3.480506  3.480506;
680957  3.389941  3.480506  3.480506;
685988  3.407405  3.582707  3.582707;
691148  3.427236  3.582294  3.582294;
696204  3.455493  3.237858  3.237858;
701249  3.485959  3.060362  3.060362;
706252  3.518322  3.060362  3.060362;
711329  3.547094  3.237858  3.237858;
716345  3.582143  3.323219  3.323219;
721454  3.588245  3.561692  3.561692;
726504  3.616691  3.476270  3.476270;
731564  3.650166  3.273687  3.273687;
736718  3.673587  3.485835  3.485835;
741853  3.692723  3.561692  3.561692;
746937  3.727585  3.473284  3.473284;
752050  3.765476  3.429915  3.429914;
757205  3.799955  3.441540  3.441540;
762267  3.828341  3.485835  3.485835;
767291  3.854670  3.533812  3.533812;
772411  3.891079  3.564602  3.564602;
777564  3.931233  3.481378  3.481378;
782627  3.970072  3.485835  3.485835;
787838  4.005171  3.571028  3.571028;
792907  4.005171  3.816471  3.571028;
797933  4.039662  3.863262  3.816471;
802973  4.077391  3.867618  3.863262;
808041  4.111723  3.823336  3.867618;
813207  4.145936  3.818919  3.823336;
818254  4.196664  3.818150  3.818919;
823271  4.257782  3.863262  3.818150;
828321  4.321447  3.864589  3.863262;
833339  4.384336  3.864589  3.864589;
838492  4.438973  4.160110  3.864589;
843506  4.504678  4.147844  4.160110;
848519  4.588246  4.053450  4.147844;
853526  4.668200  4.053450  4.053450;
858694  4.739574  3.890551  4.053450;
863707  4.824841  4.057730  3.890551;
868761  4.896644  4.320542  4.057730;
873818  4.959736  4.343988  4.320542;
878833  5.027460  4.261939  4.343987;
883957  5.110164  4.269398  4.261939;
889070  5.194079  4.347210  4.269398;
894131  5.274496  4.750292  4.347210;
899282  5.352589  4.908357  4.750292;
904334  5.423813  4.908357  4.908357;
909452  5.509402  4.908357  4.908357;
914523  5.602009  4.903108  4.908357;
919524  5.708824  4.930550  4.903108;
924683  5.807102  5.134573  4.930550;
929767  5.890369  5.134573  5.134573;
934822  5.975802  5.134573  5.134573;
939919  6.057159  5.338334  5.134573;
944991  6.147363  5.416411  5.338334;
950092  6.247501  5.444336  5.416411;
955212  6.350548  5.448911  5.444336;
960228  6.436430  5.448911  5.448911;
965259  6.522673  5.830816  5.448911;
970267  6.619620  5.827980  5.830816;
975331  6.731263  5.528811  5.827980;
980377  6.855055  5.533249  5.528811;
985447  6.966890  5.538198  5.533249;
990514  7.064240  5.846217  5.538198;
995678  7.161533  6.430103  5.846218;
1000758  7.255643  6.251622  6.430103;
1005788  7.355900  6.251622  6.251622;
1010857  7.465921  6.251954  6.251622;
1015921  7.577182  6.518742  6.251954;
1021016  7.685125  7.090024  6.518742;
1026128  7.773738  7.072968  7.090024;
1031225  7.863700  7.072901  7.072968;
1036381  7.980167  6.960014  7.072901;
1041383  8.097943  7.072901  6.960014;
1046463  8.200059  7.158421  7.072901;
1051534  8.293879  7.465837  7.158422;
1056677  8.390512  7.465837  7.465837;
1061833  8.495978  7.465837  7.465837;
1066939  8.615683  7.592262  7.465837;
1072022  8.732200  7.899759  7.592262;
1077181  8.826890  8.383921  7.899759;
1082332  8.917207  8.155811  8.383921;
1087339  9.035379  8.155811  8.155811;
1092437  9.161180  8.162850  8.155811;
1097591  9.287671  8.173129  8.162849;
1102659  9.404418  8.230084  8.173129;
1107669  9.506760  8.230084  8.230083;
1112699  9.605750  8.230084  8.230083;
1117702  9.715618  8.595715  8.230083;
1122735  9.837422  8.749620  8.749620;
1127753  9.955692  8.852102  8.852102;
1132756  10.063076  8.848550  8.848551;
1137921  10.170139  8.848550  8.848551;
1143018  10.295731  9.173453  9.173452;
1148060  10.435699  9.179821  9.179821;
1153170  10.561493  9.320410  9.320410;
1158281  10.667842  9.310409  9.310409;
1163319  10.778347  9.310409  9.310409;
1168365  10.898234  9.562994  9.562994;
1173530  11.029367  9.863934  9.863935;
1178557  11.167260  9.887436  9.887436;
1183617  11.292412  9.886250  9.886250;
1188771  11.411355  9.882022  9.882023;
1193789  11.530620  10.430396  10.430396;
1198833  11.641757  10.455893  10.455893;
1203997  11.772530  10.436852  10.436852;
1209003  11.917254  10.430396  10.430396;
1214125  12.045552  10.430396  10.430396;
1219160  12.173421  10.629292  10.629292;
1224286  12.305805  11.036738  11.036738;
1229419  12.457722  11.237576  11.237576;
1234463  12.618231  11.237576  11.237576;
1239560  12.775956  11.237576  11.237576;
1244616  12.914951  11.411440  11.411440;
1249739  13.052752  12.189084  12.189084;
1254820  13.215255  12.019719  12.019718;
1259947  13.389458  11.574498  11.574498;
1265106  13.560933  11.537527  11.537527;
1270208  13.705479  11.703808  11.703809;
1275345  13.856372  12.005124  12.005124;
1280374  14.018064  12.407212  12.407211;
1285478  14.188796  12.407212  12.407211;
1290536  14.366282  12.390865  12.390864;
1295620  14.529657  12.711741  12.711740;
1300742  14.678427  13.250274  13.250274;
1305838  14.851259  13.648029  13.648029;
1310852  15.046750  12.876165  12.876165;
1315959  15.228531  12.850434  12.850434;
1321036  15.398324  13.432128  13.432128;
1326066  15.564562  13.648029  13.648029;
1331101  15.733292  14.128371  14.128371;
1336194  15.907378  14.128371  14.128371;
1341197  16.095757  14.128371  14.128371;
1346249  16.280806  14.301960  14.128371;
1351403  16.467089  14.332580  14.332580;
1356471  16.641356  15.637553  15.637552;
1361474  16.807531  15.620712  15.620712;
1366562  16.982460  15.246468  15.246468;
1371729  17.172710  15.315205  15.315206;
1376760  17.374868  15.501698  15.501698;
1381809  17.555422  15.641076  15.641076;
1386975  17.738974  15.641076  15.641076;
1392054  17.933126  15.641076  15.641076;
1397154  18.138046  16.348870  16.348869;
1402172  18.344980  16.369166  16.369167;
1407244  18.540964  16.507795  16.507795;
1412305  18.728487  16.502174  16.502174;
1417311  18.902584  16.502174  16.502174;
1422316  19.075592  17.429963  17.429962;
1427405  19.269272  17.433039  17.433039;
1432513  19.481819  17.602579  17.602579;
1437614  19.689196  17.553651  17.553652;
1442680  19.874832  17.553651  17.553652;
1447709  20.059195  18.183045  17.553652;
1452857  20.266357  18.592114  18.592113;
1457985  20.482155  18.545331  18.545332;
1462996  20.690538  18.526191  18.526192;
1468134  20.866129  18.469823  18.469824;
1473151  21.045776  19.069469  19.069469;
1478199  21.225714  19.823671  19.823671;
1483298  21.421135  19.641411  19.641411;
1488420  21.627834  19.641411  19.641411;
1493470  21.829952  19.641411  19.641411;
1498565  22.019592  20.137654  20.137653;
1503590  22.215706  20.885272  20.885271;
1508743  22.426310  20.753303  20.753304;
1513784  22.659704  20.207870  20.207870;
1518908  22.870285  20.137654  20.137653;
1524032  23.059458  20.680396  20.680395;
1529080  23.237209  20.998563  20.998564;
1534125  23.424616  21.415773  21.415773;
1539158  23.629395  21.415773  21.415773;
1544325  23.846403  21.415773  21.415773;
1549393  24.061735  21.499414  21.499414;
1554469  24.248957  22.152287  22.152287;
1559596  24.449337  22.776926  22.776926;
1564682  24.671848  22.535095  22.535095;
1569808  24.892075  22.481051  22.481050;
1574844  25.094194  22.675934  22.675934;
1580012  25.282347  22.722123  22.722122;
1585159  25.471210  23.764657  23.764658;
1590315  25.666655  23.701913  23.701912;
1595351  25.864998  23.701913  23.701912;
1600415  26.077101  23.928306  23.928307;
1605448  26.269855  24.109613  24.109613;
1610610  26.457897  24.208885  24.208885;
1615680  26.672707  24.208885  24.208885;
1620843  26.888758  24.208885  24.208885;
1625960  27.102781  24.698525  24.698524;
1630993  27.302788  24.754211  24.754211;
1636128  27.485720  25.623846  25.623846;
1641279  27.664125  25.623846  25.623846;
1646369  27.855709  25.607676  25.607676;
1651437  28.063093  25.656508  25.656507;
1656468  28.269581  25.756735  25.656507;
1661563  28.447792  26.199727  26.199728;
1666578  28.629749  26.199727  26.199728;
1671633  28.818304  26.199727  26.199728;
1676677  29.017971  27.027631  27.027630;
1681738  29.217667  27.260062  27.260061;
1686841  29.404861  27.283186  27.283186;
1691853  29.582039  27.217902  27.217901;
1696979  29.745689  27.217902  27.217901;
1702043  29.920849  27.633545  27.633545;
1707165  30.097059  28.140662  28.140661;
1712204  30.285688  28.288966  28.288965;
1717208  30.457144  28.288966  28.288965;
1725586  30.627409  28.288966  28.288965;
1730655  30.886063  28.632319  28.632318;
1735795  31.035786  29.337376  29.337376;
1740839  31.201771  29.179367  29.179367;
1745963  31.376514  29.179367  29.179367;
1751078  31.557550  29.179367  29.179367;
1756209  31.729404  29.501520  29.501520;
1761338  31.901796  30.040663  29.501520;
1766486  32.055878  30.649874  30.649874;
1771632  32.218781  30.643551  30.643551;
1776707  32.382565  30.632507  30.632507;
1781729  32.530220  30.638827  30.638828;
1787676  32.662914  31.212215  31.212215;
1792801  32.846470  30.807749  30.807749;
1797895  33.011658  30.807749  30.807749;
1803062  33.173164  30.807749  30.807749;
1808130  33.298923  31.139601  31.139601;
1813254  33.424866  31.861990  31.861990;
1818332  33.578796  31.661611  31.661612;
1823498  33.725842  31.661611  31.661612;
1828531  33.864155  31.624217  31.624216;
1833645  33.984344  31.906180  31.906179;
1838658  34.101864  32.619203  32.619202;
1843815  34.223454  32.310050  32.310051;
1848834  34.361370  32.160506  32.160507;
1853905  34.504982  32.160506  32.160507;
1858993  34.651127  32.315926  32.315926;
1864075  34.775116  32.563213  32.563213;
1869169  34.886353  33.243385  33.243385;
1874309  35.006523  33.243385  33.243385;
1879425  35.132408  33.243385  33.243385;
1884449  35.249779  33.434617  33.434616;
1889590  35.349468  33.551880  33.551880;
1894723  35.439785  34.190509  34.190510;
1899813  35.535564  33.718294  33.718292;
1904972  35.648994  33.527067  33.527069;
1910002  35.762821  33.726030  33.726028;
1915085  35.855293  33.970370  33.970371;
1920166  35.938923  34.228131  34.228130;
1925289  36.031792  34.228131  34.228130;
1930327  36.130943  34.228131  34.228130;
1935449  36.229408  35.043509  35.043510;
1940562  36.320877  35.092004  35.092003;
1945714  36.394348  35.122287  35.122288;
1950869  36.465271  34.985582  34.985580;
1955922  36.539463  34.985582  34.985580;
1960937  36.637413  35.019346  35.019344;
1966061  36.716671  35.048347  35.048347;
1971134  36.780598  35.178778  35.178780;
1976199  36.843735  35.178778  35.178780;
1981256  36.918098  35.178778  35.178780;
1986304  36.986092  35.641795  35.641796;
1991413  37.043598  35.808020  35.808022;
1996507  37.103321  36.066632  36.066631;
2001511  37.140160  35.991893  35.991894;
2006527  37.169090  35.814837  35.814838;
2011620  37.221638  35.889285  35.889286;
2016718  37.284557  36.027797  36.027798;
2021880  37.339561  36.123335  36.123337;
2026882  37.371220  36.123335  36.123337;
2031956  37.407967  36.123335  36.123337;
2037059  37.440205  36.455158  36.455158;
2042110  37.477615  36.519420  36.519421;
2047139  37.496292  36.523975  36.523975;
2052276  37.493389  36.468295  36.468296;
2057388  37.482502  36.468295  36.468296;
2062454  37.474125  36.523975  36.523975;
2067652  37.474373  36.639316  36.639317;
2072698  37.474625  36.476113  36.639317;
2077759  37.476757  36.476113  36.476112;
2082821  37.453861  36.476113  36.476112;
2087941  37.432621  36.879058  36.879059;
2093105  37.412273  36.973076  36.973076;
2098218  37.385719  36.938166  36.938164;
2103220  37.334095  36.732732  36.732731;
2108347  37.293407  36.712335  36.712334;
2113363  37.223991  36.714033  36.714035;
2118450  37.159832  36.732732  36.732731;
2123476  37.121559  36.880008  36.880009;
2128552  37.077606  36.618511  36.618511;
2133711  37.009811  36.618511  36.618511;
2138714  36.941578  36.785543  36.785542;
2143720  36.876705  36.922620  36.922619;
2148889  36.803997  36.774777  36.774776;
2154019  36.738628  36.428870  36.428871;
2159040  36.652332  36.364639  36.364639;
2164191  36.546791  36.556515  36.556515;
2169347  36.438515  36.615906  36.556515;
2174415  36.337772  36.540038  36.540039;
2179494  36.250122  36.383733  36.383732;
2184655  36.168564  36.084822  36.084824;
2189701  36.071663  36.383733  36.383732;
2194785  35.976921  36.383733  36.383732;
2199850  35.872772  36.132327  36.132328;
2204925  35.776745  35.893725  35.893726;
2210076  35.670418  35.596084  35.596085;
2215143  35.545116  35.762459  35.762459;
2220195  35.421741  35.762459  35.762459;
2225282  35.281727  35.780390  35.780392;
2230328  35.142761  35.547748  35.547749;
2235373  35.028488  35.301908  35.301907;
2240430  34.915047  35.301908  35.301907;
2245564  34.781609  35.332320  35.332321;
2250701  34.638889  35.189504  35.189503;
2255794  34.504440  34.984856  34.984856;
2260907  34.380627  34.641271  34.641270;
2265921  34.244621  34.641271  34.641270;
2270971  34.088245  34.973574  34.973572;
2276037  33.919491  35.077919  35.077919;
2281094  33.785740  34.585432  34.585434;
2286202  33.641495  34.339002  34.339001;
2291364  33.501915  34.339002  34.339001;
2296392  33.358299  34.339002  34.339001;
2301496  33.207779  33.899558  33.899559;
2306587  33.043880  33.835091  33.835091;
2311617  32.902786  33.367013  33.367012;
2316711  32.764072  33.367013  33.367012;
2321842  32.605240  33.367013  33.367012;
2326928  32.421478  33.321449  33.321449;
2331938  32.239136  33.321449  33.321449;
2336979  32.074928  32.754642  32.754642;
2342073  31.922865  32.760605  32.760605;
2347214  31.772625  32.760605  32.760605;
2352313  31.609657  32.143366  32.143364;
2357398  31.436228  31.958393  31.958393;
2362555  31.264090  31.920953  31.920954;
2367606  31.108410  31.938329  31.938330;
2372679  30.952190  31.938329  31.938330;
2377779  30.782665  31.076986  31.076986;
2382888  30.596472  30.862165  30.862165;
2387998  30.411276  30.827364  30.827364;
2393015  30.233961  30.849570  30.849569;
2398035  30.072166  30.889919  30.889919;
2403133  29.915564  30.426241  30.426241;
2408268  29.744736  30.366097  30.366096;
2413389  29.554913  30.266955  30.266954;
2418467  29.397467  30.366097  30.366096;
2423550  29.247196  30.366097  30.366096;
2428668  29.078773  29.308191  29.308191;
2433717  28.886335  29.267789  29.267790;
2438862  28.690479  29.117835  29.117834;
2443988  28.489721  29.267789  29.267790;
2449125  28.320890  29.308191  29.308191;
2454161  28.159462  28.656904  28.656904;
2459300  27.988214  28.554300  28.554300;
2464319  27.788553  28.554300  28.554300;
2469478  27.602711  28.595990  28.595989;
2474494  27.442560  28.595990  28.595989;
2479570  27.280760  28.006805  28.006805;
2484643  27.103502  27.452430  27.452431;
2489734  26.919146  27.387659  27.387659;
2494844  26.719639  27.677402  27.677402;
2499911  26.526175  27.742931  27.742931;
2505046  26.352171  27.381636  27.381636;
2510158  26.181671  27.067683  27.067682;
2515275  25.995546  26.991250  26.991251;
2520416  25.804981  27.047639  27.047638;
2525451  25.635382  27.067683  27.067682;
2530605  25.479349  26.901884  26.901884;
2535625  25.302986  26.048793  26.048794;
2540683  25.108561  26.034228  26.034227;
2545728  24.906061  26.161025  26.161024;
2550868  24.718102  26.161025  26.161024;
2555885  24.541119  25.576247  25.576246;
2561040  24.370478  24.972380  24.972380;
2566058  24.190304  24.882025  24.882025;
2571156  24.004345  24.961821  24.961821;
2576168  23.802502  24.972380  24.972380;
2581193  23.615005  24.839099  24.839098;
2586223  23.449694  24.474141  24.474142;
2591302  23.284218  24.441233  24.474142;
2596307  23.073938  24.441233  24.441233;
2601332  22.872454  24.474141  24.474142;
2606414  22.688883  24.201740  24.201740;
2611433  22.496517  23.575513  23.575512;
2616527  22.331249  23.337492  23.337492;
2621584  22.153206  23.337492  23.337492;
2626643  21.949589  23.337492  23.337492;
2631679  21.744192  23.071440  23.071440;
2636756  21.565947  22.333181  22.333181;
2641828  21.400978  22.027070  22.027071;
2646883  21.236055  22.027070  22.027071;
2651902  21.052933  22.223482  22.223482;
2658141  20.866364  21.847302  21.847301;
2663143  20.654636  21.613053  21.613052;
2668185  20.480230  21.315400  21.315401;
2673327  20.288996  21.315400  21.315401;
2678374  20.087687  21.421407  21.421408;
2683497  19.907627  21.372901  21.372900;
2688597  19.748047  20.846512  20.846512;
2693617  19.591051  20.604507  20.604507;
2698784  19.410000  20.707756  20.707756;
2703909  19.211342  20.707756  20.707756;
2709028  19.016214  20.327799  20.327799;
2714148  18.833508  19.635972  19.635973;
2719157  18.639431  19.580570  19.580570;
2724236  18.449179  19.610621  19.610620;
2729272  18.261620  19.626267  19.626266;
2734387  18.084682  19.186972  19.186972;
2739550  17.909576  19.170189  19.170189;
2744646  17.734562  18.816970  18.816971;
2749769  17.568859  18.816970  18.816971;
2754830  17.393127  18.816970  18.816971;
2759881  17.204803  18.335890  18.335890;
2764980  17.011839  18.140235  18.140236;
2770099  16.830429  17.708300  17.708300;
2775105  16.647293  17.708300  17.708300;
2780184  16.455475  17.708300  17.708300;
2785352  16.259773  17.687164  17.687164;
2790452  16.060642  17.623335  17.687164;
2795467  15.895861  17.367755  17.367756;
2800581  15.733825  17.367755  17.367756;
2805628  15.556996  17.367755  17.367756;
2810764  15.367652  16.986667  16.986668;
2815831  15.177791  16.721045  16.721045;
2820844  15.000924  16.333632  16.333632;
2825966  14.832792  16.342465  16.342464;
2831048  14.678990  16.342465  16.342464;
2836136  14.461875  16.440406  16.440407;
2841189  14.263457  15.690663  15.690663;
2846273  14.104707  14.897156  14.897156;
2851354  13.947816  14.897156  14.897156;
2856477  13.776588  14.897156  14.897156;
2861517  13.604024  14.528668  14.528667;
2866644  13.436448  14.480137  14.480138;
2871664  13.255882  14.263355  14.263355;
2876763  13.079775  14.269803  14.269803;
2881926  12.914830  14.274108  14.274108;
2887029  12.728109  13.712504  13.712504;
2892172  12.533626  13.702974  13.702973;
2897325  12.348335  13.509248  13.509248;
2902413  12.183690  13.518506  13.518506;
2907444  12.028073  13.528178  13.528178;
2912460  11.866712  12.860554  12.860554;
2917554  11.695109  12.764605  12.764606;
2922594  11.516289  12.553808  12.553808;
2927696  11.344327  12.556766  12.556767;
2932745  11.182090  12.567640  12.567640;
2937835  11.012712  11.884582  11.884582;
2942842  10.854819  11.713757  11.713757;
2947864  10.698585  11.705122  11.705122;
2952947  10.512631  11.884582  11.884582;
2958084  10.360970  11.919824  11.919825;
2963092  10.206875  11.618058  11.618058;
2968243  10.041395  10.846407  10.846407;
2973253  9.865096  10.747563  10.747562;
2978420  9.690257  10.749328  10.749328;
2983456  9.525519  10.765514  10.765514;
2988546  9.370494  10.431704  10.431705;
2993587  9.216876  9.995026  9.995027;
2998699  9.055501  9.987303  9.987304;
3003851  8.878157  10.135050  10.135050;
3009052  8.699424  10.135050  10.135050;
3014156  8.542733  9.846074  9.846074;
3019158  8.385459  9.307778  9.307778;
3024158  8.227700  9.108755  9.108755;
3029159  8.065386  9.108755  9.108755;
3034227  7.897313  9.108755  9.108755;
3039238  7.733681  9.009825  9.009825;
3044316  7.583632  8.907057  8.907057;
3049464  7.430570  8.423779  8.423779;
3054605  7.266713  8.498986  8.498986;
3059700  7.092365  8.502725  8.502726;
3064718  6.914171  8.457362  8.457362;
3069789  6.768970  8.172331  8.172331;
3074935  6.616854  7.760407  7.760407;
3079943  6.452275  7.760407  7.760407;
3085006  6.286146  7.760407  7.760407;
3090134  6.122482  7.395457  7.395457;
3095227  5.970731  7.196483  7.196483;
3100355  5.824681  7.127595  7.127595;
3105389  5.673321  7.127595  7.127595;
3110441  5.508866  7.127595  7.127595;
3115544  5.356163  6.829404  6.829404;
3120618  5.198880  6.554962  6.554962;
3125651  5.045551  5.621027  5.621027;
3130815  4.884701  5.852692  5.852692;
3135910  4.721596  6.109832  6.109832;
3141041  4.568566  5.844980  5.844980;
3146069  4.417823  5.580963  5.580963;
3151141  4.280046  5.392416  5.392416;
3156214  4.138858  5.412983  5.412983;
3161321  3.974561  5.412983  5.412983;
3166473  3.816843  5.226754  5.226754;
3171482  3.659073  4.973497  4.973497;
3176581  3.499831  4.679134  4.679134;
3181647  3.362056  4.662171  4.662171;
3186711  3.213570  4.662171  4.662171;
3191791  3.058842  4.176475  4.176475;
3196915  2.912118  4.056716  4.056715;
3201965  2.772415  4.056716  4.056715;
3207020  2.640628  4.054034  4.054033;
3212106  2.507283  4.054034  4.054033;
3217248  2.366093  3.564693  3.564693;
3225835  2.110801  3.371028  3.371028;
3230837  2.110801  3.244686  3.371028;
3235980  1.964497  3.243552  3.244686;
3241023  1.823138  3.235819  3.243551;
3246186  1.700580  2.792995  3.235819;
3251351  1.573056  2.798062  2.792995;
3256476  1.431093  2.437768  2.798062;
3261608  1.274931  2.433653  2.437768;
3266782  1.035724  2.428155  2.428155;
3271784  1.035724  1.579480  2.428155;
3276818  0.913628  1.555667  1.579480;
3281822  0.789176  1.563176  1.555667;
3286921  0.665579  1.555667  1.563176;
3292050  0.543957  1.555667  1.555667;
3297221  0.425143  1.280945  1.555667;
3302236  0.298449  1.158640  1.280945;
3307361  0.175078  1.127617  1.158640;
3312399  0.045285  1.127617  1.127617;
3317505 -0.085035  1.121280  1.127617;
3322600 -0.194663  0.718591  1.121280;
3327720 -0.309811  0.625986  0.718591;
3332799 -0.427440  0.162517  0.625986;
3337932 -0.548546  0.145339  0.162517;
3343005 -0.660439  0.163740  0.145339;
3348166 -0.781248  0.126427  0.163740;
3353181 -0.900369 -0.007073  0.126427;
3358202 -1.015968 -0.154503 -0.007073;
3363206 -1.136612 -0.007073 -0.154503;
3368269 -1.267160 -0.026395 -0.007073;
3373389 -1.400600 -0.331264 -0.026395;
3378518 -1.529407 -0.552230 -0.331264;
3383537 -1.637571 -0.751642 -0.552230;
3388679 -1.750044 -0.751642 -0.751642;
3393778 -1.875440 -0.796726 -0.751642;
3398843 -2.005314 -0.954414 -0.796726;
3403972 -2.121215 -1.324873 -0.954414;
3409114 -2.231258 -1.280799 -1.324873;
3414282 -2.353749 -1.280799 -1.280799;
3419432 -2.491811 -1.324873 -1.280799;
3424521 -2.625972 -1.388784 -1.324873;
3429685 -2.734808 -2.069229 -1.388784;
3434835 -2.853290 -2.146759 -2.069229;
3439971 -2.968777 -2.159867 -2.146759;
3444992 -3.080774 -2.159867 -2.159867;
3450143 -3.196703 -2.220389 -2.159867;
3455238 -3.317993 -2.419531 -2.220389;
3460290 -3.443992 -2.650653 -2.419532;
3465492 -3.567193 -2.419531 -2.650653;
3470658 -3.705290 -2.433029 -2.419532;
3475716 -3.829732 -2.713201 -2.433029;
3480883 -3.944662 -2.913472 -2.713201;
3486004 -4.072285 -3.098526 -2.913472;
3491103 -4.198067 -3.098526 -3.098526;
3496145 -4.312955 -3.103944 -3.098526;
3501236 -4.428984 -3.386558 -3.103944;
3506241 -4.553719 -3.708971 -3.386558;
3511322 -4.668820 -3.829879 -3.708971;
3516413 -4.796916 -3.735815 -3.829879;
3521425 -4.934359 -3.738371 -3.735815;
3526436 -5.068292 -3.887142 -3.738371;
3531597 -5.202618 -3.950855 -3.887142;
3536751 -5.342936 -3.974321 -3.950855;
3541869 -5.467561 -3.994595 -3.974321;
3546891 -5.584479 -4.024155 -3.994595;
3552059 -5.707063 -4.625997 -4.024155;
3557061 -5.845362 -4.826522 -4.625997;
3562188 -5.972078 -4.881687 -4.826522;
3567331 -6.087284 -4.823013 -4.881687;
3572490 -6.243052 -4.826522 -4.823013;
3577591 -6.388867 -5.147636 -4.826522;
3582659 -6.531253 -5.254395 -5.147636;
3587750 -6.669042 -5.394385 -5.254395;
3592812 -6.812119 -5.429018 -5.394385;
3597876 -6.955039 -5.429018 -5.429018;
3603005 -7.098324 -5.810732 -5.429018;
3608015 -7.250575 -6.030345 -5.810732;
3613108 -7.401166 -6.030345 -6.030345;
3618144 -7.537225 -6.030345 -6.030345;
3623179 -7.689444 -6.030345 -6.030345;
3628444 -7.866270 -6.124438 -6.030345;
3633488 -8.039116 -6.332267 -6.124438;
3638647 -8.186610 -6.755024 -6.332267;
3643721 -8.344911 -6.758288 -6.755023;
3648823 -8.500370 -6.782000 -6.758288;
3653970 -8.653844 -7.315081 -6.782000;
3659039 -8.817394 -7.344832 -7.315081;
3664121 -8.976995 -7.500070 -7.344832;
3669134 -9.122730 -7.508639 -7.500070;
3674168 -9.272456 -7.530105 -7.508639;
3679251 -9.428535 -7.960132 -7.530105;
3684279 -9.600217 -7.960132 -7.960133;
3689282 -9.778102 -8.278657 -7.960133;
3694346 -9.943760 -8.293046 -8.278657;
3699513 -10.103938 -8.392687 -8.392687;
3704587 -10.267374 -8.842438 -8.392687;
3709627 -10.439024 -8.858884 -8.858885;
3714725 -10.606638 -8.931217 -8.931217;
3719737 -10.764155 -8.949115 -8.949116;
3724905 -10.911670 -8.982189 -8.982188;
3729992 -11.091154 -9.663722 -9.663722;
3735074 -11.271399 -9.663722 -9.663722;
3740242 -11.447004 -9.885548 -9.885548;
3745310 -11.621361 -9.963260 -9.963260;
3750461 -11.789906 -9.976279 -9.976279;
3755538 -11.961211 -10.348495 -9.976279;
3760668 -12.144473 -10.321998 -10.321999;
3765814 -12.341122 -10.354528 -10.354528;
3770924 -12.536773 -10.381068 -10.381067;
3775971 -12.685222 -10.405636 -10.405636;
3781074 -12.870482 -11.259325 -11.259325;
3786183 -13.057799 -11.397876 -11.259325;
3791206 -13.242099 -11.619735 -11.619735;
3796325 -13.425328 -11.746390 -11.746390;
3801339 -13.611005 -11.751887 -11.751886;
3806426 -13.788012 -12.150710 -12.150710;
3811443 -13.979828 -12.131665 -12.131665;
3816599 -14.179000 -12.208863 -12.208863;
3821751 -14.374008 -12.227973 -12.227973;
3826755 -14.551915 -12.291181 -12.291182;
3831893 -14.726125 -13.108864 -13.108864;
3836921 -14.929905 -13.121655 -13.121655;
3841964 -15.129322 -13.424823 -13.121655;
3847050 -15.323329 -13.472487 -13.472487;
3852204 -15.519495 -13.572070 -13.572070;
3857270 -15.717536 -13.812736 -13.812737;
3862276 -15.925769 -13.714625 -13.714625;
3867373 -16.149153 -13.759145 -13.759145;
3872410 -16.374729 -13.831862 -13.831862;
3877411 -16.576963 -13.857428 -13.857429;
3882433 -16.762827 -15.078765 -15.078765;
3887467 -16.951923 -15.347848 -15.347848;
3892488 -17.154306 -15.301019 -15.301020;
3897623 -17.368855 -15.338357 -15.338358;
3902654 -17.595798 -15.357918 -15.357918;
3907790 -17.793222 -15.779319 -15.779319;
3912899 -18.007509 -15.924304 -15.924304;
3918027 -18.241301 -15.860654 -15.860654;
3923105 -18.488605 -15.921645 -15.921645;
3928173 -18.726017 -15.924304 -15.924304;
3933232 -18.945745 -16.411382 -16.411383;
3938282 -19.154270 -17.124187 -17.124187;
3943398 -19.363041 -17.448392 -17.448391;
3948449 -19.583248 -17.562849 -17.562849;
3953535 -19.812109 -17.562849 -17.562849;
3958584 -20.036655 -17.762915 -17.762915;
3963704 -20.252592 -18.171764 -18.171764;
3968775 -20.481375 -18.323837 -18.323837;
3973826 -20.734524 -18.105055 -18.105055;
3978857 -20.996622 -17.880893 -17.880892;
3984025 -21.239979 -18.225662 -18.225662;
3989103 -21.463726 -18.500209 -18.500210;
3994189 -21.679314 -18.755119 -18.755119;
3999234 -21.911314 -18.863697 -18.863697;
4004349 -22.159044 -19.012311 -19.012312;
4009429 -22.402168 -19.496302 -19.496302;
4014522 -22.623581 -19.997883 -19.997883;
4019634 -22.848980 -20.488986 -20.488985;
4024760 -23.096643 -20.545737 -20.545736;
4029819 -23.347372 -20.602704 -20.602705;
4034898 -23.593048 -20.841797 -20.841797;
4039910 -23.825233 -20.853853 -20.853853;
4045016 -24.036985 -20.989300 -20.989300;
4050144 -24.285061 -21.285074 -21.285074;
4055223 -24.538237 -21.285074 -21.285074;
4060256 -24.785698 -21.745219 -21.745218;
4065338 -25.002026 -22.292683 -22.292683;
4070351 -25.193848 -23.238933 -23.238934;
4075415 -25.387121 -22.845572 -22.845572;
4080479 -25.608763 -22.371641 -22.371641;
4085633 -25.854605 -23.030039 -23.030039;
4090719 -26.068029 -23.119092 -23.119093;
4095803 -26.269203 -23.884161 -23.884161;
4100837 -26.478991 -24.015860 -24.015860;
4105924 -26.715422 -23.722306 -23.722305;
4110959 -26.968903 -24.169901 -24.169901;
4116038 -27.198038 -24.695218 -24.695217;
4121143 -27.394011 -24.698119 -24.698120;
4126164 -27.580271 -24.869497 -24.869497;
4131308 -27.779295 -24.869497 -24.869497;
4136475 -28.008640 -24.974831 -24.974831;
4141609 -28.246387 -24.986407 -24.986408;
4146653 -28.446678 -25.681331 -25.681332;
4151760 -28.643457 -25.681331 -25.681332;
4156920 -28.843630 -25.969238 -25.969238;
4162005 -29.083378 -25.881259 -25.881260;
4167053 -29.328142 -26.315135 -26.315134;
4172075 -29.547157 -26.340690 -26.340691;
4177155 -29.731155 -26.766355 -26.766356;
4182294 -29.894051 -27.264390 -27.264389;
4187342 -30.120504 -27.283075 -27.283075;
4192458 -30.323875 -27.283075 -27.283075;
4197583 -30.543732 -27.488563 -27.488564;
4202694 -30.728062 -27.529184 -27.529184;
4207713 -30.897022 -28.274896 -28.274895;
4212741 -31.085239 -28.464548 -28.464548;
4217894 -31.309412 -28.365738 -28.365738;
4223005 -31.547222 -28.771297 -28.771297;
4228172 -31.764484 -28.870582 -28.870583;
4233229 -31.942356 -29.179391 -29.179390;
4238239 -32.084671 -30.694029 -30.694029;
4243290 -32.246086 -29.988573 -29.988573;
4248398 -32.444798 -29.988573 -29.988573;
4253551 -32.656044 -29.752102 -29.752102;
4258648 -32.844959 -30.060357 -30.060358;
4263681 -33.013107 -31.123956 -31.123957;
4268723 -33.194859 -30.869566 -30.869566;
4273777 -33.403374 -30.867471 -30.867472;
4278809 -33.626083 -30.866876 -30.866877;
4283880 -33.843250 -30.997262 -30.997261;
4288907 -34.024090 -31.123956 -31.123957;
4293983 -34.169857 -31.608695 -31.608696;
4299124 -34.319683 -31.428550 -31.428549;
4304164 -34.501724 -31.558116 -31.558117;
4309192 -34.709351 -31.406652 -31.406652;
4314228 -34.927883 -32.015663 -32.015663;
4319286 -35.118469 -32.646191 -32.646191;
4324379 -35.301430 -32.938986 -32.938988;
4329455 -35.501366 -33.113549 -33.113548;
4334535 -35.720318 -32.937775 -32.937775;
4339550 -35.952938 -32.507256 -32.507256;
4344621 -36.157848 -32.997293 -32.997292;
4349658 -36.317356 -33.159964 -33.159966;
4354808 -36.461533 -33.348747 -33.348747;
4359851 -36.630917 -33.414028 -33.414028;
4364973 -36.835011 -33.185896 -33.185894;
4370065 -37.068535 -33.348747 -33.348747;
4375140 -37.299137 -33.596758 -33.596760;
4380229 -37.470318 -33.614626 -33.614628;
4385390 -37.654205 -34.434587 -34.434586;
4390409 -37.863823 -35.068822 -35.068821;
4395568 -38.082462 -35.068822 -35.068821;
4400654 -38.303299 -35.068822 -35.068821;
4405663 -38.484943 -35.317839 -35.317841;
4410709 -38.631565 -35.882194 -35.882195;
4415872 -38.793522 -36.485998 -36.485996;
4421028 -38.977718 -36.134954 -36.134953;
4426077 -39.190872 -35.904216 -35.904217;
4431221 -39.420376 -35.766905 -35.766907;
4436313 -39.603935 -35.967376 -35.967377;
4441364 -39.757652 -37.030166 -37.030167;
4446380 -39.927597 -37.208551 -37.208549;
4451380 -40.143425 -37.208551 -37.208549;
4456478 -40.360245 -37.051533 -37.051533;
4461651 -40.551037 -37.125257 -37.125256;
4466679 -40.729591 -38.505393 -38.505394;
4471753 -40.893967 -38.617698 -38.617699;
4476874 -41.062672 -38.617698 -38.617699;
4481989 -41.249477 -38.898537 -38.898537;
4487014 -41.468433 -38.749748 -38.749748;
4492091 -41.703022 -38.862146 -38.862144;
4497164 -41.881439 -38.960442 -38.960442;
4502254 -42.055107 -39.248512 -39.248512;
4507387 -42.244629 -39.609952 -39.609951;
4512503 -42.441315 -39.808704 -39.808704;
4517529 -42.626961 -40.097704 -40.097702;
4522531 -42.810070 -40.259578 -40.259579;
4527551 -42.967140 -40.508655 -40.508656;
4532558 -43.109486 -40.559360 -40.559361;
4537676 -43.260521 -40.310321 -40.310322;
4542767 -43.458115 -40.175624 -40.175625;
4547845 -43.676392 -40.513722 -40.513721;
4553013 -43.879379 -40.684604 -40.684605;
4558062 -44.042965 -40.775896 -40.775894;
4563222 -44.208797 -41.505404 -41.505405;
4568343 -44.378277 -41.945506 -41.505405;
4573428 -44.566254 -41.945506 -41.945507;
4578520 -44.734783 -42.241607 -42.241608;
4583679 -44.886440 -42.569708 -42.569710;
4588792 -45.037102 -43.009551 -43.009552;
4593874 -45.196331 -42.611056 -42.611057;
4598982 -45.364719 -42.655750 -42.655750;
4604080 -45.575340 -42.655750 -42.655750;
4609086 -45.766094 -42.979096 -42.979095;
4614108 -45.903267 -43.093761 -43.093761;
4619116 -46.031563 -43.526806 -43.526806;
4624188 -46.199490 -43.628560 -43.628559;
4629305 -46.389462 -43.628560 -43.628559;
4634425 -46.550770 -43.964155 -43.964153;
4639473 -46.690090 -44.184283 -44.184284;
4644552 -46.833847 -45.171776 -45.171776;
4649580 -46.968716 -45.171776 -45.171776;
4654748 -47.115742 -44.452869 -44.452869;
4659753 -47.310890 -44.333795 -44.333794;
4664829 -47.515812 -44.510355 -44.510357;
4670002 -47.708649 -45.097879 -45.097878;
4675061 -47.848148 -45.224410 -45.224411;
4680152 -47.987007 -45.583168 -45.583168;
4685154 -48.142677 -45.770541 -45.770542;
4690309 -48.299557 -46.101380 -46.101379;
4695313 -48.448841 -46.274038 -46.274036;
4700455 -48.596886 -46.274038 -46.274036;
4705463 -48.755566 -46.274038 -46.274036;
4710562 -48.908733 -46.596879 -46.596878;
4715679 -49.048027 -46.657885 -46.657887;
4726643 -49.524887 -46.553979 -46.553978;
4731734 -49.524887 -46.717084 -46.553978;
4736812 -49.810986 -46.921210 -46.921211;
4741864 -49.810986 -47.282281 -46.921211;
4746868 -49.941708 -47.556651 -47.282280;
4751883 -50.086544 -47.636346 -47.556652;
4756911 -50.241421 -47.652248 -47.636345;
4761986 -50.388947 -47.975501 -47.652248;
4767032 -50.521618 -48.312236 -47.975502;
4772146 -50.646675 -48.312236 -48.312237;
4777212 -50.785011 -48.228730 -48.312237;
4782355 -50.943512 -48.588365 -48.228729;
4787520 -51.112785 -48.865289 -48.588364;
4792522 -51.256050 -49.137014 -48.865288;
4797544 -51.356991 -49.748993 -49.137012;
4802653 -51.446415 -49.464833 -49.748993;
4807788 -51.543472 -49.464833 -49.464832;
4812913 -51.667992 -49.603196 -49.464832;
4818011 -51.785774 -49.948878 -49.603195;
4823071 -51.896633 -49.966233 -49.948879;
4828168 -52.010681 -50.198905 -49.966232;
4833192 -52.121441 -50.014921 -50.198906;
4838254 -52.254810 -50.014921 -50.014923;
4843346 -52.399391 -50.198905 -50.014923;
4848443 -52.526951 -50.493708 -50.198906;
4853598 -52.615997 -51.572558 -50.493706;
4858624 -52.680439 -51.572558 -51.572559;
4863775 -52.747528 -51.267723 -51.572559;
4868849 -52.844872 -51.160926 -51.267723;
4873886 -52.948082 -51.210829 -51.160927;
4878956 -53.032467 -51.393988 -51.210831;
4884025 -53.112915 -51.344341 -51.393990;
4889111 -53.213509 -51.344341 -51.344341;
4894202 -53.341927 -51.393988 -51.344341;
4899352 -53.462696 -51.893367 -51.393990;
4904380 -53.547363 -52.496570 -51.893368;
4909384 -53.590145 -52.626285 -52.496571;
4914551 -53.617100 -52.072807 -52.626286;
4919638 -53.660984 -52.475791 -52.072807;
4924676 -53.739643 -52.490632 -52.475792;
4929743 -53.775204 -52.979901 -52.490631;
4934891 -53.810852 -52.538193 -52.979900;
4940053 -53.860233 -52.218913 -52.538193;
4945104 -53.938793 -52.201703 -52.218914;
4950192 -54.041187 -51.948492 -52.201702;
4955313 -54.145573 -52.962946 -51.948490;
4960344 -54.220341 -53.005302 -52.962944;
4965464 -54.239799 -53.005302 -53.005302;
4970615 -54.239120 -52.962946 -53.005302;
4975751 -54.262543 -53.159103 -52.962944;
4980860 -54.309223 -53.473903 -53.159103;
4985933 -54.316345 -53.305082 -53.473904;
4990934 -54.298363 -52.962946 -53.305080;
4996032 -54.315453 -52.818117 -52.962944;
5001046 -54.368015 -52.988706 -52.818115;
5006098 -54.405052 -52.818117 -52.988705;
5011137 -54.439243 -53.005302 -52.818115;
5016220 -54.496735 -53.248845 -53.005302;
5021259 -54.390133 -53.175931 -53.248844;
5026355 -54.300034 -52.989391 -53.175930;
5031412 -54.297024 -52.235609 -52.989391;
5036482 -54.355145 -52.388449 -52.235607;
5041544 -54.377811 -52.616011 -52.388447;
5046656 -54.344799 -52.388449 -52.616013;
5051711 -54.348766 -52.624507 -52.388447;
5056880 -54.346088 -52.978317 -52.624508;
5062041 -54.318336 -52.700375 -52.978317;
5067044 -54.295788 -52.752442 -52.700375;
5072049 -54.278625 -52.794140 -52.752441;
5077052 -54.253586 -52.978317 -52.794140;
5082194 -54.219925 -53.039079 -52.978317;
5087206 -54.179756 -53.234329 -53.039078;
5092226 -54.109688 -52.990360 -53.234329;
5097390 -54.053726 -52.841838 -52.841839;
5102419 -53.994896 -52.992493 -52.992493;
5107576 -53.935684 -53.039568 -53.039570;
5112606 -53.875401 -53.039568 -53.039570;
5117756 -53.813416 -53.039568 -53.039570;
5122880 -53.757969 -53.063582 -53.063583;
5128044 -53.677456 -53.063582 -53.063583;
5133052 -53.601402 -53.201502 -53.201504;
5138180 -53.522064 -53.432358 -53.432358;
5143325 -53.441998 -53.432358 -53.432358;
5148463 -53.350433 -53.403680 -53.403679;
5153474 -53.258915 -53.218592 -53.218594;
5158619 -53.169697 -53.054357 -53.054356;
5163757 -53.072163 -52.923355 -52.923355;
5168860 -52.960644 -52.936109 -52.936108;
5173993 -52.859894 -52.896601 -52.896603;
5179137 -52.764351 -52.877673 -52.877674;
5184244 -52.645866 -52.763591 -52.763592;
5189354 -52.518646 -52.763591 -52.763592;
5194442 -52.413155 -52.603695 -52.603695;
5199525 -52.298756 -52.541264 -52.541264;
5204680 -52.175274 -52.375395 -52.375397;
5209798 -52.050045 -51.876418 -52.375397;
5214839 -51.926182 -51.871777 -51.871777;
5219930 -51.803066 -52.006192 -52.006191;
5225067 -51.655762 -51.940254 -51.940254;
5230168 -51.514618 -51.892399 -51.892399;
5235208 -51.374462 -51.790206 -51.892399;
5240298 -51.236366 -51.532792 -51.532791;
5245335 -51.091461 -51.422011 -51.422012;
5250350 -50.951756 -51.404135 -51.404137;
5255464 -50.805695 -51.142885 -51.142883;
5260500 -50.652454 -51.106970 -51.106972;
5265649 -50.505203 -51.063557 -51.063557;
5270699 -50.355316 -50.801059 -50.801060;
5275856 -50.208969 -50.448696 -50.448696;
5280902 -50.046528 -50.371104 -50.371105;
5286016 -49.885387 -50.139834 -50.139835;
5291104 -49.729610 -49.759472 -49.759472;
5296210 -49.589539 -49.690667 -49.690666;
5301252 -49.448975 -49.641992 -49.690666;
5306409 -49.292542 -49.479165 -49.479164;
5311503 -49.138683 -49.240055 -49.240055;
5316653 -48.980404 -49.079285 -49.079285;
5321768 -48.811699 -49.359008 -49.359009;
5326917 -48.644138 -49.324871 -49.359009;
5331935 -48.465324 -49.273551 -49.273552;
5337000 -48.283550 -48.844960 -48.844959;
5342086 -48.144924 -48.592093 -48.592094;
5347117 -47.985729 -48.337927 -48.337929;
5352214 -47.828255 -48.069873 -48.337929;
5357244 -47.682060 -47.965198 -47.965199;
5362321 -47.538364 -47.232517 -47.232517;
5367340 -47.373871 -47.232517 -47.232517;
5372417 -47.196083 -47.592369 -47.592369;
5377427 -47.004772 -47.631481 -47.631481;
5382589 -46.805199 -47.631481 -47.631481;
5387713 -46.596970 -47.364813 -47.364815;
5392778 -46.390274 -47.306073 -47.364815;
5397928 -46.195354 -47.130371 -47.130371;
5402965 -45.997162 -46.828884 -47.130371;
5408020 -45.843884 -46.288009 -46.288010;
5413106 -45.666943 -45.699877 -45.699879;
5418116 -45.480648 -45.831529 -45.831528;
5423186 -45.283371 -46.037603 -46.037601;
5428213 -45.071850 -46.037603 -46.037601;
5433346 -44.865116 -46.037603 -46.037601;
5438377 -44.674908 -45.576414 -45.576416;
5443527 -44.500462 -45.171272 -45.171272;
5448550 -44.337929 -44.979766 -44.979767;
5453564 -44.174458 -44.688086 -44.688087;
5458669 -43.992714 -44.688086 -44.688087;
5463811 -43.789085 -44.878071 -44.878071;
5468839 -43.575657 -44.859250 -44.859249;
5473845 -43.359093 -44.773331 -44.773331;
5478884 -43.140152 -44.572088 -44.572086;
5483988 -42.931347 -44.559317 -44.559319;
5488992 -42.764149 -43.947382 -43.947384;
5494063 -42.583416 -43.323767 -43.323769;
5499118 -42.383350 -43.321126 -43.321125;
5504183 -42.172337 -42.941874 -42.941875;
5509329 -41.956459 -42.729806 -42.729805;
5514487 -41.738350 -42.631776 -42.631775;
5519532 -41.529968 -42.260754 -42.260754;
5524651 -41.339863 -42.226753 -42.226753;
5529732 -41.154861 -42.134300 -42.134300;
5534781 -40.960022 -42.082285 -42.082287;
5539868 -40.736656 -41.824523 -41.824524;
5544946 -40.510757 -41.798527 -41.798527;
5550087 -40.279133 -41.779806 -41.779808;
5555239 -40.063000 -41.739225 -41.739223;
5560357 -39.858086 -41.648810 -41.648811;
5565468 -39.658939 -40.728342 -40.728340;
5570524 -39.448593 -40.725808 -40.725807;
5575639 -39.228275 -40.574141 -40.574142;
5580647 -39.001598 -40.456525 -40.456524;
5585813 -38.778175 -40.343023 -40.343021;
5590895 -38.553459 -39.953272 -39.953270;
5595909 -38.351250 -39.850834 -39.850834;
5600933 -38.158138 -39.405134 -39.405132;
5606008 -37.944241 -39.097501 -39.097500;
5611050 -37.702061 -39.016688 -39.016689;
5616057 -37.455643 -38.878479 -38.878479;
5621115 -37.213535 -38.783011 -38.783012;
5626149 -36.974598 -38.675674 -38.675674;
5631177 -36.749977 -38.523292 -38.523293;
5636325 -36.543701 -37.608647 -37.608646;
5641497 -36.337688 -36.917776 -36.917774;
5646541 -36.122028 -36.912898 -36.912899;
5651630 -35.894611 -37.131686 -37.131687;
5656663 -35.653355 -36.905768 -36.905769;
5661742 -35.420902 -36.797110 -36.797112;
5666855 -35.202606 -36.527949 -36.527950;
5671937 -35.001896 -36.220515 -36.220516;
5677040 -34.787663 -36.127335 -36.127335;
5682210 -34.551819 -35.905930 -35.905930;
5687333 -34.302738 -35.692979 -35.692978;
5692373 -34.048061 -35.434085 -35.434086;
5697444 -33.793816 -35.231090 -35.231091;
5702475 -33.548615 -35.212713 -35.212715;
5707522 -33.321938 -34.930945 -34.930946;
5712598 -33.106598 -34.025924 -34.025925;
5717689 -32.873203 -33.956331 -33.956329;
5722694 -32.628006 -33.956331 -33.956329;
5727715 -32.376289 -33.958466 -33.958466;
5732808 -32.140442 -33.924979 -33.924980;
5737843 -31.918047 -33.798453 -33.798454;
5742931 -31.701950 -33.241734 -33.241734;
5748010 -31.480783 -33.200106 -33.200108;
5753052 -31.253727 -33.200106 -33.200108;
5758132 -31.018316 -32.547350 -32.547352;
5763185 -30.764380 -32.507788 -32.507790;
5768262 -30.504271 -32.342972 -32.342972;
5773354 -30.251530 -32.198039 -32.198040;
5778460 -30.009432 -32.170021 -32.170021;
5783546 -29.776997 -31.731794 -31.731794;
5788640 -29.548307 -30.792340 -30.792339;
5793720 -29.309576 -30.337977 -30.337976;
5798761 -29.061806 -30.623786 -30.623787;
5803782 -28.815514 -30.617501 -30.617500;
5808830 -28.583460 -30.516944 -30.516945;
5813972 -28.360987 -30.279427 -30.279427;
5819121 -28.134371 -29.518808 -30.279427;
5824146 -27.889837 -29.467780 -29.467779;
5829220 -27.670372 -29.384358 -29.384357;
5834277 -27.422817 -29.345821 -29.345821;
5839410 -27.161383 -29.345821 -29.345821;
5844495 -26.891710 -28.995679 -28.995680;
5849645 -26.660231 -28.717818 -28.717819;
5854764 -26.427719 -28.486800 -28.486799;
5859926 -26.190628 -27.882954 -27.882954;
5865029 -25.945833 -27.258756 -27.258757;
5870149 -25.699862 -27.169371 -27.169371;
5875233 -25.451429 -27.117466 -27.117466;
5880369 -25.218210 -27.100196 -27.100195;
5885399 -24.985821 -26.819276 -26.819277;
5890565 -24.750856 -26.144989 -26.144989;
5895736 -24.504175 -25.878648 -25.878647;
5900828 -24.246162 -26.171640 -26.171640;
5905907 -23.985291 -26.167891 -26.167891;
5910988 -23.734894 -25.874916 -25.874916;
5916151 -23.495956 -25.672724 -25.672724;
5921155 -23.254818 -24.625255 -24.625256;
5926270 -23.021105 -24.553469 -24.625256;
5931270 -22.789862 -24.485542 -24.485542;
5936415 -22.561680 -24.229190 -24.229191;
5941447 -22.323582 -24.002921 -24.002920;
5946488 -22.106424 -23.881580 -23.881580;
5951508 -21.891726 -23.605577 -23.605577;
5956660 -21.668800 -23.538133 -23.538134;
5961711 -21.444851 -22.529124 -22.529123;
5966777 -21.230034 -22.451574 -22.451574;
5971780 -20.991802 -22.530815 -22.530815;
5976829 -20.745571 -22.502085 -22.502085;
5981897 -20.498657 -22.399408 -22.399408;
5987039 -20.260330 -22.137170 -22.137169;
5992060 -20.048670 -21.527096 -21.527096;
5997179 -19.827387 -20.688250 -20.688250;
6002229 -19.615305 -20.662766 -20.662766;
6007246 -19.388157 -20.662766 -20.662766;
6012406 -19.151693 -20.410694 -20.410694;
6017533 -18.915619 -20.178865 -20.178865;
6022648 -18.691856 -19.933236 -19.933237;
6027827 -18.475178 -19.787791 -19.787790;
6032872 -18.266777 -19.697240 -19.697241;
6037903 -18.067659 -19.317168 -19.317167;
6042955 -17.857149 -19.135839 -19.135839;
6048056 -17.628599 -18.985023 -18.985023;
6053104 -17.389500 -19.168911 -19.168911;
6058223 -17.144136 -19.152367 -19.152367;
6063346 -16.958393 -18.959580 -18.959579;
6068351 -16.781029 -17.930430 -17.930429;
6073475 -16.577644 -18.346667 -18.346666;
6078546 -16.354012 -18.321672 -18.321672;
6083552 -16.131996 -18.168303 -18.168303;
6088619 -15.914240 -17.877664 -17.877665;
6093679 -15.705550 -17.504636 -17.504637;
6098695 -15.511595 -16.619026 -16.619026;
6103711 -15.327406 -16.587584 -16.587584;
6108773 -15.143600 -16.587584 -16.587584;
6113857 -14.945163 -16.384358 -16.384357;
6118936 -14.734027 -16.388434 -16.388433;
6123975 -14.515422 -16.365549 -16.365549;
6129022 -14.298538 -16.310015 -16.310015;
6134118 -14.081310 -16.310015 -16.310015;
6139130 -13.889359 -15.923952 -15.923952;
6144274 -13.705202 -14.643602 -14.643602;
6149428 -13.502883 -14.946792 -14.946793;
6154549 -13.300958 -14.904485 -14.904486;
6159698 -13.104548 -14.808907 -14.808907;
6164762 -12.905176 -14.468147 -14.468146;
6169910 -12.709831 -14.295433 -14.295433;
6175068 -12.530344 -13.743076 -13.743076;
6180172 -12.340310 -13.685944 -13.685945;
6185217 -12.143733 -13.685944 -13.685945;
6190264 -11.942959 -13.713865 -13.713865;
6195426 -11.740217 -13.649705 -13.649705;
6200465 -11.555789 -13.261858 -13.261858;
6205512 -11.396834 -13.105871 -13.105871;
6210665 -11.238091 -13.105871 -13.105871;
6215672 -11.071803 -12.554144 -12.554144;
6227107 -10.541094 -12.008330 -12.008329;
6232137 -10.541094 -11.953961 -12.008329;
6237217 -10.379390 -11.877417 -11.953960;
6242323 -10.218134 -11.877417 -11.877417;
6247382 -10.063498 -11.441164 -11.877417;
6252479 -9.901943 -11.133576 -11.441164;
6257633 -9.730148 -11.103422 -11.133576;
6262750 -9.554741 -11.079986 -11.103422;
6267862 -9.385632 -11.060854 -11.079986;
6272905 -9.232609 -10.644223 -11.060854;
6278021 -9.086348 -9.795291 -10.644223;
6283042 -8.931252 -9.992913 -9.795291;
6288145 -8.773825 -10.130908 -9.992913;
6293291 -8.611761 -10.578901 -10.130908;
6298455 -8.442871 -10.099588 -10.578901;
6303559 -8.275992 -9.932712 -10.099587;
6308572 -8.125507 -9.119854 -9.932712;
6313733 -7.986660 -9.098005 -9.119854;
6318778 -7.844462 -9.170084 -9.098005;
6323826 -7.698258 -9.112248 -9.170084;
6328845 -7.548307 -9.099127 -9.112248;
6333914 -7.394351 -9.027931 -9.099127;
6338964 -7.235070 -8.985454 -9.027931;
6344066 -7.078352 -8.980748 -8.985454;
6349088 -6.946192 -8.557270 -8.980747;
6354227 -6.812884 -8.159644 -8.557270;
6359377 -6.666349 -8.204680 -8.159644;
6364485 -6.508336 -8.180420 -8.204680;
6369575 -6.348375 -8.145510 -8.180420;
6374670 -6.191464 -7.779778 -8.145511;
6379726 -6.041050 -7.227203 -7.779778;
6384792 -5.905103 -6.828175 -7.227203;
6389873 -5.768964 -7.161136 -6.828176;
6394971 -5.617917 -7.112481 -7.161136;
6400103 -5.466169 -7.022959 -7.112481;
6405260 -5.312351 -6.983149 -7.022959;
6410331 -5.167626 -6.725161 -6.983149;
6415406 -5.037663 -6.725161 -6.725161;
6420516 -4.917940 -6.725161 -6.725161;
6425643 -4.801293 -6.478040 -6.725161;
6430701 -4.665041 -6.151760 -6.478040;
6435839 -4.523094 -6.057625 -6.151760;
6440986 -4.388080 -6.056852 -6.056852;
6446073 -4.260490 -6.050671 -6.050671;
6451103 -4.134388 -5.607685 -6.050671;
6456267 -4.017264 -5.535080 -5.535080;
6461389 -3.897019 -5.356988 -5.535080;
6466403 -3.766882 -5.347440 -5.356988;
6471409 -3.631414 -5.332047 -5.347440;
6476538 -3.495779 -5.255298 -5.332047;
6481695 -3.367227 -4.522299 -4.522299;
6486835 -3.248955 -4.467413 -4.467413;
6491838 -3.124247 -4.467413 -4.467413;
6496993 -2.992589 -4.467413 -4.467413;
6502077 -2.856931 -4.303220 -4.467413;
6507165 -2.724966 -4.038103 -4.038104;
6512250 -2.594528 -3.767515 -3.767515;
6517389 -2.471581 -3.755967 -3.755967;
6522466 -2.355057 -3.750202 -3.750202;
6527504 -2.245248 -3.548628 -3.548628;
6532605 -2.124475 -3.554290 -3.554290;
6537678 -1.986150 -3.713706 -3.713706;
6542691 -1.841768 -3.696475 -3.696476;
6547846 -1.736519 -3.663444 -3.663444;
6552895 -1.624630 -3.198363 -3.198363;
6557902 -1.505097 -2.577851 -2.577851;
6562939 -1.387208 -2.481992 -2.481992;
6568085 -1.272074 -2.589903 -2.589903;
6573209 -1.143645 -2.822402 -2.822402;
6578377 -1.004579 -2.593339 -2.593339;
6583537 -0.866093 -2.481992 -2.481992;
6588624 -0.738536 -2.398205 -2.398205;
6593692 -0.628356 -2.386457 -2.386457;
6598793 -0.517387 -2.386457 -2.386457;
6603861 -0.398726 -1.553150 -1.553150;
6609029 -0.269690 -1.557755 -1.557755;
6614107 -0.133612 -1.322792 -1.322792;
6619261 -0.009245 -1.299385 -1.299385;
6624295  0.105102 -1.289959 -1.289959;
6629430  0.229391 -1.137708 -1.137708;
6634473  0.342532 -0.944690 -0.944690;
6639524  0.440288 -0.882499 -0.882499;
6644598  0.560331 -0.902855 -0.902855;
6649617  0.678247 -0.881125 -0.881125;
6654851  0.790863 -0.860823 -0.860823;
6659957  0.898714 -0.678019 -0.678019;
6665086  1.003577 -0.449828 -0.449828;
6670094  1.110047 -0.448492 -0.448492;
6675216  1.218747 -0.448492 -0.448492;
6680365  1.339147 -0.147197 -0.147197;
6685534  1.460183 -0.126870 -0.147197;
6690626  1.570127 -0.075203 -0.075203;
6695674  1.673692 -0.069288 -0.069288;
6700839  1.773895 -0.063803 -0.063803;
6705994  1.881310  0.496231  0.496231;
6711087  1.995207  0.490777  0.490777;
6716199  2.116054  0.497451  0.497451;
6721275  2.242931  0.497451  0.497451;
6726301  2.364033  0.506402  0.506402;
6731368  2.463109  0.906786  0.906786;
6736499  2.566436  1.422518  1.422518;
6741588  2.683994  1.413353  1.413353;
6746592  2.809640  1.413353  1.413353;
6751672  2.928566  1.069351  1.069351;
6756676  3.056472  1.413353  1.413353;
6761722  3.182465  1.447435  1.413353;
6766750  3.264987  1.560127  1.560127;
6771798  3.373160  1.560127  1.560127;
6776861  3.492900  1.563070  1.563070;
6781928  3.597769  1.614160  1.614160;
6787053  3.705196  1.965884  1.965884;
6792212  3.832201  1.976809  1.976809;
6797260  3.964380  1.982253  1.982253;
6802412  4.074602  1.995814  1.995814;
6807435  4.179584  2.674962  2.674962;
6812600  4.287458  2.907227  2.907227;
6817712  4.403626  2.897668  2.897668;
6822813  4.519733  2.897668  2.897668;
6827911  4.643885  2.897668  2.897668;
6832962  4.767847  2.979729  2.979729;
6838028  4.882415  3.092590  3.092590;
6843117  5.000958  3.424507  3.424507;
6848150  5.124506  3.427321  3.427321;
6853285  5.237206  3.427321  3.427321;
6858383  5.344350  3.806178  3.806178;
6863403  5.483644  3.804627  3.804627;
6868466  5.618701  3.487830  3.487830;
6873561  5.733077  3.505613  3.505613;
6878616  5.839541  3.505613  3.505613;
6883772  5.957982  4.004767  4.004767;
6888829  6.085873  4.705734  4.705734;
6893877  6.204012  4.779116  4.779116;
6899000  6.326874  4.512808  4.512808;
6904127  6.466265  4.513110  4.513110;
6909249  6.593554  4.567722  4.567722;
6914416  6.714151  4.779387  4.779387;
6919468  6.834899  5.122629  5.122629;
6924614  6.956663  5.122629  5.122629;
6929751  7.089020  5.122629  5.122629;
6934775  7.230321  5.186347  5.186347;
6939797  7.373270  5.278733  5.278733;
6944848  7.511677  5.730005  5.730005;
6949870  7.650458  5.730632  5.730632;
6954926  7.782424  5.731963  5.731963;
6959942  7.907411  5.970732  5.970732;
6964966  8.032442  6.567315  6.567315;
6970035  8.180146  6.075040  6.075040;
6975085  8.323756  6.075040  6.075040;
6980146  8.477160  6.076485  6.076485;
6985207  8.616564  6.260715  6.260715;
6990283  8.749825  6.639457  6.639457;
6995295  8.880304  7.338900  7.338900;
7000458  9.014647  7.338900  7.338900;
