391218  0.000000  97.045494;
397246  0.000000  16.225201;
410563  0.000000  16.231190;
415609  0.000000  16.203149;
420642  0.000000  16.196411;
425670  0.000000  16.196411;
430716  16.205221  16.205322;
435772  16.205120  16.205865;
440908  16.198303  16.211411;
445978  16.191378  16.201298;
451042  16.193056  16.184442;
456099  16.191872  16.201298;
461205  16.190689  16.219576;
466255  16.206606  16.201298;
471465  16.222349  16.170972;
476580  16.203949  16.170972;
481596  16.185884  16.201298;
486618  16.201023  16.236749;
491624  16.206213  16.161797;
496776  16.203209  16.128060;
501832  16.209909  16.101065;
506962  16.211197  16.102679;
512149  16.218769  16.102679;
517179  16.221119  16.156194;
522229  16.231653  16.146041;
527397  16.243773  15.953030;
532433  16.254005  16.044482;
537581  16.253674  16.146041;
542587  16.254513  16.158399;
547711  16.272373  16.048237;
552783  16.275908  16.039122;
557880  16.270657  16.145367;
562937  16.270205  16.146451;
568086  16.268559  16.358518;
573231  16.266882  16.084419;
578377  16.274712  16.076346;
583400  16.267027  16.279247;
588534  16.257416  16.287496;
593567  16.258371  16.255588;
601401  16.259729  16.254491;
613485  16.277283  16.254491;
618595  16.277283  16.576413;
623597  16.270666  16.595143;
628649  16.259912  16.204877;
633739  16.267832  16.202697;
638867  16.269983  16.195074;
644004  16.267218  16.320005;
649177  16.269114  16.435791;
654224  16.259769  16.329937;
659350  16.257278  16.167680;
664513  16.263397  16.157916;
669548  16.266920  16.329937;
674569  16.256058  16.334357;
679743  16.251472  16.221782;
684834  16.251053  16.218506;
689922  16.245975  16.144138;
695049  16.245718  16.144138;
700169  16.245733  16.218506;
705203  16.239729  16.294650;
710261  16.230175  16.137104;
715412  16.215748  16.129001;
720570  16.195040  16.181020;
725508  16.177217  16.181020;
731382  16.170673  16.294650;
736563  16.170673  16.294650;
741669  16.146603  16.291901;
746913  16.118320  16.379039;
751937  16.087671  16.389590;
757046  16.068089  16.669554;
762252  16.049891  16.382003;
767392  16.035757  16.107541;
772478  16.023529  16.155009;
777638  16.011623  16.331208;
782725  15.991668  16.315675;
787811  15.968732  16.315675;
792822  15.918585  16.248410;
797889  15.884899  16.310406;
802962  15.853892  16.310406;
808032  15.819170  16.090128;
813093  15.784313  16.003492;
818153  15.750175  16.000291;
823202  15.710483  16.057817;
828315  15.667060  16.159289;
833546  15.614929  16.061038;
838607  15.561236  15.986563;
843738  15.515277  15.729054;
848753  15.472324  15.729054;
853895  15.434324  15.729054;
859051  15.392810  15.380534;
864055  15.341461  15.373603;
869098  15.283452  15.368660;
874183  15.224798  16.014558;
879410  15.165656  16.022006;
884608  15.115795  15.297802;
889635  15.071924  15.135378;
894803  15.027808  15.116623;
899761  14.986479  15.214721;
904784  14.930403  15.223468;
909854  14.869259  15.284533;
915117  14.832235  15.233698;
920139  14.793802  15.081113;
925269  14.760503  15.233698;
930448  14.717245  15.284533;
935454  14.658749  15.281456;
940643  14.602206  15.281456;
945666  14.553341  15.220550;
950724  14.506039  15.246398;
955943  14.463967  15.262573;
961000  14.420557  14.641263;
966186  14.375637  14.622242;
971448  14.329572  14.589855;
976516  14.261140  15.103956;
981708  14.195231  15.103956;
986995  14.134646  15.092318;
992238  14.072952  14.562894;
997497  14.021378  14.557965;
1002498  13.969646  14.765010;
1007636  13.907434  14.770072;
1012809  13.843517  14.506173;
1017816  13.800174  14.418693;
1022975  13.741900  14.044614;
1028222  13.681858  14.418693;
1033286  13.611499  14.428886;
1038442  13.543593  14.386733;
1043425  13.470401  14.065066;
1048677  13.399664  13.976953;
1053922  13.346918  13.980251;
1059169  13.294243  13.980251;
1064226  13.227288  13.573924;
1069373  13.162758  13.566748;
1074427  13.088239  13.492075;
1079612  13.015066  13.492459;
1084640  12.950050  13.492459;
1089804  12.887003  13.414727;
1094932  12.805615  13.412454;
1100165  12.724795  13.021952;
1105316  12.651828  13.024088;
1110370  12.580004  13.044090;
1115519  12.518714  12.893388;
1121005  12.456272  12.765617;
1126190  12.366753  12.757449;
1133914  12.282145  12.876344;
1139022  12.148559  13.047350;
1144162  12.072733  13.042711;
1149330  11.989683  12.913700;
1154449  11.902710  12.876344;
1159540  11.814724  12.880856;
1164756  11.744824  12.880856;
1169713  11.654574  12.626414;
1174753  11.552572  12.626414;
1179803  11.461751  12.514050;
1184916  11.378228  12.521232;
1190091  11.294249  12.521232;
1195224  11.219877  11.674891;
1200619  11.143367  11.662511;
1205777  11.051049  11.662511;
1210797  10.943296  11.670757;
1215953  10.843217  11.674891;
1221187  10.741410  11.443685;
1226410  10.640141  11.436856;
1231442  10.546579  11.391549;
1236607  10.444686  11.428220;
1241639  10.332372  11.436856;
1247060  10.225792  11.130147;
1251729  10.116642  11.080450;
1256747  10.041738  11.071567;
1261920  9.930512  11.109004;
1266942  9.815852  11.129423;
1271981  9.695223  11.117969;
1277052  9.574185  10.844809;
1282071  9.451954  10.687651;
1287229  9.335803  10.715222;
1292448  9.231949  10.715222;
1297394  9.126866  10.295519;
1302429  9.008365  9.892397;
1307466  8.884502  9.892397;
1312517  8.763590  9.893415;
1317650  8.649243  9.895964;
1322870  8.525988  9.664687;
1327935  8.389605  9.610052;
1332975  8.250505  9.391469;
1339811  8.112093  9.391469;
1344972  7.943038  9.391469;
1350009  7.807685  9.233146;
1355142  7.670931  9.154601;
1360247  7.538349  9.123863;
1365300  7.397645  9.125724;
1370527  7.267785  9.125724;
1375674  7.140955  8.458555;
1380874  7.016420  8.383937;
1385936  6.876034  8.257648;
1391043  6.739375  8.260180;
1396171  6.606334  8.260180;
1401218  6.490283  7.516641;
1406257  6.358536  7.417644;
1411487  6.224190  7.270783;
1416600  6.084751  7.270797;
1421651  5.943436  7.270850;
1426712  5.803834  7.247158;
1431820  5.680877  6.956683;
1437713  5.556779  6.355262;
1442864  5.405062  6.488523;
1449149  5.272448  6.487591;
1454345  5.107616  6.358638;
1459425  4.983958  6.221959;
1464632  4.859415  6.061374;
1469659  4.717728  6.059315;
1474755  4.580938  6.057544;
1479815  4.460632  5.422656;
1484927  4.361494  5.126940;
1490054  4.253571  5.013060;
1495148  4.147522  5.129112;
1500351  4.024036  5.412480;
1505550  3.889250  5.424302;
1510790  3.773894  5.126940;
1515703  3.657629  5.000627;
1520783  3.539543  4.997089;
1525797  3.417443  4.995254;
1531012  3.311283  4.787341;
1536203  3.200867  4.348176;
1541396  3.078992  4.279906;
1546599  2.957070  4.279906;
1551626  2.839640  4.334036;
1556763  2.726182  4.278256;
1561864  2.604006  4.097274;
1566824  2.482687  3.575158;
1571978  2.376875  3.562703;
1577169  2.272589  3.562703;
1582366  2.159630  3.237863;
1587531  2.035512  3.245127;
1592709  1.919097  3.113877;
1597702  1.798081  3.228074;
1602715  1.683370  3.228074;
1607804  1.565712  3.165189;
1612916  1.444018  3.110707;
1617917  1.321774  3.112111;
1623062  1.199817  3.110707;
1628182  1.084127  3.098961;
1633256  0.977208  2.996312;
1638345  0.871365  2.180038;
1643438  0.756197  2.192470;
1648609  0.624493  2.263805;
1653527  0.485759  2.260108;
1658724  0.359594  1.754670;
1663885  0.220599  1.717265;
1669071  0.090682  1.472545;
1674252 -0.042714  1.472545;
1679427 -0.185276  1.466239;
1684602 -0.328976  1.142014;
1689687 -0.469358  1.111396;
1694713 -0.606872  0.893773;
1699776 -0.734925  0.893773;
1704781 -0.882387  0.893773;
1709981 -0.882387  1.114930;
1715149 -1.041270  0.792148;
1720219 -1.185802  0.761589;
1725242 -1.185802  0.736062;
1730299 -1.329154  0.736062;
1735303 -1.471701 -0.014108;
1740481 -1.622074 -0.143046;
1745651 -1.785938 -0.254960;
1750840 -1.948877 -0.260611;
1756018 -2.101839 -0.260611;
1761210 -2.261038 -0.736635;
1766376 -2.429149 -0.871804;
1771550 -2.601663 -1.027138;
1776748 -2.779026 -1.042487;
1781625 -2.955863 -1.067554;
1786805 -3.103946 -1.690950;
1791949 -3.255891 -1.832224;
1797110 -3.426532 -1.845695;
1802270 -3.600731 -1.853604;
1807455 -3.769972 -1.869995;
1812520 -3.938807 -2.439758;
1817601 -4.104701 -2.465521;
1822776 -4.262973 -2.449200;
1827915 -4.445230 -2.425138;
1833082 -4.634927 -2.439758;
1838189 -4.807041 -2.720306;
1843388 -4.973920 -3.687978;
1848498 -5.138210 -3.687978;
1853653 -5.313808 -3.712159;
1858830 -5.511730 -3.743500;
1864034 -5.679158 -3.843015;
1869157 -5.857509 -4.308458;
1874318 -6.044425 -4.435440;
1879333 -6.228395 -4.453106;
1884382 -6.409495 -4.495448;
1889491 -6.601189 -4.636356;
1894647 -6.784436 -5.043657;
1899794 -6.964488 -5.493539;
1904934 -7.155344 -5.501683;
1910173 -7.350061 -5.503906;
1915228 -7.549209 -5.588661;
1920274 -7.732641 -6.040639;
1925514 -7.906733 -6.100337;
1930482 -8.093358 -6.131385;
1935532 -8.278602 -6.148523;
1940671 -8.460734 -6.428921;
1945822 -8.646469 -7.096665;
1950978 -8.832127 -7.410917;
1956115 -9.007731 -7.096665;
1961239 -9.193748 -7.046966;
1966417 -9.404756 -7.151963;
1971514 -9.602810 -7.689223;
1976565 -9.780607 -8.072313;
1981800 -9.964203 -8.072313;
1986965 -10.159082 -8.052531;
1992073 -10.367403 -8.083899;
1997224 -10.571942 -8.462586;
2002344 -10.746787 -9.529251;
2007492 -10.897246 -9.265745;
2012534 -11.057331 -9.124393;
2017758 -11.240677 -9.346205;
2022889 -11.441407 -10.047086;
2028056 -11.628381 -10.248235;
2033188 -11.820137 -10.248235;
2038309 -11.979097 -10.058079;
2043437 -12.146277 -10.042529;
2048582 -12.348525 -10.316097;
2053712 -12.509577 -11.080307;
2058854 -12.653868 -11.080307;
2063971 -12.798496 -10.316097;
2069095 -13.014451 -10.789613;
2074293 -13.230700 -11.050800;
2079614 -13.411664 -12.214852;
2084653 -13.596910 -12.483630;
2089704 -13.761259 -12.483630;
2094831 -13.926000 -12.211025;
2101923 -14.109735 -12.571546;
2108368 -14.363891 -12.510062;
2115617 -14.553828 -12.510062;
2120659 -14.840503 -12.330903;
2125778 -15.042554 -12.182912;
2131468 -15.199080 -12.571546;
2136641 -15.359035 -13.386100;
2141713 -15.542958 -13.098485;
2146828 -15.723290 -13.158200;
2151843 -15.901325 -14.143099;
2157084 -16.058308 -14.699960;
2162203 -16.204681 -14.701900;
2167319 -16.342802 -14.701900;
2172350 -16.494862 -14.686060;
2177590 -16.672237 -14.165455;
2182854 -16.819662 -14.715807;
2187966 -16.937586 -15.283982;
2193022 -17.063498 -14.743674;
2198058 -17.217363 -14.721463;
2203180 -17.396261 -14.688009;
2208299 -17.544199 -14.776600;
2213440 -17.672785 -15.637716;
2218562 -17.800589 -15.813936;
2223686 -17.966120 -15.558935;
2228815 -18.148262 -15.883019;
2233934 -18.328350 -16.005744;
2238965 -18.483313 -16.774691;
2243976 -18.595554 -16.774691;
2249050 -18.707121 -16.497529;
2254182 -18.870249 -16.035213;
2259300 -19.076063 -16.377365;
2264419 -19.234785 -16.804909;
2269548 -19.382284 -17.220030;
2274679 -19.538294 -17.220030;
2279810 -19.714104 -17.346915;
2284992 -19.889914 -17.763794;
2290055 -20.094332 -17.779295;
2295168 -20.281765 -18.089760;
2300301 -20.440565 -18.089760;
2305428 -20.619030 -18.936430;
2310559 -20.830084 -18.801767;
2315672 -21.056734 -18.801767;
2320792 -21.251638 -18.936430;
2325827 -21.420427 -19.031923;
2331055 -21.583532 -19.618175;
2336189 -21.752890 -19.618175;
2341382 -21.962976 -19.900058;
2346585 -22.155777 -19.943155;
2351839 -22.315666 -20.115267;
2356990 -22.476200 -20.106363;
2362095 -22.656078 -20.106363;
2367238 -22.868370 -20.106363;
2372371 -23.057901 -20.159084;
2377501 -23.226139 -20.476245;
2382646 -23.390558 -21.148571;
2387814 -23.573801 -21.129107;
2392941 -23.778811 -21.156165;
2398073 -23.984268 -21.199744;
2403264 -24.183031 -21.539653;
2408367 -24.339499 -22.266685;
2413525 -24.525373 -22.130694;
2418668 -24.745066 -22.343347;
2423810 -24.958899 -22.495119;
2428957 -25.147764 -22.629726;
2434111 -25.306089 -24.349789;
2439278 -25.491226 -24.194515;
2444424 -25.687912 -24.194515;
2449590 -25.885960 -24.321455;
2454750 -26.077364 -24.349789;
2459918 -26.241642 -24.947392;
2465069 -26.402348 -24.947392;
2469994 -26.613720 -24.933001;
2475147 -26.812098 -24.918575;
2480325 -26.991573 -25.302174;
2485460 -27.143579 -25.868638;
2490647 -27.282993 -25.937719;
2495817 -27.433718 -25.406000;
2500968 -27.619547 -25.868638;
2506161 -27.801823 -26.014648;
2511536 -27.943287 -26.741331;
2516549 -28.079535 -26.925172;
2521603 -28.222372 -26.940881;
2526650 -28.386131 -26.858745;
2531715 -28.540108 -26.858745;
2536843 -28.693281 -27.015621;
2541997 -28.862570 -27.015621;
2547087 -28.982475 -27.097177;
2552124 -29.107302 -27.240600;
2557172 -29.259090 -27.158882;
2562326 -29.407742 -27.257169;
2567375 -29.550386 -27.344672;
2572492 -29.671856 -27.344672;
2577536 -29.800938 -27.257169;
2582619 -29.937689 -27.172316;
2587703 -30.063507 -26.921465;
2592839 -30.196724 -26.818488;
2597910 -30.312838 -27.061529;
2603032 -30.424618 -27.103560;
2608120 -30.550621 -27.054656;
2613276 -30.666737 -27.185974;
2618415 -30.756342 -27.360627;
2623458 -30.855890 -27.503749;
2628571 -30.959930 -27.946532;
2633709 -31.074003 -28.073163;
2638829 -31.183651 -28.495495;
2643886 -31.275015 -28.632133;
2648938 -31.359619 -28.829290;
2653954 -31.445295 -29.032614;
2658997 -31.509533 -29.034637;
2666746 -31.574116 -29.684047;
2673000 -31.689087 -29.856998;
2678126 -31.781878 -29.933615;
2683211 -31.847757 -29.962450;
2688386 -31.911093 -29.964512;
2693458 -31.961565 -30.254529;
2698472 -32.012077 -30.311730;
2703627 -32.073570 -30.496356;
2708697 -32.130142 -30.838252;
2713821 -32.174328 -30.838252;
2718887 -32.207874 -31.068784;
2723922 -32.244328 -31.225250;
2728992 -32.278481 -31.225250;
2734192 -32.282143 -31.229498;
2739300 -32.285900 -31.229498;
2744348 -32.294113 -31.400129;
2749427 -32.302498 -31.398006;
2754428 -32.307991 -31.398006;
2759591 -32.313396 -31.221037;
2764649 -32.311253 -31.196838;
2769722 -32.309155 -31.031429;
2774787 -32.309605 -31.031429;
2779873 -32.310055 -30.978823;
2784880 -32.310894 -30.942584;
2790004 -32.311722 -30.438140;
2795056 -32.300522 -30.758827;
2800068 -32.291561 -30.684519;
2805167 -32.282364 -30.695344;
2810285 -32.268105 -30.775077;
2815373 -32.252151 -30.775077;
2820451 -32.240601 -30.914991;
2825570 -32.206863 -31.031173;
2830613 -32.135693 -31.532162;
2835648 -32.064308 -31.696161;
2840779 -31.985233 -31.719685;
2845788 -31.907393 -32.017056;
2850886 -31.841536 -31.903772;
2856034 -31.782564 -31.769830;
2861180 -31.729342 -31.053882;
2866244 -31.689455 -30.832801;
2871292 -31.646069 -30.086513;
2876398 -31.615574 -30.135048;
2881447 -31.548597 -30.808568;
2886630 -31.499519 -30.823214;
2891709 -31.409494 -30.976535;
2896772 -31.319260 -30.815061;
2901915 -31.231512 -30.970960;
2907084 -31.142378 -30.964674;
2912235 -31.076824 -30.657793;
2917264 -31.023569 -29.616272;
2922526 -30.975224 -29.902717;
2927667 -30.911583 -29.910592;
2932681 -30.841635 -30.041988;
2937720 -30.747503 -30.166292;
2942953 -30.660326 -30.166292;
2949884 -30.569792 -30.162087;
2954981 -30.488453 -30.145511;
2959913 -30.428637 -30.148241;
2964999 -30.355057 -30.164817;
2970131 -30.279181 -30.214621;
2975298 -30.189297 -30.162087;
2980501 -30.098801 -30.025715;
2985489 -30.042347 -29.941429;
2990684 -29.988226 -29.618634;
2995831 -29.941853 -29.417572;
3000853 -29.895908 -29.702643;
3005936 -29.806341 -29.774063;
3013590 -29.715687 -29.581803;
3018714 -29.599220 -29.510525;
3023734 -29.528095 -29.334511;
3028751 -29.456575 -28.998265;
3033797 -29.379698 -29.253878;
3038874 -29.307884 -29.172982;
3043994 -29.252760 -28.907505;
3049318 -29.207682 -28.749029;
3054469 -29.156134 -28.646446;
3059530 -29.086521 -28.877340;
3064704 -28.998539 -29.200364;
3069756 -28.899942 -28.855246;
3074810 -28.822645 -28.624412;
3079841 -28.772400 -27.478115;
3084868 -28.743429 -28.144861;
3089896 -28.710068 -28.430067;
3095014 -28.662191 -28.663425;
3100166 -28.590603 -28.663425;
3105204 -28.491678 -28.688556;
3110410 -28.412132 -28.451386;
3115561 -28.362600 -28.451386;
3120614 -28.327394 -27.455699;
3125736 -28.285954 -27.536076;
3130835 -28.248560 -27.652651;
3135866 -28.180508 -28.794172;
3140903 -28.080603 -28.794172;
3145938 -27.986078 -28.157830;
3150956 -27.891590 -27.682069;
3156192 -27.836876 -27.229243;
3161230 -27.779785 -27.229243;
3166252 -27.742121 -27.376579;
3171278 -27.704576 -27.452317;
3176383 -27.605156 -27.304830;
3181500 -27.504171 -27.349462;
3186625 -27.435682 -27.304994;
3191662 -27.367086 -27.131955;
3196960 -27.314358 -26.672811;
3202034 -27.243124 -26.796824;
3207262 -27.146511 -26.999257;
3212467 -27.060734 -26.871668;
3217649 -26.975334 -26.841324;
3222711 -26.904829 -26.336137;
3227734 -26.835957 -25.925983;
3232925 -26.765774 -26.366258;
3237932 -26.663404 -26.517120;
3245521 -26.552052 -26.466483;
3250747 -26.383276 -26.372521;
3255759 -26.266134 -26.372521;
3260963 -26.166492 -26.173693;
3266085 -26.043528 -26.168105;
3271124 -25.920155 -25.866983;
3276219 -25.818052 -25.766735;
3281305 -25.754681 -25.661735;
3286314 -25.675619 -25.816658;
3291442 -25.580280 -25.772249;
3296518 -25.468428 -25.875243;
3301544 -25.351200 -25.678231;
3306561 -25.236240 -25.592301;
3311601 -25.133972 -24.683363;
3316736 -25.044315 -24.683363;
3321785 -24.956497 -24.724127;
3326824 -24.872540 -24.740356;
3331889 -24.768745 -24.740356;
3337125 -24.664415 -24.726829;
3342202 -24.573509 -24.637409;
3347414 -24.485365 -24.637409;
3352517 -24.394558 -24.253529;
3357714 -24.305651 -24.267725;
3362790 -24.193960 -24.451006;
3367872 -24.081112 -24.448587;
3374706 -23.819815 -24.402369;
3380091 -23.685791 -24.402369;
3387577 -23.685791 -24.346049;
3392779 -23.553879 -23.524465;
3397790 -23.456654 -23.910961;
3403066 -23.344561 -23.967844;
3408106 -23.209705 -23.865194;
3413367 -23.089617 -23.800559;
3418387 -22.988037 -23.402645;
3423403 -22.904177 -23.153298;
3429266 -22.820383 -23.153298;
3434330 -22.665466 -23.402645;
3439539 -22.524433 -22.985314;
3444607 -22.392244 -22.850119;
3449827 -22.287195 -22.607542;
3454983 -22.187962 -22.607542;
3459997 -22.073570 -21.913772;
3465010 -21.960836 -21.913772;
3470115 -21.842270 -22.085313;
3475034 -21.708473 -22.076099;
3480142 -21.591192 -22.075033;
3485238 -21.492567 -22.051106;
3490358 -21.397013 -21.985248;
3495441 -21.285727 -22.031167;
3500451 -21.155146 -22.034161;
3505466 -21.017912 -21.853708;
3510505 -20.878664 -21.850726;
3516453 -20.738750 -21.678637;
3521621 -20.621727 -21.389009;
3526757 -20.503242 -21.330676;
3531902 -20.362400 -21.311149;
3536994 -20.230579 -21.256886;
3542116 -20.094442 -20.902829;
3547248 -19.980728 -20.401933;
3552325 -19.897230 -20.287489;
3557526 -19.797962 -20.365991;
3562528 -19.660101 -20.474350;
3567555 -19.507622 -20.395639;
3572571 -19.347549 -20.352101;
3577678 -19.204559 -20.113921;
3582792 -19.068020 -20.113921;
3587920 -18.926844 -19.140540;
3592947 -18.800703 -18.740753;
3597952 -18.686987 -18.726499;
3606118 -18.573769 -19.158060;
3611388 -18.331945 -19.090892;
3617506 -18.207945 -19.054151;
3622597 -18.032701 -18.623811;
3627687 -17.881163 -18.161737;
3632842 -17.739288 -18.158849;
3637922 -17.601072 -18.158849;
3642967 -17.475725 -17.949640;
3648086 -17.330061 -18.157788;
3653239 -17.169521 -17.526343;
3658260 -17.002684 -17.520674;
3663279 -16.845600 -17.495193;
3668311 -16.703024 -17.268678;
3673393 -16.572561 -16.872619;
3678508 -16.443558 -17.108018;
3683651 -16.285408 -17.091246;
3690145 -16.126392 -16.967530;
3695373 -15.939535 -16.790293;
3700404 -15.791780 -16.228299;
3705440 -15.671943 -16.732666;
3710471 -15.550258 -16.790293;
3715563 -15.364404 -16.649392;
3720599 -15.232153 -16.453819;
3725630 -15.098781 -15.816550;
3730858 -14.965694 -14.835717;
3735897 -14.820693 -14.835717;
3740932 -14.660700 -14.962501;
3746009 -14.485345 -15.038266;
3751137 -14.315387 -14.979307;
3756168 -14.157736 -14.783777;
3761304 -14.013858 -14.688435;
3766346 -13.869801 -14.551276;
3771356 -13.735269 -13.986909;
3776458 -13.609240 -13.909418;
3781674 -13.426293 -14.072180;
3786753 -13.241210 -14.595882;
3791761 -13.080956 -14.503040;
3796823 -12.926611 -14.007764;
3802010 -12.770679 -13.896187;
3807118 -12.643841 -13.476132;
3812149 -12.520650 -13.418320;
3817334 -12.369091 -13.881448;
3822490 -12.194765 -13.418320;
3827516 -12.021415 -13.347806;
3832631 -11.894830 -12.997250;
3837668 -11.766004 -12.997250;
3842922 -11.626914 -12.997250;
3848270 -11.481833 -11.667752;
3853320 -11.320153 -11.667752;
3858454 -11.166789 -11.741361;
3863594 -11.010874 -11.735863;
3868647 -10.868195 -11.698561;
3873849 -10.731672 -11.355817;
3879040 -10.586875 -11.109233;
3884014 -10.442384 -10.894314;
3889130 -10.303933 -10.873285;
3894269 -10.153797 -10.873285;
3899419 -9.984941 -10.831050;
3904474 -9.855902 -10.749772;
3909574 -9.726117 -10.547723;
3914813 -9.587585 -10.536387;
3919858 -9.439199 -10.519922;
3924955 -9.296423 -10.050796;
3930082 -9.144471 -9.910183;
3935130 -8.988886 -9.781303;
3940280 -8.848414 -9.767495;
3945311 -8.703060 -9.748789;
3950342 -8.565750 -9.022701;
3955633 -8.436351 -8.915736;
3960669 -8.280676 -9.040809;
3965721 -8.125737 -9.040809;
3970773 -7.975821 -9.009569;
3975843 -7.837051 -8.799219;
3980886 -7.707307 -8.733395;
3986126 -7.585837 -8.173998;
3991148 -7.455463 -8.173998;
3996457 -7.321082 -8.113926;
4001486 -7.170429 -8.005139;
4006561 -7.016205 -7.812777;
4011565 -6.877110 -7.705949;
4016888 -6.877110 -7.649467;
4021896 -6.755260 -7.649467;
4026951 -6.620960 -7.116817;
4032025 -6.620960 -7.080299;
4037266 -6.486660 -7.056139;
4042308 -6.342978 -7.051975;
4047604 -6.195090 -7.043652;
4052699 -6.046383 -6.997246;
4057758 -5.920978 -6.071916;
4062981 -5.788541 -5.962639;
4068028 -5.659108 -6.222828;
4073119 -5.539199 -6.471580;
4078361 -5.398386 -6.222828;
4083412 -5.242551 -5.890365;
4088509 -5.115954 -5.762424;
4093625 -4.984118 -5.753359;
4098768 -4.854329 -5.753359;
4103885 -4.726839 -5.121193;
4108983 -4.595189 -5.084456;
4114166 -4.455583 -5.006671;
4119208 -4.305301 -5.005958;
4124667 -4.177313 -4.984598;
4129844 -4.039489 -4.815403;
4134951 -3.916017 -4.484492;
4140170 -3.787392 -4.171594;
4145288 -3.643278 -4.145659;
4150518 -3.516798 -4.133068;
4155619 -3.385914 -4.039241;
4160876 -3.257089 -3.517232;
4165900 -3.127897 -3.707019;
4170938 -3.008343 -3.698094;
4176048 -2.871918 -3.672043;
4181295 -2.724260 -3.668693;
4186352 -2.598878 -3.457549;
4191492 -2.483749 -2.406080;
4196599 -2.372224 -2.694923;
4201732 -2.256074 -2.855922;
4206844 -2.124522 -2.730769;
4212097 -1.987849 -2.680246;
4217153 -1.844159 -2.407199;
4222218 -1.722570 -2.400487;
4227251 -1.607684 -2.389879;
4232375 -1.501977 -1.946356;
4237615 -1.396080 -1.094671;
4242737 -1.274425 -1.966655;
4247856 -1.136234 -1.946356;
4253041 -0.996561 -1.930394;
4258089 -0.860470 -1.419740;
4264831 -0.742078 -1.061794;
4269938 -0.587611 -1.239483;
4275085 -0.463625 -1.214884;
4280242 -0.324839 -1.210471;
4285293 -0.197041 -1.051684;
4290426 -0.078849 -0.626106;
4295472  0.037540 -0.163520;
4300707  0.155962 -0.892771;
4305761  0.272105 -0.949846;
4310831  0.418956 -0.889000;
4315950  0.574708 -0.154080;
4320991  0.713326  0.124365;
4326044  0.836594  0.151893;
4331097  0.964283  0.151893;
4336991  1.081635  0.472109;
4342119  1.224997  0.467418;
4347285  1.362528  1.358110;
4352505  1.491535  1.358448;
4357674  1.620057  1.359464;
4362774  1.746416  1.440095;
4368014  1.871244  1.480595;
4373143  2.004419  1.565496;
4378202  2.139823  1.436085;
4383271  2.273920  1.440095;
4388391  2.407470  1.565496;
4393561  2.532748  2.240675;
4398673  2.652777  2.157795;
4403910  2.784572  2.168579;
4409139  2.928784  2.168579;
4414985  3.221394  2.175396;
4420002  3.221394  2.434531;
4425234  3.336071  2.620555;
4430281  3.461894  2.552177;
4435442  3.595518  2.552177;
4440446  3.745123  2.596621;
4445500  3.886242  2.620555;
4450757  4.020940  3.426105;
4455914  4.161047  3.436231;
4461127  4.277153  3.436231;
4466169  4.396032  3.426105;
4471275  4.529448  3.581276;
4476339  4.679173  3.890793;
4481399  4.813828  3.901309;
4486738  4.945865  3.901684;
4491785  5.095046  4.324274;
4496799  5.219694  4.491350;
4501864  5.334954  5.129112;
4507103  5.456567  5.129112;
4512177  5.592755  4.491046;
4517210  5.732556  5.129112;
4522384  5.868077  5.142767;
4527490  6.007355  5.390513;
4532540  6.140749  5.390513;
4537584  6.274800  5.390513;
4542723  6.400221  5.735039;
4547850  6.527455  5.877521;
4553101  6.667503  5.883466;
4558144  6.812582  5.885410;
4563098  6.955301  5.885548;
4568176  7.088090  6.022389;
4573281  7.217264  6.669092;
4579062  7.347826  6.765163;
4584094  7.502605  6.765163;
4589242  7.638406  6.765163;
4594309  7.781229  6.850641;
4599337  7.919290  7.186048;
4604371  8.047997  7.425059;
4609408  8.172632  7.425059;
4614434  8.303377  7.425059;
4619522  8.432379  7.583552;
4624557  8.564681  7.751453;
4629805  8.704560  7.866623;
4634849  8.845349  7.865986;
4639895  8.973927  7.865986;
4644904  9.102673  8.215224;
4649945  9.240683  8.605325;
4655009  9.383384  8.434179;
4660263  9.527354  8.432022;
4665319  9.694093  8.430616;
4670412  9.854548  8.536588;
4675449  9.981965  9.201053;
4680450  10.107981  9.987668;
4685545  10.241877  9.987668;
4690607  10.378289  9.611889;
4695748  10.534143  9.617261;
4700776  10.692430  10.001777;
4705819  10.844550  10.065686;
4710875  10.970447  10.056327;
4716031  11.092924  10.055789;
4721151  11.217824  10.734040;
4726168  11.350020  10.900895;
4731270  11.482468  10.915902;
4736285  11.623079  10.915902;
4741510  11.767303  10.915902;
4746543  11.911385  10.964787;
4751628  12.046445  11.169650;
4756858  12.181386  11.415369;
4761861  12.320175  11.415369;
4766863  12.467950  11.415369;
4771885  12.615695  11.708400;
4777078  12.749617  11.794660;
4782181  12.901179  12.166528;
4787380  13.040806  12.166528;
4792382  13.179407  12.166528;
4797489  13.318637  12.191298;
4802570  13.466559  12.456974;
4807798  13.605273  12.642571;
4812817  13.749038  12.642571;
4817988  13.873760  12.636913;
4823098  14.002221  12.792108;
4828185  14.130453  13.120775;
4833190  14.270690  12.896686;
4838196  14.420815  12.869476;
4843289  14.560844  12.869476;
4848306  14.701480  13.197358;
4853406  14.835191  13.710959;
4858423  14.963445  13.821785;
4863598  15.090530  13.821785;
4868696  15.232047  13.821785;
4873873  15.378113  14.101163;
4878980  15.530236  14.290196;
4884000  15.687164  14.410695;
4889029  15.839963  14.406304;
4894032  15.965778  14.406304;
4899036  16.096291  14.599855;
4904301  16.224346  15.292636;
4909355  16.377649  15.406280;
4914591  16.530943  15.365589;
4919608  16.689077  14.998989;
4924870  16.835312  15.381987;
4929950  16.984671  15.422756;
4935141  17.126925  16.297016;
4940220  17.273634  16.297016;
4945439  17.423420  16.297016;
4950456  17.580124  16.516807;
4955718  17.720461  16.553974;
4960728  17.869137  16.608701;
4966011  18.009087  16.608701;
4971272  18.158316  16.608701;
4976275  18.317486  16.722288;
4981296  18.463579  17.218641;
4986559  18.606289  17.246068;
4991593  18.748243  17.246068;
4996626  18.882946  17.246068;
5001740  19.017391  17.738501;
5006886  19.164072  18.103810;
5011856  19.164072  18.075366;
5016931  19.312466  18.045823;
5022035  19.472942  18.021648;
5027137  19.621986  18.119098;
5032161  19.778332  18.591104;
5037405  19.901760  19.270022;
5042579  20.174273  18.761528;
5047702  20.174273  18.761528;
5052711  20.330519  18.967540;
5057969  20.486998  19.318834;
5062997  20.648445  19.322327;
5068084  20.793926  19.322327;
5073251  20.934162  19.322327;
5078324  21.072107  20.155800;
5083331  21.204639  20.506862;
5088543  21.335676  20.432076;
5093559  21.481945  20.432076;
5098579  21.618616  20.432076;
5108074  21.747847  20.814242;
5113320  22.024025  21.086699;
5119465  22.170807  21.154221;
5124487  22.325247  21.113279;
5129493  22.455679  21.083347;
5134501  22.580881  21.563499;
5139600  22.693251  21.901831;
5144781  22.806726  21.636588;
5149889  22.936226  21.636588;
5155020  23.071777  21.636588;
5160097  23.211464  21.694739;
5165106  23.314451  21.963176;
5170126  23.416059  22.237177;
5175224  23.513983  22.237177;
5180342  23.613428  22.237177;
5185344  23.722717  22.443288;
5190439  23.829529  22.512876;
5195569  23.952446  22.502852;
5200700  24.076206  22.492796;
5205727  24.177704  22.492796;
5210800  24.277145  23.175502;
5215923  24.378077  23.667558;
5221064  24.482859  23.647738;
5226259  24.592640  23.526020;
5231403  24.703573  23.318419;
5236432  24.797476  23.526020;
5241487  24.889278  23.668347;
5246490  24.976347  24.351966;
5251523  25.063704  24.197888;
5256555  25.158384  24.197888;
5261769  25.250742  24.407250;
5266945  25.345644  24.446657;
5271956  25.437010  24.490173;
5277021  25.522631  24.480895;
5282032  25.591429  24.432595;
5287084  25.671810  24.726637;
5292114  25.766308  24.778576;
5297220  25.860510  25.311642;
5302468  25.951691  25.305171;
5307578  26.040882  25.223584;
5312640  26.114777  25.545328;
5317692  26.182529  25.829685;
5322926  26.262642  25.758308;
5327980  26.358706  25.615107;
5333027  26.437963  25.478191;
5338077  26.523699  25.566380;
5343207  26.600426  25.644698;
5348346  26.669714  25.751701;
5353493  26.727552  25.751701;
5358539  26.784027  25.751701;
5363689  26.835079  26.382155;
5368707  26.890682  26.401512;
5374419  26.956429  26.177792;
5379594  27.039988  26.119144;
5384706  27.099100  26.119144;
5389759  27.151133  26.566200;
5394796  27.206074  26.760244;
5399852  27.257111  26.820868;
5405102  27.303207  26.820868;
5410224  27.362455  26.616807;
5415394  27.432653  26.820868;
5420449  27.474304  27.043766;
5425593  27.505882  27.205997;
5430546  27.542690  27.070502;
5435687  27.581987  27.068148;
5440644  27.612886  27.205997;
5445821  27.652935  27.207181;
5450884  27.686501  27.244667;
5455916  27.706032  27.232821;
5461067  27.718452  27.232821;
5466203  27.734825  27.244667;
5471355  27.760206  27.267212;
5476477  27.782953  27.509022;
5481735  27.798256  27.509022;
5486827  27.809107  27.473070;
5491849  27.808771  27.537288;
5496960  27.802498  27.705261;
5502098  27.797558  27.855654;
5507273  27.805260  27.573332;
5512370  27.829332  27.292318;
5517585  27.853043  27.560102;
5522721  27.862333  27.842274;
5527819  27.834982  28.401237;
5532966  27.818729  28.114587;
5538054  27.803421  27.573332;
5543076  27.791861  27.649421;
5548209  27.791569  27.702884;
5553211  27.792250  27.633300;
5558235  27.782412  27.583752;
5563362  27.757689  27.521238;
5568389  27.716492  27.934231;
5573481  27.686575  27.997775;
5578679  27.650635  27.691321;
5583697  27.620255  27.501285;
5588959  27.586061  27.501285;
5593995  27.550005  27.536243;
5599060  27.510923  27.603864;
5604080  27.462763  27.627166;
5609276  27.417099  27.514595;
5614277  27.369471  27.488842;
5619297  27.369471  27.490042;
5624592  27.311275  27.515797;
5629848  27.254097  27.456486;
5634877  27.184780  27.440942;
5640134  27.116844  27.440942;
5645137  27.046551  27.456486;
5650162  27.004059  27.511669;
5655196  26.955923  26.865802;
5660197  26.955923  26.794814;
5665394  26.910776  26.745067;
5670575  26.770628  27.184712;
5675663  26.770628  27.227233;
5680738  26.687370  26.856081;
5685942  26.625864  26.609436;
5691106  26.576103  26.539219;
5696216  26.517303  26.746953;
5701379  26.438795  26.840918;
5706485  26.365622  26.881674;
5711504  26.265465  26.849332;
5716798  26.182722  26.729554;
5721803  26.116299  26.729554;
5726821  26.044294  26.729554;
5731928  25.959730  26.231459;
5737047  25.878773  26.220202;
5742106  25.786449  26.194315;
5747294  25.681692  26.205559;
5752460  25.580719  26.242755;
5757633  25.491255  25.760777;
5762734  25.404158  25.715667;
5767855  25.310057  25.680605;
5773095  25.206478  25.688264;
5778101  25.095293  25.715667;
5783148  24.988155  25.516230;
5788243  24.895514  25.063063;
5793421  24.814125  25.054564;
5798521  24.708879  25.419666;
5803624  24.593775  25.419666;
5808873  24.479458  25.229572;
5813881  24.360107  25.048521;
5819035  24.254341  24.751074;
5824126  24.147026  24.778291;
5829310  24.058512  24.778291;
5834488  23.967194  24.908744;
5839681  23.840012  24.696138;
5844748  23.706793  24.605203;
5849921  23.580597  24.726309;
5854922  23.466963  24.726309;
5859993  23.367796  23.735134;
5864994  23.266468  23.680088;
5870182  23.161194  23.680088;
5875190  23.043983  23.763071;
5880244  22.923386  23.773931;
5885416  22.804611  23.577127;
5890443  22.692461  23.536132;
5895484  22.590746  23.111330;
5900580  22.475740  23.207154;
5905689  22.349560  23.207154;
5910944  22.214205  22.933287;
5916255  22.074982  22.873825;
5921271  21.937519  22.680010;
5926475  21.829363  22.680010;
5931545  21.687160  22.855110;
5936624  21.548620  22.583432;
5941742  21.412935  22.356294;
5946756  21.263355  22.141872;
5951780  21.128412  22.175795;
5956982  20.993200  22.226059;
5962109  20.879725  21.195256;
5967236  20.767883  21.137413;
5972301  20.621407  21.111576;
5977486  20.476702  21.303595;
5982501  20.339848  21.450575;
5987631  20.207481  21.335736;
5992721  20.079872  21.029141;
5997792  19.953259  20.897686;
6002885  19.827427  20.897686;
6007994  19.701050  20.928161;
6013161  19.561913  20.858827;
6018276  19.421196  20.823455;
6023414  19.293375  20.613116;
6028504  19.170391  20.750046;
6033691  19.048555  20.823455;
6038859  18.895811  20.719184;
6043979  18.766151  20.140374;
6049046  18.630426  19.924840;
6054090  18.468336  20.101616;
6059258  18.301397  20.524124;
6064293  18.180773  20.158279;
6069339  18.058640  19.744472;
6074377  17.898914  19.354436;
6079498  17.738905  19.701012;
6084547  17.600222  19.727344;
6089694  17.480486  18.758054;
6094729  17.341728  18.463265;
6099881  17.197456  18.275611;
6105019  17.056007  18.275611;
6110156  16.912079  18.275611;
6115162  16.775316  17.224014;
6120251  16.632870  17.013109;
6125386  16.486897  16.709461;
6130398  16.340857  16.709461;
6135469  16.207230  16.728480;
6140480  16.050585  16.770252;
6145503  15.895144  16.493140;
6150566  15.755357  16.455428;
6155730  15.610515  16.482458;
6160936  15.458329  16.493140;
6166065  15.312655  16.018994;
6171234  15.160483  16.004042;
6176308  15.010360  15.929625;
6181417  14.870935  15.944457;
6186589  14.733865  15.944457;
6191671  14.577219  15.653403;
6196855  14.423299  15.311550;
6201963  14.268703  14.924443;
6207104  14.096878  15.267138;
6212140  13.923943  15.291161;
6217180  13.782526  15.297126;
6222277  13.635264  14.594784;
6227521  13.475754  14.317677;
6232672  13.308361  14.335902;
6237828  13.150071  14.335902;
6242856  12.991627  14.068037;
6248006  12.829209  13.956203;
6253009  12.684906  13.718805;
6258014  12.531775  13.718805;
6263081  12.364560  13.718805;
6268336  12.204828  13.400425;
6273465  12.048356  13.012372;
6278514  11.895557  12.942955;
6283580  11.716891  12.942955;
6288611  11.557345  12.951049;
6293680  11.416031  12.827243;
6298826  11.253218  12.571829;
6303837  11.101405  12.459377;
6308872  10.953729  12.459377;
6313958  10.794852  12.460669;
6319060  10.638248  12.097001;
6324136  10.486332  11.845026;
6329180  10.326278  11.592070;
6334319  10.171082  11.597515;
6339533  10.028813  11.598878;
6344733  9.878497  10.507291;
6349959  9.728585  10.500866;
6354967  9.566833  10.487470;
6360210  9.408426  10.487881;
6365358  9.245468  10.489524;
6370479  9.079489  10.393652;
6375599  8.923997  10.353489;
6380704  8.779166  10.040500;
6385820  8.623848  10.040500;
6390872  8.469602  10.040500;
6395964  8.311075  9.667450;
6401064  8.147368  9.377466;
6406085  7.974839  9.364610;
6411126  7.812801  9.367234;
6416231  7.656698  9.367372;
6421261  7.510538  8.302188;
6426397  7.368983  8.299175;
6431505  7.227933  8.292227;
6436533  7.067260  8.340377;
6441606  6.919083  8.340377;
6446835  6.765474  8.139673;
6451858  6.607700  7.855926;
6456876  6.463274  7.797086;
6462031  6.319657  7.797803;
6467292  6.319657  7.797803;
6472407  6.166300  7.452266;
6477471  6.014432  7.428341;
6482497  6.014432  7.315552;
6487662  5.844522  7.315665;
6492880  5.706343  7.316343;
6498094  5.564276  6.484738;
6503300  5.416707  6.228305;
6508230  5.259429  6.170185;
6513438  5.115418  6.169453;
6518535  4.953945  6.169243;
6523586  4.803501  5.964165;
6528766  4.667446  5.448613;
6533850  4.523132  5.449090;
6538879  4.374158  5.695123;
6544051  4.202994  5.766511;
6549069  4.033043  5.693913;
6554172  3.886654  5.194628;
6559341  3.742928  4.748931;
6564498  3.593988  4.746875;
6569670  3.435238  4.743441;
6574842  3.293397  4.713836;
6579917  3.155307  4.217372;
6585168  3.016282  4.057018;
6590084  2.869309  4.049694;
6595226  2.728485  4.049694;
6600220  2.579891  3.928397;
6606805  2.432716  3.596361;
6613239  2.233877  3.605390;
6619430  2.065482  3.605390;
6624456  1.874712  3.605185;
6629699  1.734113  2.777873;
6634849  1.568993  2.777873;
6640005  1.407982  2.549675;
6645177  1.261896  2.545388;
6650306  1.115358  2.524909;
6655455  0.969842  1.966490;
6660622  0.823758  1.980062;
6665756  0.656772  1.898632;
6670889  0.492145  1.884844;
6676033  0.346477  1.873761;
6681175  0.200496  1.230766;
6686316  0.043816  1.187645;
6691456 -0.112832  1.187645;
6696596 -0.250185  1.169483;
6701772 -0.387539  1.150149;
6706906 -0.530635  0.839467;
6712030 -0.672569  0.265490;
6717178 -0.829209  0.126442;
6722316 -0.986582  0.121502;
6727477 -1.136628  0.120678;
6732598 -1.287347 -0.207365;
6737723 -1.444051 -0.302208;
6742858 -1.600877 -0.386854;
6748013 -1.754129 -0.403230;
6753136 -1.907977 -0.406780;
6758271 -2.061848 -0.931806;
6763208 -2.216080 -1.005550;
6768292 -2.375181 -1.005550;
6773302 -2.540610 -1.033302;
6778535 -2.696326 -1.053516;
6783667 -2.858974 -1.256717;
6788798 -3.009825 -1.545488;
6793931 -3.160646 -1.903253;
6799075 -3.316229 -1.545488;
6804198 -3.472144 -1.572110;
6809320 -3.641619 -2.147517;
6814462 -3.788579 -2.784475;
6819588 -3.936112 -2.751452;
6824696 -4.107330 -2.593143;
6829729 -4.277946 -2.626339;
6834944 -4.422775 -2.960596;
6840087 -4.572841 -3.347171;
6845113 -4.731867 -3.498181;
6850231 -4.887275 -3.498181;
6855439 -5.048575 -3.500054;
6860570 -5.212712 -3.587277;
6865698 -5.346457 -3.604073;
6870875 -5.480123 -3.645692;
6875946 -5.623483 -3.667880;
6880956 -5.763908 -3.688883;
6885990 -5.910867 -4.034913;
6891132 -6.058530 -4.324137;
6896173 -6.194406 -4.730073;
6901334 -6.327612 -4.740558;
6906383 -6.468757 -4.750360;
6911510 -6.606839 -5.309264;
6916521 -6.744627 -5.332691;
6921533 -6.879337 -5.755923;
6926735 -7.016177 -5.784714;
6931721 -7.138946 -5.786992;
6936861 -7.278616 -5.520696;
6941945 -7.441787 -5.788048;
6947061 -7.580360 -6.017872;
6952171 -7.708480 -6.017872;
6957280 -7.845890 -6.020961;
6962386 -7.980230 -6.670434;
6967492 -8.114882 -6.871161;
6972636 -8.247818 -7.003879;
6977796 -8.381744 -6.974031;
6982828 -8.502300 -6.974031;
6987951 -8.628931 -7.059321;
6993050 -8.771579 -7.112271;
6998180 -8.912118 -7.373350;
7003280 -9.046932 -7.409082;
