389884  0.000000  97.045494;
395448  0.000000 -0.005540;
408747  0.000000  0.016954;
413773  0.000000  0.011901;
418871  0.000000 -0.000378;
423872  0.000000 -0.000378;
428937  0.000000 -0.001632;
433955  0.000000  0.000497;
438969  0.000894  0.001790;
444018  0.001138  0.001790;
449090  0.000843  0.005135;
454118  0.000703  0.008560;
459193  0.000794  0.008142;
464225  0.001234  0.017881;
469303  0.000825  0.017881;
474325  0.000607  0.017881;
479379  0.000161  0.020015;
484403  0.000214  0.022984;
489435 -0.000654  0.038252;
494475 -0.001524  0.028089;
499646 -0.002356  0.028089;
504687 -0.003092  0.038252;
511144 -0.003809  0.051802;
516218 -0.004382  0.060653;
521263 -0.004678  0.060653;
526299 -0.004394  0.060653;
531373 -0.003765  0.067427;
536428 -0.004022  0.073372;
541458 -0.003236  0.147087;
546472 -0.001993  0.065768;
551518 -0.001864  0.065768;
556607 -0.000078  0.063694;
561661  0.001296  0.063279;
566690  0.001387 -0.205580;
571858  0.000825 -0.296971;
576929  0.001195 -0.296971;
581933  0.000473 -0.276665;
586998  0.000907 -0.205580;
592007  0.001811 -0.198809;
597064  0.002704 -0.198809;
602186  0.004224 -0.198809;
607216  0.006311 -0.064611;
612272  0.008628 -0.064611;
617331  0.010650 -0.163706;
622388  0.011397 -0.278840;
627500  0.011991 -0.278840;
632567  0.012083 -0.252789;
637617  0.013219 -0.205331;
642644  0.013927 -0.251487;
647686  0.014555 -0.285373;
652777  0.015185 -0.326030;
657783  0.013489 -0.328223;
662820  0.011822 -0.329538;
667849  0.010144 -0.287554;
672957  0.008469 -0.283630;
678121  0.006573 -0.283194;
683163  0.004655 -0.249318;
688191  0.002322 -0.232378;
693249 -0.000006 -0.208597;
698367 -0.001188 -0.207735;
703415 -0.002385 -0.203858;
708558 -0.003257 -0.014233;
713565 -0.003007  0.297629;
718622 -0.002764  0.450710;
723638 -0.001206  0.453064;
728770  0.000340  0.436101;
733784  0.001412  0.433741;
738804  0.002459  0.432954;
743827  0.002512  0.181637;
748867  0.002564  0.154499;
753885  0.001270  0.155319;
758983 -0.000018  0.154499;
764000 -0.001055  0.153679;
769065 -0.002534  0.122326;
774069 -0.003796  0.122326;
779116 -0.004699  0.122738;
784129 -0.005340  0.132914;
789197 -0.006321  0.132914;
794223 -0.006848  0.128187;
799367 -0.007486  0.067153;
804375 -0.008454  0.046812;
809430 -0.009395  0.046395;
814445 -0.010539  0.044730;
819609 -0.011865  0.031166;
824640 -0.013821  0.032835;
829679 -0.014998  0.033252;
834796 -0.015984  0.033252;
839845 -0.014993  0.101059;
844856 -0.012512  0.271703;
850019 -0.009667  0.278946;
855087 -0.006303  0.281758;
860094 -0.001453  0.404315;
865114  0.001542  0.402341;
870144  0.003894  0.092045;
875166  0.005444  0.037835;
880188  0.005381 -0.219486;
885254  0.005779 -0.230720;
890289  0.006489 -0.231153;
895323  0.007502 -0.489031;
900367  0.007978 -0.492417;
905384  0.008107 -0.499187;
910396  0.009040 -0.496451;
915515  0.010355 -0.493512;
920913  0.011581 -0.452859;
926037  0.013780 -0.452859;
931083  0.016610 -0.452413;
936143  0.018820 -0.299906;
941185  0.020959 -0.255829;
946193  0.023475 -0.248179;
951349  0.026318 -0.247745;
956380  0.028969 -0.247745;
961418  0.032094 -0.203666;
966454  0.035261 -0.051017;
971497  0.038505  0.008772;
976526  0.042176  0.012958;
981646  0.046451  0.012958;
986676  0.050765  0.067709;
991800  0.054849  0.066463;
996840  0.058540  0.043956;
1001964  0.059939  0.043956;
1006994  0.058154  0.006635;
1012149  0.057554  0.006635;
1017225  0.054420 -0.006374;
1022282  0.047266 -1.146348;
1027317  0.040602 -1.146348;
1032347  0.034735 -1.146348;
1037518  0.029067 -0.956920;
1042670  0.021858 -0.784252;
1047732  0.013487 -0.950265;
1052905  0.013487 -1.088858;
1057965 -0.000134 -1.308383;
1063106 -0.000134 -1.315824;
1068120 -0.014014 -1.106283;
1073144 -0.014014 -0.957396;
1078204 -0.027998 -0.946467;
1083250 -0.042778 -0.939355;
1088384 -0.054512 -0.543870;
1093430 -0.065941 -0.107831;
1098475 -0.076597  0.108847;
1103517 -0.086942  0.110085;
1108606 -0.096743  0.119566;
1113616 -0.106052  0.424742;
1118738 -0.114796  0.648779;
1123883 -0.123383  0.690669;
1128975 -0.131106  0.696337;
1134077 -0.142248  0.536917;
1139240 -0.153528  0.696337;
1144280 -0.162618  0.740449;
1149292 -0.165720  0.992712;
1154391 -0.173626  0.992712;
1159464 -0.163530  0.992712;
1164575 -0.141327  3.641703;
1169726 -0.114275  4.614482;
1174862 -0.093342  3.630750;
1180015 -0.067138  3.463684;
1185092 -0.038211  2.962863;
1190133 -0.010913  2.958728;
1195222  0.010689  2.955315;
1200271  0.032962  1.613491;
1205301  0.053751  0.921113;
1210333  0.072618  0.531579;
1215369  0.091607  0.501294;
1220499  0.109075  0.498172;
1225629  0.125066 -0.605065;
1230700  0.139022 -0.865710;
1235853  0.149875 -1.075341;
1240887  0.157638 -1.076788;
1246047  0.165914 -1.090801;
1251070  0.168056 -2.655309;
1256106  0.170485 -3.185016;
1261228  0.165694 -3.939615;
1266366  0.152649 -3.966835;
1271425  0.130778 -4.018398;
1276483  0.107235 -3.875964;
1281586  0.082268 -3.856625;
1286630  0.063701 -3.841203;
1293987  0.016227 -3.169094;
1298994  0.016227 -2.329177;
1304060 -0.000232 -1.895790;
1309100 -0.016383 -1.892076;
1314133 -0.031758 -1.875140;
1319151 -0.046420 -0.920302;
1324343 -0.060579 -0.392016;
1329351 -0.074595 -0.157397;
1334499 -0.086623 -0.151405;
1339593 -0.100874 -0.139452;
1344682 -0.116452  0.395333;
1349773 -0.129530  1.026378;
1354793 -0.126834  3.405668;
1359944 -0.111645  3.405668;
1365095 -0.086112  3.405668;
1370148 -0.059870  4.291074;
1375173 -0.037908  4.287307;
1380272 -0.015838  3.167151;
1385295  0.006752  2.528898;
1390335  0.029887  1.688688;
1395369  0.051754  1.681699;
1400406  0.070867  1.644545;
1405472  0.087683  0.687273;
1410573  0.104056  0.241128;
1415601  0.119490 -0.134367;
1420710  0.133245 -0.143320;
1425837  0.144140 -0.150584;
1430957  0.172450 -2.097242;
1436004  0.192359 -2.201375;
1441112  0.188019 -2.228238;
1446210  0.186279 -2.314557;
1451282  0.178665 -2.315115;
1456416  0.152352 -6.132133;
1461523  0.122346 -6.132133;
1466647  0.091289 -6.112048;
1471786  0.059269 -4.958567;
1476849  0.025664 -4.073474;
1481986  0.001020 -3.273892;
1487036 -0.026219 -3.273892;
1492061 -0.052457 -3.244027;
1497117 -0.076763 -1.960235;
1502200 -0.099404 -1.118399;
1507305 -0.121817 -0.753769;
1512364 -0.140898 -0.753769;
1517433 -0.157181 -0.753769;
1522460 -0.182473 -0.206689;
1527470 -0.192513  3.137993;
1532571 -0.185615  5.614555;
1537581 -0.169674  5.624273;
1542742 -0.148588  5.624273;
1547870 -0.122217  5.614555;
1552891 -0.082744  5.613959;
1557985 -0.059312  3.950854;
1563024 -0.031378  3.061431;
1568056 -0.006553  2.288976;
1573120  0.017161  2.287285;
1578179  0.041220  2.258366;
1583224  0.062088  1.129692;
1588385  0.082397  0.681304;
1593419  0.100298  0.170499;
1598545  0.117720  0.160706;
1603617  0.131703  0.148016;
1608713  0.145385 -1.044941;
1613831  0.145205 -2.632894;
1618933  0.136116 -3.910598;
1623982  0.129509 -3.975938;
1629084  0.109173 -4.002029;
1634181  0.083327 -5.021832;
1639224  0.062992 -5.003379;
1644370  0.047762 -4.991343;
1649527  0.020553 -3.708411;
1654549 -0.001674 -2.704404;
1659598 -0.020751 -2.325319;
1664620 -0.039816 -2.325319;
1669693 -0.068592 -2.321988;
1674694 -0.086391 -1.201565;
1679859 -0.103862 -0.584595;
1684928 -0.121550 -0.257396;
1689954 -0.134499 -0.251755;
1694971 -0.149793 -0.251322;
1700038 -0.162723  0.209591;
1705099 -0.165765  2.126467;
1710236 -0.157174  4.334445;
1715354 -0.136063  4.334445;
1720392 -0.112724  4.334445;
1725403 -0.082905  4.636381;
1730447 -0.055618  4.636095;
1735495 -0.027534  3.663521;
1740503 -0.001355  2.778428;
1745536  0.024616  2.023796;
1750572  0.047144  2.004115;
1755680  0.069686  1.971879;
1760720  0.085219  0.970378;
1765836  0.100545  0.580887;
1770872  0.119891  0.104157;
1776011  0.138934  0.080638;
1781159  0.140479  0.061542;
1786215  0.142026 -2.955075;
1791272  0.130886 -3.925237;
1796435  0.119744 -5.543258;
1801474  0.090317 -5.535067;
1806497  0.061597 -4.355420;
1811540  0.042325 -3.973281;
1816622  0.022975 -3.935590;
1821648  0.003437 -3.909099;
1826793 -0.015885 -2.940303;
1831819 -0.033584 -2.339837;
1836922 -0.050873 -1.661321;
1841942 -0.064532 -1.652015;
1847019 -0.077968 -1.638094;
1852115 -0.090899 -0.722504;
1857221 -0.103877 -0.061179;
1862286 -0.109554  0.754799;
1867339 -0.115184  0.771969;
1872436 -0.109307  0.786082;
1877520 -0.103379  3.143442;
1882570 -0.070105  5.462851;
1887623 -0.037054  4.239283;
1892639 -0.011235  3.569070;
1897696  0.014395  3.147848;
1902799  0.037880  3.147848;
1907844  0.061578  3.143442;
1912856  0.082158  2.097675;
1917989  0.103138  1.558266;
1923076  0.124625  0.921738;
1928209  0.144133  0.890374;
1933312  0.163817  0.889274;
1938337  0.194994 -0.464961;
1943486  0.225696 -1.618575;
1948542  0.218949 -3.378819;
1953621  0.212325 -3.506501;
1958782  0.181439 -3.515291;
1963934  0.150054 -7.717535;
1969026  0.118724 -7.695181;
1974159  0.087758 -7.678031;
1979280  0.051097 -5.761808;
1984319  0.014522 -4.500000;
1989429 -0.005505 -3.503477;
1994460 -0.025813 -3.476708;
1999503 -0.052298 -3.472362;
2004632 -0.078847 -2.194483;
2009713 -0.097782 -1.218110;
2014849 -0.116541 -0.891584;
2019888 -0.134365 -0.882153;
2024955 -0.151853 -0.873683;
2030088 -0.169631  0.594268;
2035137 -0.187641  5.151876;
2040198 -0.161881  6.963859;
2045286 -0.136060  6.388756;
2050443 -0.104197  4.797209;
2055502 -0.070209  4.794002;
2060528 -0.046252  4.794002;
2065616 -0.026978  3.033649;
2070655 -0.007544  2.531576;
2075695  0.012588  1.756115;
2080840  0.025952  1.725249;
2085875  0.037867  1.716046;
2090949  0.048835  0.703125;
2096037  0.056325  0.185083;
2101187  0.063408 -0.257579;
2106238  0.073762 -0.267544;
2111352  0.071539 -0.319973;
2116370  0.060076 -3.370177;
2121513  0.046722 -3.905438;
2126604  0.032681 -3.897045;
2131646  0.021659 -3.370177;
2136804  0.015438 -3.296433;
2141814  0.006002 -3.262901;
2146854 -0.006107 -3.245243;
2151881 -0.016558 -3.240989;
2156929 -0.025255 -1.721350;
2161957 -0.035028 -0.956704;
2166979 -0.046337 -0.549284;
2171980 -0.055140 -0.538004;
2177008 -0.062609 -0.538004;
2182020 -0.067507  0.043123;
2187046 -0.069712  0.433694;
2192174 -0.061872  0.493827;
2197219 -0.066007  0.500067;
2202255 -0.066262  0.520263;
2207339 -0.047642  0.825108;
2212475 -0.035014  2.058069;
2217525 -0.025159  1.845573;
2222550 -0.014698  1.339055;
2227590 -0.000530  0.867336;
2232614  0.005178  0.858514;
2237743  0.009334  0.856305;
2242770  0.013812  0.545372;
2247867  0.016896  0.100972;
2252878  0.018350 -0.156466;
2257920  0.020123 -0.161604;
2263032  0.022562 -0.151440;
2268107  0.027220 -0.163318;
2273141  0.030954 -0.244117;
2278173  0.033927 -0.315202;
2283306  0.037398 -0.319140;
2288334  0.040037 -0.326588;
2293363  0.042316 -0.791150;
2298411  0.042714 -0.801306;
2303558  0.040724 -0.801306;
2308621  0.038185 -0.804573;
2313739  0.031435 -0.808311;
2318809  0.022972 -1.242471;
2323843  0.014936 -1.303302;
2328978  0.005996 -1.305193;
2334053 -0.003279 -1.306681;
2339113 -0.014229 -1.309659;
2344133 -0.024759 -1.303302;
2349143 -0.032908 -1.301319;
2354170 -0.041346 -1.301319;
2359231 -0.047203 -1.162765;
2364283 -0.051438 -0.332854;
2369388 -0.054201 -0.078586;
2374422 -0.056798 -0.078586;
2379456 -0.058859 -0.076468;
2384483 -0.059652  0.385096;
2389606 -0.059599  0.708030;
2394657 -0.059233  0.831858;
2399720 -0.058216  0.837034;
2404760 -0.056733  0.797774;
2409901 -0.055950  0.797774;
2414938 -0.054758  0.796288;
2419962 -0.052706  0.593801;
2425112 -0.049471  0.593801;
2430175 -0.045093  0.593801;
2435282 -0.041329  0.722730;
2440321 -0.035467  0.751778;
2445446 -0.028222  0.715954;
2450557 -0.022026  0.532566;
2455609 -0.018149  0.515592;
2460646 -0.014973  0.515204;
2465677 -0.010960  0.502744;
2470706 -0.005262  0.117886;
2475868 -0.001255  0.113159;
2481007  0.002266  0.064731;
2486033  0.005772  0.062238;
2491061  0.009776  0.060158;
2496089  0.012860 -0.239741;
2501123  0.015331 -0.388770;
2506169  0.018112 -0.388328;
2511195  0.021053 -0.357839;
2516221  0.023945 -0.259568;
2521265  0.026913 -0.234975;
2526267  0.030046 -0.233676;
2531300  0.033420 -0.233243;
2536303  0.037046 -0.131563;
2541335  0.040382 -0.080706;
2546386  0.043853 -0.033229;
2551411  0.047762 -0.031966;
2556482  0.051151 -0.030282;
2561490  0.054766 -0.030282;
2566577  0.058717 -0.030282;
2571663  0.062925 -0.051888;
2576688  0.067236 -0.112909;
2581860  0.067236 -0.129856;
2586994  0.076331 -0.131563;
2592024  0.078461 -0.133271;
2597178  0.075634 -0.682664;
2602270  0.068960 -1.503375;
2607390  0.058751 -2.223237;
2612537  0.044813 -2.255674;
2617653  0.024043 -2.273915;
2622811  0.005546 -2.288570;
2627928 -0.010977 -2.272515;
2632933 -0.026353 -2.264233;
2638016 -0.039367 -1.748603;
2643033 -0.052313 -1.238302;
2648066 -0.062294 -0.694361;
2653085 -0.070733 -0.693901;
2658166 -0.077347 -0.691143;
2663186 -0.082607  0.026992;
2668216 -0.087958  0.458274;
2673344 -0.092821  0.634089;
2678384 -0.097621  0.634089;
2683413 -0.102262  0.638663;
2688551 -0.107200  0.886413;
2693558 -0.111500  1.103808;
2698632 -0.113703  1.276209;
2703801 -0.108150  1.276552;
2708870 -0.096377  1.281695;
2714018 -0.085490  1.590679;
2719100 -0.071643  2.908055;
2724265 -0.050214  3.603700;
2729357 -0.024059  3.382781;
2734380  0.001298  2.520601;
2739446  0.023206  2.511998;
2744461  0.045495  2.506064;
2749501  0.066144  1.577345;
2754519  0.084317  1.063583;
2759529  0.099845  0.591499;
2764543  0.114595  0.575337;
2769557  0.114595  0.564904;
2774669  0.126933 -0.563084;
2779743  0.138069 -0.830983;
2784775  0.153964 -1.040602;
2795181  0.153101 -1.057917;
2800262  0.153101 -1.059846;
2805350  0.145785 -2.830117;
2810412  0.129875 -6.051363;
2815549  0.092136 -6.051363;
2820707  0.060505 -4.901169;
2825797  0.034218 -4.136454;
2830914  0.002682 -2.952117;
2835960 -0.019530 -2.943844;
2840996 -0.042242 -2.943844;
2846064 -0.065063 -2.520974;
2851097 -0.087332 -1.235474;
2856123 -0.108257 -0.871646;
2861284 -0.128040 -0.858474;
2866298 -0.154540 -0.835528;
2871464 -0.167539 -0.173348;
2876580 -0.181288  1.578795;
2881638 -0.180766  4.667794;
2886686 -0.161176  4.677323;
2891845 -0.129448  4.677323;
2896893 -0.087571  5.688239;
2901929 -0.056537  5.685258;
2906975 -0.019195  4.056704;
2911998  0.012675  3.364779;
2917072  0.040488  2.538608;
2922140  0.067809  2.531398;
2927172  0.093434  2.497445;
2932173  0.119722  1.199380;
2937212  0.141839  0.521721;
2942251  0.146892  0.018756;
2947311  0.148099  0.015845;
2952414  0.161748 -0.131511;
2957534  0.131690 -7.340912;
2962759  0.096098 -7.329034;
2967855  0.066119 -7.247096;
2972897  0.036141 -7.211191;
2977954  0.003401 -5.511153;
2982998 -0.022796 -4.631945;
2988137 -0.047886 -4.630571;
2993169 -0.075372 -4.614787;
2998270 -0.097560 -2.807055;
3003381 -0.123012 -1.751817;
3008473 -0.143792 -0.772938;
3013499 -0.171959 -0.766017;
3018510 -0.178851 -0.759108;
3023569 -0.167514  2.556892;
3028735 -0.148307  7.278121;
3033754 -0.119465  6.515383;
3038899 -0.087882  4.919048;
3043944 -0.051656  3.945728;
3049107 -0.017944  3.936525;
3054168  0.015058  3.933568;
3059272  0.054208  2.555825;
3064318  0.079820  2.260124;
3069333  0.103293  1.527107;
3074339  0.126391  1.507717;
3079453  0.145703  1.496151;
3084585  0.162738 -0.180641;
3089701  0.179128 -0.941370;
3094712  0.180235 -3.162304;
3099784  0.158714 -3.218429;
3104955  0.127638 -3.255575;
3110103  0.106337 -6.599489;
3115148  0.084816 -6.563692;
3120313  0.051864 -6.563692;
3125396  0.027709 -5.113100;
3130447  0.003744 -4.511642;
3135506 -0.023771 -3.418325;
3140577 -0.048319 -3.405963;
3145671 -0.072382 -3.405346;
3150724 -0.096632 -2.118492;
3155799 -0.125856 -0.978387;
3160835 -0.149938 -0.614235;
3165883 -0.162072 -0.588757;
3170935 -0.177703 -0.582413;
3175991 -0.187253  1.485262;
3181129 -0.166861  7.214140;
3186170 -0.135077  6.851059;
3191291 -0.098583  5.418514;
3196306 -0.063347  4.035632;
3201352 -0.021146  4.035632;
3206371  0.008605  4.033484;
3211406  0.038197  2.455741;
3216501  0.066038  1.637840;
3221505  0.088066  1.519234;
3226653  0.109700  1.489241;
3231696  0.129403  1.489241;
3236818  0.148703 -0.076892;
3241850  0.165256 -0.669193;
3247004  0.181519 -2.217905;
3252166  0.163868 -2.253586;
3257253  0.146190 -2.369054;
3262272  0.113042 -7.351782;
3267353  0.080336 -7.351782;
3272454  0.059639 -7.335009;
3277603  0.038859 -6.007470;
3282771  0.007901 -5.742842;
3287819 -0.023171 -3.790353;
3292845 -0.042424 -3.776273;
3297953 -0.061593 -3.744407;
3303032 -0.089108 -2.485633;
3308082 -0.116466 -1.176892;
3313112 -0.124933 -0.252023;
3318215 -0.133366 -0.250291;
3323384 -0.129495 -0.243369;
3328505 -0.125574  2.979469;
3333525 -0.107070  6.372471;
3338644 -0.088930  5.058574;
3343650 -0.058202  4.959820;
3348690 -0.028152  3.637292;
3353716 -0.002899  3.637292;
3358765  0.022283  3.637292;
3363817  0.043226  3.001934;
3368876  0.064181  2.041492;
3373933  0.078792  1.438804;
3379000  0.093398  1.411443;
3384061  0.100143  1.402038;
3389135  0.106879 -0.281647;
3394151  0.114059 -0.630526;
3399215  0.121157 -1.993200;
3404330  0.102461 -2.045358;
3409445  0.083577 -2.081189;
3414484  0.068598 -5.164629;
3419625  0.053841 -5.138115;
3424646  0.027052 -5.135971;
3429732  0.000888 -3.811767;
3434742 -0.018627 -3.423533;
3439786 -0.038347 -2.632452;
3444799 -0.056584 -2.616435;
3449954 -0.073407 -2.613009;
3454984 -0.092990 -1.357742;
3460030 -0.111291 -0.725277;
3465126 -0.126684 -0.385824;
3470243 -0.140635 -0.382732;
3475306 -0.157925 -0.375674;
3480325 -0.175033  0.247720;
3485466 -0.158237  2.619232;
3490506 -0.130909  4.864069;
3495626 -0.097616  4.864069;
3500692 -0.057384  4.864069;
3505719 -0.025079  4.859022;
3510758  0.004138  4.854733;
3515841  0.032155  3.207946;
3520856  0.061620  2.393987;
3525974  0.084297  1.558250;
3530998  0.105994  1.528879;
3536044  0.124609  1.514406;
3541093  0.132673  0.370712;
3546190  0.135694 -0.774744;
3551249  0.141272 -1.900503;
3556317  0.137810 -1.921714;
3561381  0.118442 -2.031459;
3566477  0.093291 -7.150738;
3571591  0.070159 -7.092550;
3576645  0.046595 -7.015144;
3581733  0.016902 -5.633606;
3586772 -0.006698 -4.644101;
3591807 -0.029264 -3.534522;
3596821 -0.052003 -3.534522;
3601863 -0.072122 -3.534522;
3607024 -0.091005 -2.244216;
3612038 -0.103086 -1.215873;
3617155 -0.113406 -0.646067;
3622186 -0.141516 -0.631438;
3627339 -0.156710 -0.577522;
3632415 -0.136555  0.304971;
3637452 -0.104652  6.350933;
3642493 -0.076915  6.789966;
3647556 -0.052581  5.124368;
3652612 -0.022227  4.093759;
3657675  0.003221  4.093759;
3662710  0.027236  4.091479;
3667835  0.049889  2.337275;
3672971  0.070403  1.531662;
3678042  0.092177  1.038523;
3683077  0.108062  1.001722;
3688175  0.120529  0.992362;
3693204  0.122995 -0.554029;
3698284  0.126771 -3.152957;
3703373  0.116781 -4.837654;
3708475  0.085717 -4.916718;
3713486  0.064466 -4.962669;
3718644  0.044742 -5.152520;
3723666  0.018061 -5.092558;
3728674 -0.007955 -5.092558;
3733767 -0.030075 -4.059441;
3738828 -0.053038 -3.017365;
3743845 -0.078329 -2.584693;
3748885 -0.102404 -2.543141;
3753921 -0.123358 -2.535213;
3758924 -0.144180 -1.283765;
3764069 -0.163910 -0.359564;
3769134 -0.167509  0.352947;
3774241 -0.153808  0.375617;
3779381 -0.142410  0.409927;
3784421 -0.105474  4.841901;
3789545 -0.066564  5.746851;
3794555 -0.037174  5.557721;
3799592 -0.008974  4.850144;
3804610  0.026222  4.255337;
3809617  0.053816  4.252353;
3814735  0.078368  4.245367;
3819744  0.103425  2.137359;
3824752  0.127567  1.574422;
3829885  0.149295  1.520217;
3834961  0.177012  1.476954;
3840007  0.181830  1.457583;
3845133  0.165859 -5.006438;
3850159  0.133631 -7.183321;
3855305  0.096966 -8.580888;
3860366  0.058445 -7.238145;
3865517  0.021950 -6.337287;
3870531 -0.006228 -5.765538;
3875553 -0.037982 -5.762540;
3880567 -0.066759 -5.762540;
3885678 -0.096025 -4.450838;
3890823 -0.129954 -2.905025;
3895975 -0.157668 -2.015667;
3901031 -0.171379 -1.909826;
3906188 -0.177733 -1.869528;
3911320 -0.163743  3.501364;
3916396 -0.158401  5.784207;
3921411 -0.141958  6.594666;
3926449 -0.114074  5.615227;
3931608 -0.095831  4.240808;
3936667 -0.070218  4.237822;
3941820 -0.049775  4.235330;
3946829 -0.029699  2.906552;
3951939 -0.012976  2.454948;
3956992  0.005840  1.638120;
3962026  0.021360  1.610099;
3967059  0.030136  1.608156;
3972087  0.031994 -0.031240;
3977111  0.040567 -0.403002;
3982162  0.048136 -0.868501;
3987276  0.050927 -0.898592;
3992280  0.053752 -0.939386;
3997327  0.045668 -3.386921;
4002410  0.034586 -3.754006;
4007561  0.024007 -3.742516;
4013508  0.015332 -3.373951;
4018586  0.006587 -2.910338;
4023593 -0.000454 -2.276741;
4028669 -0.005447 -2.276741;
4033814 -0.011361 -2.276741;
4038899 -0.017905 -1.299428;
4043915 -0.024645 -0.673368;
4049989 -0.033591 -0.554928;
4055051 -0.044424 -0.663274;
4060177 -0.051829 -0.663274;
4065309 -0.059328 -0.554928;
4070388 -0.062721 -0.222783;
4075484 -0.066080  0.548296;
4080494 -0.060659  0.573350;
4085585 -0.055329  0.586379;
4090647 -0.041791  2.094599;
4095772 -0.028329  2.362792;
4100921 -0.009380  2.203009;
4105983  0.009658  2.090473;
4110997  0.022154  1.556709;
4116104  0.034530  1.556709;
4121138  0.044213  1.553116;
4126176  0.053757  0.490850;
4131319  0.058425 -0.070567;
4136365  0.063189 -0.421607;
4141370  0.065361 -0.464286;
4146404  0.067514 -0.467417;
4151439  0.067490 -1.374748;
4156487  0.067465 -1.513193;
4161513  0.065745 -1.511161;
4166585  0.064033 -1.374748;
4171613  0.063195 -1.357857;
4176666  0.062365 -1.297040;
4181758  0.060721 -1.296544;
4186861  0.059063 -1.296544;
4191957  0.055611 -1.212540;
4197122  0.050490 -1.205880;
4202147  0.045300 -1.208721;
4207251  0.037757 -1.215485;
4212377  0.030096 -1.377749;
4217401  0.021032 -1.242538;
4222431  0.012149 -1.215485;
4227548  0.003601 -1.201858;
4232577 -0.005096 -1.192073;
4237613 -0.010648 -1.186213;
4242629 -0.016208 -0.544321;
4247747 -0.020062 -0.076891;
4252767 -0.023993  0.126541;
4257789 -0.026317  0.128599;
4262798 -0.028948  0.128599;
4267856 -0.031763  0.236327;
4272862 -0.035301  0.235111;
4278004 -0.038918  0.110590;
4283011 -0.043574  0.036336;
4288185 -0.047803  0.000231;
4297030 -0.052172 -0.000607;
4302173 -0.058224 -0.004381;
4307319 -0.062175 -0.048905;
4312342 -0.065775 -0.143871;
4317380 -0.068291 -0.211680;
4322529 -0.072739 -0.213407;
4327571 -0.077795 -0.213407;
4332621 -0.083130 -0.352382;
4337772 -0.087511 -0.349744;
4342855 -0.087772 -0.346228;
4347905 -0.077009 -0.044686;
4353024 -0.057297  2.380522;
4358069 -0.032586  4.200856;
4363187 -0.004189  2.796468;
4368233  0.018602  2.426601;
4373314  0.039571  2.412309;
4378398  0.057272  2.404576;
4383560  0.074750  0.922321;
4388633  0.089423  0.295744;
4393681  0.101326 -0.018635;
4398712  0.112592 -0.037945;
4403860  0.122822 -0.050595;
4408905  0.127748 -0.895915;
4413953  0.132499 -1.254583;
4419039  0.128043 -1.727290;
4424082  0.115168 -1.732497;
4429134  0.098090 -1.794409;
4434205  0.078436 -3.841857;
4439252  0.070592 -3.809659;
4444347  0.055889 -3.758533;
4449421  0.042174 -3.531701;
4454438  0.027121 -2.513684;
4459493  0.013999 -2.127751;
4464521  0.002938 -2.103282;
4469609 -0.009023 -2.101656;
4474647 -0.020971 -1.271565;
4479726 -0.031995 -0.543176;
4484735 -0.044930 -0.329659;
4489750 -0.057113 -0.329659;
4494777 -0.070039 -0.329659;
4499943 -0.084607 -0.312703;
4505021 -0.098986 -0.241476;
4510110 -0.107849 -0.192522;
4515180 -0.111758 -0.186504;
4520310 -0.111783 -0.184786;
4525345 -0.112238  0.462459;
4530490 -0.106536  1.853930;
4535659 -0.098038  1.711642;
4540809 -0.090803  1.711960;
4545956 -0.083398  1.716402;
4551078 -0.068925  2.517044;
4556214 -0.054835  2.515694;
4561238 -0.038314  2.418207;
4566368 -0.027179  2.338874;
4571402 -0.007232  2.250479;
4576446  0.009268  2.241050;
4581555  0.025146  2.238759;
4586599  0.039122  0.803342;
4591614  0.051188  0.415515;
4596669  0.061614 -0.141335;
4601700  0.069462 -0.142191;
4606725  0.076888 -0.146899;
4611755  0.080585 -1.079679;
4616848  0.082403 -1.411034;
4621874  0.082418 -1.556247;
4626906  0.081012 -1.559823;
4632021  0.076993 -1.562890;
4637056  0.070682 -1.942473;
4642142  0.063970 -2.057083;
4647179  0.054860 -2.171620;
4652201  0.043570 -2.174900;
4657346  0.033501 -2.183658;
4662362  0.024090 -2.064107;
4667369  0.013919 -2.060324;
4672371  0.013919 -2.052226;
4677395  0.005456 -1.839913;
4682431 -0.003005 -1.099989;
4687464 -0.009950 -0.742357;
4692604 -0.016198 -0.742357;
4697618 -0.023089 -0.739117;
4702692 -0.028587 -0.315656;
4707793 -0.035854 -0.315656;
4712825 -0.044913 -0.481498;
4717956 -0.044284 -0.477021;
4723026 -0.054493 -0.474338;
4728070 -0.064270 -0.379490;
4733093 -0.072958 -0.162541;
4738127 -0.081034  0.045146;
4743131 -0.087169  0.045146;
4748199 -0.093496  0.041756;
4753251 -0.099671  0.038421;
4758336 -0.102550  0.037170;
4763476 -0.106301  0.041814;
4768483 -0.114526  0.048060;
4773615 -0.117340  0.059275;
4778718 -0.101577  0.984898;
4783730 -0.081541  3.549638;
4788863 -0.059948  3.037713;
4793951 -0.033485  2.371359;
4799026 -0.015644  1.337011;
4804102  0.006801  1.330234;
4809153  0.026810  1.330234;
4814309  0.040858  0.912877;
4819378  0.055987  0.428489;
4824414  0.068267 -0.095474;
4829511  0.077238 -0.134178;
4834592  0.085346 -0.135461;
4839621  0.092458 -1.051670;
4844673  0.097769 -1.355747;
4849822  0.100522 -1.534593;
4854869  0.103484 -1.544273;
4859894  0.106927 -1.565748;
4864998  0.107862 -2.212681;
4870035  0.103395 -2.946765;
4875145  0.086799 -3.707646;
4880202  0.073238 -3.712728;
4885240  0.054376 -3.474460;
4890274  0.037276 -2.951503;
4895315  0.015963 -2.917841;
4900352 -0.002917 -2.916663;
4905385 -0.021590 -2.330445;
4910411 -0.040094 -1.735350;
4915564 -0.056616 -1.362851;
4920591 -0.073713 -1.358356;
4925603 -0.089509 -1.346394;
4930661 -0.105564 -0.690812;
4935797 -0.124431 -0.222557;
4940963 -0.138805 -0.069244;
4946029 -0.149556 -0.063736;
4951121 -0.156967 -0.046842;
4956187 -0.158857  1.035852;
4961248 -0.156020  2.598673;
4966388 -0.137037  3.490848;
4971487 -0.114854  3.511161;
4976591 -0.105381  3.520812;
4981590 -0.088418  3.512633;
4986749 -0.070660  3.511161;
4991831 -0.052727  2.855916;
4996912 -0.034402  2.213425;
5001984 -0.011387  1.717933;
5007050  0.007405  1.705571;
5012143  0.027335  1.692194;
5017310  0.049354  0.349724;
5022351  0.066447 -0.226827;
5027383  0.080969 -0.467191;
5032412  0.092506 -0.484634;
5037572  0.098624 -0.488671;
5042592  0.104902 -1.445823;
5047652  0.109361 -1.607903;
5052822  0.113508 -1.833906;
5057897  0.117745 -1.833906;
5063064  0.106680 -1.838649;
5068178  0.095413 -2.159680;
5073202  0.091953 -2.419526;
5078222  0.083377 -2.547251;
5083227  0.074079 -2.429066;
5088289  0.064809 -2.356677;
5093307  0.053617 -2.264067;
5098363  0.042522 -2.259651;
5103502  0.031305 -2.259099;
5108552  0.019904 -2.023239;
5113561  0.006696 -1.716158;
5118591 -0.006406 -1.504766;
5123604 -0.019024 -1.504258;
5128727 -0.031600 -1.499183;
5133758 -0.046681 -1.188384;
5138917 -0.061491 -1.086930;
5143969 -0.077229 -1.049746;
5148990 -0.092641 -1.046862;
5154017 -0.106464 -1.043020;
5159181 -0.120303 -0.620372;
5164196 -0.133770 -0.410424;
5169291 -0.146848 -0.386266;
5174417 -0.167953 -0.384940;
5179457 -0.189186 -0.383173;
5184624 -0.179554 -0.051031;
5189782 -0.169679  4.378155;
5194978 -0.133361  6.739527;
5200092 -0.096776  5.064056;
5205241 -0.066781  4.269811;
5210366 -0.036580  4.260736;
5215453 -0.008789  4.260074;
5220505  0.018796  2.086576;
5225565  0.040484  1.339034;
5230935  0.062206  0.805769;
5236002  0.080626  0.781714;
5241036  0.098007  0.781714;
5246185  0.105438 -0.213278;
5251251  0.113038 -0.839059;
5256273  0.114097 -1.795997;
5261278  0.115146 -1.812758;
5266361  0.083411 -1.926494;
5271417  0.051181 -6.558918;
5276457  0.020820 -6.450108;
5281472 -0.015408 -6.428079;
5286509 -0.051456 -5.125127;
5291625 -0.077242 -4.484185;
5296682 -0.103432 -3.887296;
5301772 -0.128008 -3.876962;
5306838 -0.152745 -3.873737;
5311939 -0.191634 -2.446521;
5317092 -0.230793 -1.160223;
5322255 -0.220866  0.222205;
5327311 -0.210919  0.239206;
5332384 -0.191955  0.314680;
5337442 -0.172926  5.613448;
5342635 -0.125267  7.673432;
5347766 -0.076335  5.701857;
5352787 -0.035821  5.613448;
5357808  0.003824  4.495465;
5362969  0.035651  4.489098;
5368017  0.068365  4.487577;
5373149  0.099977  2.527632;
5378284  0.132115  2.027323;
5383317  0.152043  0.967945;
5388348  0.171574  0.947740;
5393376  0.180536  0.939765;
5398487  0.189493 -2.933846;
5403582  0.164304 -5.809618;
5408655  0.139193 -7.837900;
5413682  0.100753 -8.091191;
5418830  0.062662 -6.682102;
5423968  0.028762 -6.244293;
5429016 -0.005071 -6.223245;
5434094 -0.040625 -6.174389;
5439227 -0.076389 -4.623776;
5444294 -0.112031 -3.845715;
5449357 -0.147215 -3.108363;
5454461 -0.167646 -3.087336;
5459515 -0.188243 -3.033661;
5464599 -0.176038 -1.316232;
5469670 -0.160344  5.269501;
5474818 -0.126266  7.972257;
5479945 -0.091669  7.970613;
5485017 -0.053026  7.513187;
5490081 -0.014798  7.513187;
5495164  0.022172  7.513187;
5500315  0.053344  4.230719;
5505470  0.087606  2.955845;
5510569  0.117764  2.274341;
5515673  0.147594  2.243763;
5520697  0.173712  2.243763;
5525734  0.184273  0.695949;
5530764  0.194861 -0.246556;
5535834  0.204282 -1.733385;
5540876  0.195937 -1.761484;
5545901  0.163005 -1.910632;
5550924  0.127345 -8.273452;
5555955  0.090703 -8.207407;
5560984  0.052927 -8.056026;
5566089  0.019887 -7.293097;
5571102 -0.013807 -5.485394;
5576234 -0.044789 -5.100263;
5581356 -0.076468 -5.061704;
5586519 -0.107107 -5.057434;
5591678 -0.134169 -3.311752;
5596870 -0.162037 -2.010577;
5601955 -0.187388 -1.257163;
5606961 -0.190052 -1.236101;
5612015 -0.175058 -1.182700;
5617162 -0.149157  3.966639;
5622223 -0.130440  7.593783;
5627304 -0.106203  6.424038;
5632455 -0.071669  4.550840;
5637635 -0.041928  3.974837;
5642695 -0.020087  3.973382;
5647719  0.005691  3.969377;
5652795  0.028984  2.905185;
5657879  0.044498  1.830142;
5663000  0.059453  1.358378;
5668147  0.076785  1.341442;
5673188  0.089648  1.338722;
5678315  0.091701 -0.383323;
5683355  0.104005 -0.582866;
5688423  0.112252 -0.940897;
5693509  0.128167 -0.981345;
5698548  0.140333 -0.985173;
5703574  0.132846 -2.766972;
5708622  0.117629 -4.183674;
5713648  0.099878 -5.279416;
5718673  0.072115 -5.327287;
5723832  0.042977 -4.965013;
5728877  0.013888 -4.214865;
5733966 -0.015405 -4.170453;
5738999 -0.041652 -4.170453;
5744123 -0.067340 -3.572164;
5749208 -0.093924 -2.994635;
5754297 -0.118908 -2.378531;
5759468 -0.147369 -2.366798;
5764603 -0.171038 -2.327895;
5769648 -0.189330 -1.518014;
5774762 -0.207108 -0.423810;
5779933 -0.209397  1.781700;
5785073 -0.192882  1.815879;
5790163 -0.164500  1.849618;
5798265 -0.136394  5.865580;
5803318 -0.068401  5.860729;
5808333 -0.038647  4.832633;
5813458  0.001219  4.683231;
5818597  0.037421  3.228551;
5823636  0.071722  3.227873;
5828690  0.094623  3.203310;
5833858  0.123842  1.693152;
5838980  0.159401  0.693315;
5844091  0.183892 -1.045057;
5849157  0.179575 -1.063294;
5854182  0.174640 -1.089351;
5859189  0.146000 -4.728642;
5864209  0.126368 -5.958384;
5869264  0.102393 -6.966902;
5874280  0.070109 -6.820774;
5879343  0.034475 -5.993522;
5884368  0.000324 -4.824778;
5889497 -0.026014 -4.801674;
5894654 -0.057596 -4.759893;
5899798 -0.083997 -4.507337;
5904806 -0.106757 -2.676689;
5909929 -0.128457 -2.243364;
5914991 -0.151673 -2.243364;
5920058 -0.169279 -2.237309;
5925102 -0.186438 -1.434473;
5930162 -0.204174  0.136727;
5935202 -0.188942  2.973725;
5940338 -0.165805  2.980220;
5945487 -0.154852  2.985497;
5950523 -0.126538  6.193129;
5955678 -0.098845  6.192269;
5960753 -0.062706  5.640900;
5965909 -0.036078  4.017413;
5971161  0.001013  3.217487;
5976084  0.024160  3.214085;
5981176  0.046196  3.195609;
5986178  0.068172  1.816107;
5991217  0.091020  1.159130;
5996380  0.107689  0.568133;
6001468  0.126779  0.564278;
6006589  0.144893  0.563893;
6011630  0.163671 -0.527148;
6016757  0.176384 -0.662638;
6021790  0.189744 -0.990838;
6026820  0.181306 -1.013336;
6031849  0.183316 -1.038855;
6037015  0.170547 -4.359098;
6042683  0.155379 -5.313244;
6047837  0.127531 -5.829003;
6053061  0.094890 -5.733419;
6058163  0.056183 -5.319781;
6063201  0.027533 -4.588806;
6068288  0.000588 -4.588119;
6073371 -0.023086 -4.572352;
6078466 -0.049146 -3.958304;
6083630 -0.076551 -2.553999;
6088726 -0.103106 -1.826950;
6093819 -0.129544 -1.815383;
6098937 -0.152351 -1.815383;
6104004 -0.167886 -1.063232;
6109011 -0.189069 -0.642947;
6114016 -0.210802 -0.491917;
6119113 -0.212240 -0.422176;
6124266 -0.180749 -0.363227;
6129351 -0.132824  4.827444;
6134389 -0.087200  8.098991;
6139506 -0.047305  6.452739;
6144636 -0.016666  4.895083;
6149772  0.014833  4.827444;
6154842  0.046604  4.827313;
6159959  0.075490  4.818484;
6164996  0.100621  2.964549;
6170081  0.123705  2.256249;
6175204  0.149921  1.725129;
6180233  0.161784  1.693782;
6185266  0.149322  1.663032;
6190289  0.139155 -6.016505;
6195390  0.115741 -7.706759;
6200416  0.082813 -8.070724;
6205506  0.046033 -7.882086;
6210552  0.002530 -7.571828;
6215609 -0.033741 -6.046194;
6220677 -0.079433 -6.046194;
6225713 -0.114585 -6.046194;
6230859 -0.145210 -5.328269;
6235979 -0.171790 -3.533780;
6241061 -0.204684 -2.807515;
6246097 -0.230274 -2.795292;
6251103 -0.258284 -2.660530;
6256173 -0.255710 -0.216807;
6261302 -0.244395  6.717746;
6266454 -0.220576  7.733960;
6271556 -0.189020  7.722891;
6276616 -0.157381  6.679175;
6281706 -0.117660  6.678458;
6286781 -0.089864  6.677912;
6291908 -0.061608  4.079637;
6297026 -0.033415  3.274693;
6302037 -0.010975  2.112450;
6307128  0.008662  2.088389;
6312218  0.027447  2.083372;
6317305  0.045723  0.911641;
6322425  0.062357  0.436784;
6327450  0.080702  0.094769;
6332512  0.099282  0.065356;
6337641  0.122403  0.061193;
6342766  0.131188  0.272718;
6347862  0.150372  0.272718;
6352885  0.181390  0.272718;
6357923  0.207133  0.480259;
6363029  0.220838  0.551748;
6368101  0.242874  0.476339;
6373241  0.266661 -0.676641;
6378251  0.284136 -0.703729;
6383262  0.298568 -0.709262;
6388288  0.312926 -0.724517;
6393309  0.318964 -1.321587;
6398366  0.298242 -2.258283;
6403396  0.269729 -4.139504;
6408432  0.242251 -4.175077;
6413592  0.192558 -4.365900;
6418655  0.140461 -9.825758;
6423670  0.100667 -9.724565;
6428787  0.052292 -9.574017;
6433810 -0.000036 -7.900892;
6438925 -0.049370 -6.662613;
6444010 -0.095898 -5.257321;
6449179 -0.137069 -5.257321;
6454346 -0.178840 -5.208213;
6459365 -0.229746 -3.461768;
6464440 -0.284673 -0.113581;
6469459 -0.278693  3.382668;
6474529 -0.262358  3.384850;
6479650 -0.242760  3.393336;
6484707 -0.218118  7.322124;
6489861 -0.196911  7.322124;
6495002 -0.178838  7.120222;
6500129 -0.158181  5.107797;
6505298 -0.115350  3.996419;
6510462 -0.086571  3.976088;
6515468 -0.077529  3.969678;
6520566 -0.055046  3.222581;
6525615 -0.039115  2.298096;
6530665 -0.028887  1.125632;
6535748 -0.020199  1.110117;
6540785 -0.010097  1.105517;
6545855 -0.001277  0.115917;
6550981  0.006322 -0.310403;
6556121  0.016237 -0.454993;
6561167  0.025472 -0.458114;
6566303  0.034230 -0.459452;
6571330  0.042124 -0.942018;
6576385  0.048048 -1.063749;
6581488  0.051844 -1.195542;
6586558  0.054390 -1.198478;
6591676  0.051811 -1.066640;
6596822  0.043426 -1.012649;
6601973  0.037351 -1.012649;
6607121  0.038467 -1.012649;
6612224  0.044847 -0.935253;
6617314  0.040304 -0.935253;
6622331  0.038026 -0.949258;
6627353  0.037159 -1.196031;
6632474  0.036790 -1.192607;
6637612  0.037820 -0.945934;
6642721  0.041012 -0.827559;
6647867  0.046915 -0.343593;
6652973  0.053175 -0.343593;
6657992  0.055801 -0.407892;
6663135  0.057003 -0.414982;
6668205  0.055329 -0.431428;
6673296  0.051666 -0.888115;
6678397  0.045968 -0.954487;
6683549  0.037844 -1.160847;
6688640  0.029167 -1.165726;
6693667  0.019038 -1.166702;
6698671  0.008384 -1.601370;
6703704 -0.002642 -1.702905;
6708859 -0.017035 -1.726519;
6713983 -0.026189 -1.703424;
6719008 -0.031534 -1.689146;
6724075 -0.032594 -1.598804;
6729255 -0.030646 -1.597777;
6734412 -0.025135 -1.541700;
6739497 -0.017365  1.504874;
6744649 -0.011528  1.492648;
6749754 -0.006559  1.306012;
6754877 -0.002414  0.757848;
6759984 -0.003533  0.313200;
6765066 -0.004611  0.309996;
6770326 -0.006730  0.305986;
6775469 -0.010851 -0.455982;
6780500 -0.015980 -0.791273;
6785658 -0.020421 -1.004361;
6790818 -0.027651 -1.007709;
6795918 -0.036854 -1.019210;
6801033 -0.044120 -1.335490;
6806186 -0.058396 -1.335490;
6811238 -0.072779 -1.312669;
6816241 -0.075117 -0.443950;
6821393 -0.072315  0.675537;
6826477 -0.070649  1.011326;
6831561 -0.071178  0.858229;
6836671 -0.069844  0.135585;
6841790 -0.067880  0.131888;
6846865 -0.067748  0.123659;
6852006 -0.066843 -0.109959;
6857060 -0.068594 -0.098482;
6862080 -0.068696 -0.098482;
6867144 -0.065271  0.004919;
6872287 -0.063208  0.004919;
6877405 -0.060093  0.051512;
6882532 -0.057070  0.051512;
6887685 -0.052868  0.051512;
6892720 -0.049628  0.077400;
6897769 -0.049191  0.075326;
6902810 -0.053494 -0.023895;
6907938 -0.048746 -0.023895;
6913039 -0.055113 -0.020952;
6918189 -0.060667  0.121502;
6923209 -0.062815  0.403269;
6928268 -0.062302  0.417801;
6933296 -0.060628  0.126031;
6938304 -0.052976  0.024335;
6943398 -0.043175  0.077966;
6948422 -0.032739  0.077966;
6953518 -0.024173  0.078795;
6958666 -0.017585  0.069785;
6963722 -0.011400  0.074348;
6968851 -0.014706  0.083356;
6973954 -0.008623  0.078795;
6978966 -0.001324  0.020720;
6984014  0.003702 -0.076044;
6989120  0.009188 -0.187897;
6994129  0.015127 -0.187897;
6999201  0.016020 -0.187897;
7004239  0.013595 -0.315963;
