385475  0.000000  97.045494;
391561  0.000000 -10.297415;
406257  0.000000 -10.295991;
411294  0.000000 -10.295375;
416380  0.000000 -10.305124;
421549  0.000000 -10.305124;
426705  0.000000 -10.314064;
431872 -10.322103 -10.321998;
436881 -10.321693 -10.330342;
441996 -10.323094 -10.330342;
447013 -10.320854 -10.314064;
452125 -10.310002 -10.307560;
457151 -10.298086 -9.205240;
462212 -10.273172 -6.593989;
467293 -10.243835 -6.422319;
472323 -10.191771 -6.253301;
477481 -10.099258 -2.109404;
482489 -10.017543  2.232159;
487656 -9.933425  5.417838;
492731 -9.766923  5.426885;
497744 -9.581845  5.428994;
502749 -9.401325  9.041596;
507828 -9.203748  12.058960;
512863 -8.993724  9.939781;
517911 -8.993724  9.028571;
523085 -8.795180  8.242111;
528164 -8.563915  8.258287;
533166 -8.563915  8.258287;
538187 -8.351030  5.734577;
543203 -8.165201  5.568744;
548210 -7.955740  5.526476;
553220 -7.712791  5.496672;
558262 -7.480176  5.485659;
563262 -7.264203  5.170026;
568364 -7.020715  4.458768;
573381 -6.722487  1.867893;
578475 -6.421913  1.826115;
583493 -6.158799  1.796560;
588558 -5.927306  2.043457;
593713 -5.680228  1.099199;
598880 -5.382955  1.099199;
603959 -5.100570  1.406573;
609114 -4.861416  1.406573;
614161 -4.604439  1.270795;
619175 -4.329382  1.221761;
624302 -4.052565  0.974045;
629457 -3.749314  1.203600;
634599 -3.438622  1.270795;
639628 -3.186061  1.780336;
644733 -2.900354  1.194305;
649902 -2.591000  0.945439;
654993 -2.295248  0.866107;
660143 -1.999567  0.701502;
665182 -1.713472 -0.337656;
670286 -1.408695 -0.224374;
675454 -1.125155 -0.024199;
680547 -0.845398 -0.024199;
685693 -0.506136 -0.024199;
690768 -0.179606 -0.687469;
695841  0.145751 -0.687469;
700856  0.490032 -0.687469;
706956  0.790180  0.182457;
711963  1.158200  2.001701;
717042  1.503811  1.883265;
722053  1.816863  1.926192;
727162  2.080203  1.926192;
732176  2.408870  2.464836;
737258  2.734909  2.751830;
742322  3.075611  2.965544;
747397  3.383640  3.052632;
752508  3.723021  3.052632;
757523  4.087594  3.941641;
762637  4.453588  4.125913;
767765  4.831842  4.091777;
772872  5.208119  4.115865;
777873  5.586363  4.135929;
783033  5.946029  4.923946;
788200  6.317918  6.348853;
793310  6.651855  7.372480;
798356  7.040112  5.676046;
803488  7.470077  4.923946;
808613  7.884686  4.923946;
813703  8.284881  4.923946;
818735  8.684480  3.238033;
823815  9.029704  3.238033;
828950  9.381286  3.256871;
834002  9.701199  4.481681;
839094  10.050572  4.748587;
844228  10.385921  4.504765;
849310  10.782743  4.253750;
854326  11.189976  3.167377;
859375  11.565386  3.164432;
864453  11.882369  3.143006;
869585  12.217841 -2.485200;
874688  12.566871 -3.592085;
879731  12.888958 -5.201883;
884823  13.169070 -5.201883;
889850  13.440866 -5.201883;
894954  13.689658 -10.301290;
900004  13.923717 -11.072495;
905108  14.139261 -12.998454;
910150  14.350410 -13.059562;
915261  14.543867 -13.059562;
920309  14.730257 -15.839645;
925418  14.906990 -16.083770;
930577  15.037381 -16.414874;
935715  15.164756 -16.414874;
940860  15.268197 -16.414874;
945903  15.379045 -16.184979;
951062  15.447082 -16.171057;
956228  15.506523 -16.244002;
961299  15.561234 -16.244002;
966331  15.557494 -16.171057;
971494  15.509685 -15.857882;
976577  15.472612 -15.857882;
981583  15.425211 -15.757971;
986587  15.341422 -15.550319;
991647  15.237765 -13.784847;
996726  15.185827 -10.016545;
1001894  15.142961 -10.016545;
1006978  15.106207 -10.016545;
1011981  15.056002 -5.742486;
1017122  15.016030  0.947519;
1026948  14.905722  1.508306;
1032031  14.905722  1.508306;
1037139  14.721773  1.508306;
1042144  14.721773  2.524101;
1047295  14.650800  2.907730;
1052324  14.555029  3.322113;
1057341  14.435191  3.322113;
1062433  14.333219  3.322113;
1067598  14.239789  7.215988;
1072660  14.164852  7.217300;
1077664  14.095196  7.200707;
1082710  14.026223  5.790871;
1087737  13.975739  5.790871;
1092767  13.903878  6.503194;
1097895  13.770041  6.569738;
1103054  13.637901  7.202442;
1108062  13.541943  7.202442;
1113121  13.397795  7.202442;
1118149  13.293037  8.307905;
1123216  13.142173  8.375725;
1128254  13.021314  9.001457;
1133334  12.902300  8.966274;
1138494  12.764728  8.963736;
1143637  12.584103  10.359461;
1148730  12.440230  11.295860;
1153768  12.324349  11.269952;
1158893  12.168262  11.269952;
1164038  11.953105  10.199203;
1169136  11.747398  10.313970;
1174170  11.528471  10.367633;
1179263  11.307335  8.557160;
1184411  11.098186  8.557160;
1189428  10.869410  8.557160;
1194536  10.675024  8.574953;
1199606  10.494348  8.674816;
1204724  10.294620  11.186918;
1209772  10.105463  10.349594;
1214880  9.960049  9.783457;
1219999  9.719207  9.806849;
1225105  9.458113  9.842104;
1230264  9.229254  8.574329;
1235285  9.003218  6.997987;
1240300  8.835661  6.998066;
1245328  8.652570  8.559927;
1250408  8.470770  8.607375;
1255483  8.295854  9.320930;
1260510  8.138814  9.320930;
1265584  7.991779  8.559927;
1270735  7.824312  8.559927;
1275889  7.639284  8.559927;
1281046  7.469452  7.916002;
1286133  7.290507  4.422166;
1291184  7.095273  4.405200;
1296299  6.926869  4.422166;
1301335  6.749225  6.314462;
1306343  6.571595  5.390118;
1311473  6.415941  5.390118;
1316528  6.298983  5.403252;
1321568  6.132877  6.696573;
1326713  5.970341  6.696009;
1332373  5.852649  5.796982;
1337515  5.666231  4.406211;
1342544  5.511632  4.228710;
1347564  5.368108  4.226020;
1352608  5.265653  4.184360;
1357614  5.127207  4.403690;
1362661  4.999702  4.412334;
1367760  4.869573  4.412334;
1372832  4.740088  4.571895;
1377840  4.625808  4.660033;
1383009  4.471071  5.026950;
1388175  4.311872  5.037865;
1393269  4.153633  4.571895;
1398408  4.027464  4.571895;
1403486  3.856989  4.571895;
1408504  3.688886  3.789981;
1413520  3.521927  2.623939;
1418564  3.369432  2.675500;
1423667  3.212543  3.414115;
1428695  3.017864  3.753349;
1433858  2.828618  3.717872;
1438895  2.642134  3.717872;
1443940  2.468391  3.741462;
1448942  2.289750  4.208739;
1454053  2.098810  4.208739;
1459063  1.910069  3.371216;
1464104  1.739628  3.240309;
1469184  1.577599  2.134228;
1474308  1.387986  2.599422;
1479319  1.187851  2.566245;
1484328  0.976562  2.160218;
1489413  0.775566  1.800742;
1494545  0.589453  1.641143;
1499556  0.404872  1.641143;
1504679  0.224643  1.800742;
1509787 -0.019995  1.577345;
1514853 -0.214592  1.519459;
1519991 -0.407588  0.982122;
1525030 -0.630900  1.503162;
1530172 -0.849910  1.437756;
1535279 -1.039796  0.196297;
1541186 -1.228390  0.196297;
1546306 -1.419472  0.278781;
1551399 -1.624492  0.355489;
1556413 -1.825048  0.352306;
1561575 -1.998496 -0.118855;
1566705 -2.178363 -0.572746;
1571817 -2.379085 -1.797342;
1576898 -2.579921 -1.219849;
1581986 -2.802773 -1.231165;
1587054 -2.993501 -1.940213;
1592100 -3.164483 -2.490956;
1597105 -3.339461 -2.557797;
1602270 -3.525511 -2.490956;
1607382 -3.740968 -2.523369;
1612428 -3.953394 -3.265370;
1617532 -4.139851 -3.767857;
1622572 -4.337918 -3.927518;
1627573 -4.551700 -3.753812;
1632577 -4.783985 -3.714302;
1637716 -4.989020 -3.806988;
1642911 -5.199587 -4.078745;
1648053 -5.396982 -4.483756;
1653166 -5.631812 -4.483756;
1658248 -5.854897 -4.485802;
1663398 -6.100176 -4.919801;
1668532 -6.323224 -5.558837;
1673692 -6.545578 -5.933463;
1678813 -6.778985 -5.821601;
1683909 -7.043855 -5.785070;
1689023 -7.307432 -5.784539;
1694086 -7.552773 -5.996306;
1699136 -7.795667 -6.263803;
1704221 -8.035084 -5.996306;
1709383 -8.276160 -5.878738;
1714512 -8.529360 -5.146507;
1719567 -8.780941 -6.102835;
1724571 -8.987873 -6.124817;
1729702 -9.192718 -6.202728;
1734726 -9.441067 -6.276794;
1739751 -9.684237 -6.657077;
1744755 -9.899877 -6.727551;
1750408 -10.114614 -6.912891;
1755522 -10.384951 -6.912891;
1760607 -10.629511 -6.912891;
1765630 -10.854479 -7.616456;
1770704 -11.076704 -7.616456;
1775749 -11.296847 -7.616456;
1780880 -11.515733 -8.069885;
1786049 -11.756954 -8.307156;
1791051 -11.999962 -9.981331;
1796157 -12.187237 -11.503189;
1801306 -12.378406 -11.492386;
1806347 -12.610411 -10.417285;
1811394 -12.837549 -10.500437;
1816547 -13.030208 -10.228387;
1821644 -13.226912 -10.228387;
1826691 -13.434979 -10.533971;
1831758 -13.641006 -10.533971;
1836923 -13.869665 -10.533971;
1842083 -14.102746 -12.755916;
1847230 -14.321067 -13.385338;
1852256 -14.538837 -15.283138;
1857336 -14.767219 -15.446828;
1862496 -14.980526 -15.539478;
1867515 -15.194750 -15.677469;
1872548 -15.403120 -15.840638;
1877562 -15.601891 -15.831433;
1882693 -15.799911 -15.437746;
1887695 -16.046144 -14.810784;
1892830 -16.242889 -14.994798;
1897887 -16.444864 -14.963159;
1902915 -16.630569 -14.763954;
1908071 -16.848179 -14.760790;
1913132 -17.052515 -14.877840;
1918212 -17.253086 -14.694980;
1923277 -17.411793 -15.509128;
1928311 -17.570030 -15.381125;
1933319 -17.746014 -14.834443;
1938348 -17.922197 -14.834443;
1943393 -18.078773 -14.729873;
1948457 -18.211046 -14.877938;
1953515 -18.344513 -14.850107;
1958541 -18.477821 -14.702191;
1963580 -18.620070 -10.623460;
1968618 -18.698063 -5.753283;
1973690 -18.757351 -5.496409;
1978723 -18.807669 -5.322135;
1983771 -18.816721 -2.109534;
1988813 -18.763222  4.529152;
1993837 -18.673914  5.358214;
1998892 -18.585999  5.361051;
2003944 -18.496191  5.366242;
2009055 -18.350094  8.916810;
2014216 -18.172832  10.830384;
2019384 -17.983437  11.043402;
2024435 -17.767155  10.970825;
2029543 -17.537493  10.969009;
2034704 -17.281376  11.844369;
2039836 -17.015629  12.553215;
2044845 -16.728458  12.189785;
2049969 -16.418728  12.189785;
2055117 -16.102394  12.189785;
2060192 -15.759665  12.295995;
2065359 -15.385456  12.312582;
2070462 -14.997956  13.047239;
2075548 -14.640031  13.033967;
2080705 -14.262954  12.154832;
2085751 -13.838964  12.166178;
2090855 -13.416780  12.391424;
2095886 -13.002018  10.189415;
2101032 -12.585698  7.725695;
2106039 -12.152084  5.958002;
2111061 -11.727049  5.937517;
2116062 -11.307180  5.896803;
2121136 -10.872919 -0.169891;
2126301 -10.410397 -0.808286;
2131438 -9.968163 -0.700150;
2136566 -9.559934 -0.068030;
2141649 -9.136448 -0.090463;
2146654 -8.711286 -0.592367;
2151687 -8.250812 -1.030462;
2156845 -7.819458 -0.934494;
2161968 -7.378533 -1.030462;
2167001 -6.928360 -1.221123;
2172019 -6.486671 -2.720260;
2177164 -6.127889 -2.605740;
2182335 -5.775462 -2.605740;
2187393 -5.351505 -2.710518;
2192397 -4.861675 -1.909605;
2197432 -4.455802 -1.353503;
2202556 -4.069746 -1.702870;
2207566 -3.676866 -1.702870;
2212605 -3.262284 -1.790701;
2217752 -2.899154 -1.686619;
2222903 -2.515629 -1.791745;
2228064 -2.129604 -2.311320;
2233224 -1.723131 -2.725869;
2238390 -1.316737 -2.311320;
2243468 -0.931126 -1.791745;
2248556 -0.517003 -1.256288;
2253611 -0.161644 -1.256288;
2258727  0.191409 -1.256288;
2263943  0.540640 -0.087807;
2269142  0.896696  1.248218;
2274308  1.212738  1.288454;
2279374  1.526774  1.336327;
2284480  1.886204  1.405188;
2289640  2.243872  1.336327;
2294650  2.601699  1.288454;
2299654  2.961056  0.844345;
2304790  3.299432  0.844345;
2309839  3.631326  0.844345;
2314883  3.957598  1.019507;
2319997  4.298641  2.370433;
2325106  4.658275  2.678186;
2330265  4.991037  2.778540;
2335303  5.265069  2.774338;
2340421  5.552865  2.774338;
2345428  5.807880  2.774338;
2350528  6.088707  1.669963;
2355628  6.402196  1.669963;
2360776  6.671226  1.669963;
2365822  6.942787  1.903624;
2370845  7.153616  6.301614;
2375850  7.416015  6.309714;
2380936  7.641713  6.322319;
2386068  7.823153  6.322319;
2391079  8.055009  7.100652;
2396164  8.333841  7.438245;
2401173  8.626573  7.244499;
2406337  8.896040  7.244499;
2411423  9.091617  7.244499;
2416492  9.296934  7.858497;
2421652  9.499785  7.858497;
2426813  9.698164  7.330214;
2431876  9.837052  7.296324;
2436914  10.018948  7.269212;
2441993  10.192484  7.270783;
2447133  10.377280  7.298086;
2452246  10.545659  7.271577;
2457260  10.726072  6.929490;
2462372  10.860469  6.769225;
2467484  10.971113  6.769225;
2472540  11.044178  6.769225;
2477588  11.158087  2.394881;
2482648  11.215941 -3.888947;
2488288  11.203054 -6.904876;
2493517  11.195450 -6.904876;
2498590  11.140460 -6.904876;
2503665  11.050322 -14.444978;
2508717  10.936478 -14.934581;
2513743  10.799239 -16.255962;
2518765  10.634662 -16.326616;
2527386  10.303600 -16.350659;
2532501  10.063210 -20.488500;
2537544  10.063210 -21.930850;
2542605  9.814345 -22.866679;
2547622  9.503939 -23.056972;
2552782  9.177120 -23.104173;
2557812  8.844965 -22.126531;
2562841  8.510311 -22.126531;
2567913  8.134954 -22.126531;
2572944  7.771295 -21.130651;
2578135  7.405735 -20.481144;
2583654  7.030254 -18.012132;
2588813  6.624729 -18.012132;
2593978  6.260226 -18.012132;
2599109  5.884576 -12.707683;
2604225  5.541401 -9.802187;
2609348  5.177555 -9.308822;
2614458  4.808752 -9.308822;
2619618  4.495574 -9.308822;
2624684  4.193039 -8.587743;
2629690  3.861211 -8.226232;
2634711  3.528460 -7.892993;
2639876  3.231890 -7.866727;
2644898  2.942743 -7.866727;
2649979  2.681422 -6.442503;
2655022  2.447438 -6.529615;
2660067  2.202116 -5.696908;
2665210  1.935053 -5.696908;
2670365  1.704732 -5.696908;
2675533  1.464508 -5.696908;
2680696  1.195313 -5.541076;
2685706  0.921412 -5.494615;
2690826  0.671500 -5.447570;
2695849  0.406251 -5.447570;
2700930  0.165660 -4.218123;
2705966 -0.058704 -4.141092;
2711087 -0.329289 -3.801921;
2716222 -0.535170 -3.801921;
2721381 -0.747729 -3.801921;
2726547 -0.967425 -3.755654;
2731562 -1.174011 -3.799843;
2736599 -1.378923 -4.327865;
2741699 -1.607420 -4.528256;
2746779 -1.883156 -5.220569;
2751861 -2.129192 -4.960320;
2756970 -2.369118 -4.403768;
2762022 -2.621512 -4.152485;
2767040 -2.858325 -4.152485;
2772062 -3.082512 -4.152485;
2777151 -3.309178 -2.171900;
2782174 -3.527058 -2.300027;
2787238 -3.699360 -2.990943;
2793162 -3.873068 -5.154495;
2798232 -4.156363 -5.107501;
2803271 -4.400058 -4.236470;
2808290 -4.593256 -3.999234;
2813391 -4.773275 -2.970099;
2818413 -4.925434 -2.970099;
2823475 -5.027777 -2.970099;
2828558 -5.139552  1.074324;
2833726 -5.296024  2.264406;
2838790 -5.415662  8.748805;
2843878 -5.483529  8.732514;
2848913 -5.525889  8.729542;
2854061 -5.557430  11.117931;
2859112 -5.554862  15.567489;
2864165 -5.502332  18.400943;
2869213 -5.446542  18.301239;
2874222 -5.366454  18.297048;
2879261 -5.256356  20.687862;
2884423 -5.110250  23.399577;
2889582 -4.951513  23.456334;
2894719 -4.779952  23.316731;
2899858 -4.591359  23.152392;
2904989 -4.352400  24.103891;
2910155 -4.108957  24.167351;
2915224 -3.862197  23.761797;
2920377 -3.605947  23.707630;
2925469 -3.317680  22.805189;
2930477 -3.018248  22.910643;
2935607 -2.723756  23.026656;
2940609 -2.433681  20.778289;
2945628 -2.150844  20.766374;
2950768 -1.826894  18.080780;
2955804 -1.495134  18.473006;
2960964 -1.213296  18.473006;
2966056 -0.911087  16.757736;
2971100 -0.628020  15.507169;
2976154 -0.338957  12.023796;
2981180 -0.073782  12.064548;
2986233  0.186126  12.088629;
2991277  0.434085  7.875357;
2996306  0.700815  6.442980;
3001379  0.966752  3.983886;
3006504  1.201982  3.958211;
3011553  1.396708  3.951680;
3016593  1.581338  2.854743;
3021659  1.749750  0.112853;
3026677  1.910058 -4.248069;
3031837  2.039812 -4.612457;
3036945  2.120378 -4.612457;
3042065  2.177243 -12.347781;
3047141  2.257067 -14.396831;
3052194  2.335469 -15.512571;
3057223  2.335868 -15.512571;
3062380  2.303712 -15.642118;
3067513  2.253849 -22.131249;
3072539  2.198498 -24.886192;
3077576  2.127841 -26.325589;
3082635  2.023847 -25.757429;
3087977  1.886109 -25.436381;
3093122  1.748415 -23.596860;
3098268  1.611400 -23.435406;
3104457  1.474357 -23.303321;
3109464  1.312280 -21.261175;
3114598  1.181156 -16.657389;
3119765  1.044120 -15.208400;
3124924  0.906203 -15.149465;
3130024  0.814222 -14.926267;
3135128  0.723293 -9.309583;
3140257  0.668644 -4.980311;
3145410  0.613727  0.050077;
3150427  0.570629  0.051324;
3155536  0.552452  0.051324;
3160685  0.533941  4.595833;
3165834  0.528728  4.592598;
3170977  0.523515  3.851635;
3176010  0.539743  2.597989;
3181178  0.555625  1.913197;
3186267  0.560531  1.895135;
3191394  0.565362  1.892369;
3196431  0.572069  0.806429;
3201525  0.578658  0.606221;
3206553  0.582911 -0.037564;
3211599  0.587109 -0.060765;
3216673  0.563511 -0.078158;
3221767  0.539782 -5.670779;
3226777  0.484423 -8.443172;
3231881  0.403894 -9.715724;
3237038  0.327232 -10.050383;
3242039  0.261701 -9.153012;
3247158  0.183341 -8.755147;
3252252  0.088556 -8.553331;
3257382 -0.005416 -8.553331;
3262438 -0.104595 -6.113163;
3267596 -0.194662 -5.646777;
3272676 -0.286547 -4.610200;
3277705 -0.371768 -4.577401;
3282801 -0.454176 -4.559032;
3287864 -0.549352 -3.049476;
3292982 -0.643912  2.388072;
3298082 -0.678981  7.987201;
3303195 -0.713927  7.969311;
3308421 -0.683001  7.968248;
3313526 -0.651391  17.138512;
3318620 -0.603054  17.654135;
3323624 -0.554822  17.227518;
3328691 -0.484064  13.430994;
3333823 -0.420771  12.053170;
3338881 -0.361640  12.086390;
3344005 -0.313595  12.091676;
3349173 -0.254869  8.062329;
3354319 -0.195640  7.585853;
3359384 -0.147858  4.945556;
3364404 -0.100828  4.916650;
3369573 -0.069851  4.897663;
3374624 -0.039612 -3.006592;
3379789 -0.046461 -7.704061;
3384916 -0.069709 -8.837119;
3390068 -0.100378 -8.516406;
3395175 -0.128759 -7.877279;
3400331 -0.139465 -7.191016;
3405419 -0.170741 -7.141421;
3410515 -0.201604 -7.141421;
3415526 -0.217228 -4.584300;
3420551 -0.233548 -3.786365;
3425668 -0.250412 -2.944625;
3430709 -0.262311 -2.927523;
3435736 -0.249136 -2.919288;
3440824 -0.234195 -1.349880;
3445895 -0.209984  4.691451;
3451001 -0.175595  8.932518;
3456089 -0.120272  8.040194;
3461152 -0.058309  6.176872;
3466245 -0.012534  6.176872;
3471322  0.031567  6.176872;
3476380  0.079367  3.965770;
3481497  0.127915  3.042470;
3486576  0.178826  2.502277;
3491676  0.229359  2.481810;
3496768  0.244907  2.475580;
3501899  0.246981 -3.303629;
3507059  0.215622 -6.540797;
3512060  0.190979 -10.556582;
3517125  0.156100 -10.810336;
3522171  0.120775 -8.799838;
3527230  0.072063 -8.037332;
3532276  0.028052 -7.968547;
3537354 -0.004136 -7.968547;
3542462 -0.038854 -6.780751;
3547513 -0.081536 -5.854897;
3552633 -0.127251 -4.895487;
3557740 -0.154243 -4.812212;
3562840 -0.183273 -4.794170;
3567919 -0.185205 -1.029919;
3572997 -0.181004  6.310619;
3578074 -0.157615  10.079199;
3583229 -0.124969  10.079199;
3588283 -0.095441  9.094538;
3593367 -0.068498  9.095985;
3598438 -0.030295  9.099368;
3603472  0.002777  5.169608;
3608591  0.039643  4.234587;
3613632  0.092723  2.813154;
3618704  0.113671  2.801675;
3623764  0.097540  2.776505;
3628855  0.099099 -0.658041;
3634003  0.100396 -4.186274;
3639103  0.056947 -6.644631;
3644248  0.015694 -6.814291;
3649257 -0.023331 -6.915451;
3654406 -0.068780 -5.735913;
3659501 -0.104809 -5.673843;
3664607 -0.141510 -5.603523;
3669773 -0.175327 -4.702059;
3674880 -0.209385 -3.587021;
3679888 -0.239233 -2.748768;
3685037 -0.260971 -2.739475;
3690103 -0.278841 -2.673192;
3695256 -0.281843 -1.105226;
3700310 -0.258621  4.576603;
3705333 -0.217171  8.952531;
3710365 -0.158875  8.952531;
3715394 -0.101089  8.952531;
3720520 -0.055699  8.952531;
3725592 -0.015616  8.952531;
3730636  0.024045  5.897342;
3735706  0.088861  4.567465;
3740817  0.130635  2.899767;
3745899  0.136892  2.852833;
3750937  0.184041  2.779893;
3756005  0.163211 -5.720894;
3761190  0.131734 -9.054181;
3766344  0.099688 -9.232453;
3771454  0.069684 -9.339517;
3776571  0.030573 -9.339517;
3781574 -0.021208 -7.920600;
3786668 -0.065533 -7.801145;
3791669 -0.100982 -7.767723;
3796748 -0.132769 -5.662238;
3801845 -0.180133 -4.030923;
3807013 -0.216420 -2.481379;
3812177 -0.208318 -2.449223;
3817267 -0.209920 -2.421753;
3822351 -0.194014  2.455621;
3827477 -0.179213  7.293609;
3832545 -0.141126  7.577105;
3837557 -0.103005  6.742351;
3842613 -0.067218  5.524956;
3847725 -0.029110  5.524956;
3852729  0.009927  5.524956;
3857858  0.036107  3.205258;
3862912  0.057694  2.507255;
3868022  0.063572  2.006597;
3873183  0.077005  1.972086;
3878326  0.093921  1.934036;
3883376  0.086476 -2.784706;
3888538  0.060161 -4.713727;
3893658  0.040867 -5.047022;
3898664  0.026811 -5.161772;
3903816  0.016202 -5.161772;
3908934 -0.029798 -5.820186;
3914092 -0.063148 -5.789947;
3919178 -0.092034 -5.772622;
3924211 -0.116984 -4.756970;
3929222 -0.141674 -4.187962;
3934326 -0.173180 -3.182418;
3939376 -0.205270 -3.104024;
3944398 -0.199743 -3.051036;
3949452 -0.183053  1.687194;
3954562 -0.178448  3.327385;
3959609 -0.161660  3.903246;
3964632 -0.145041  3.918820;
3969714 -0.108333  3.918820;
3974715 -0.077516  4.735364;
3979834 -0.049596  4.728350;
3984943 -0.024377  3.134424;
3990084 -0.005136  2.287003;
3995103  0.015796  1.722064;
4000234  0.031710  1.714179;
4005269  0.043592  1.685279;
4010394  0.052869  0.179650;
4015523  0.063211 -0.147428;
4020606  0.073719 -0.579376;
4029284  0.084132 -0.586146;
4034388  0.101644 -0.636161;
4039482  0.111555 -1.603043;
4044582  0.121057 -1.538538;
4049715  0.125938 -1.511184;
4054806  0.139549 -1.262686;
4059835  0.153049 -0.752610;
4064868  0.153754 -0.695873;
4069958  0.154459 -1.304605;
4075005  0.157154 -1.439626;
4080075  0.159827 -1.439626;
4085078  0.156629 -1.445671;
4090239  0.153473 -1.704463;
4095376  0.162549 -1.869729;
4100489  0.171582 -2.317550;
4105629  0.158209 -2.338111;
4110716  0.143902 -2.380064;
4115773  0.129742 -4.600871;
4120794  0.095091 -5.266200;
4125944  0.055665 -5.501592;
4131004  0.017114 -5.287965;
4136137 -0.020764 -4.621527;
4141183 -0.061226 -3.953660;
4147043 -0.101002 -3.927721;
4152212 -0.140395 -3.916734;
4157228 -0.175143 -2.856289;
4162230 -0.205647 -1.892718;
4167372 -0.236065 -1.538795;
4172513 -0.263841 -1.522995;
4177584 -0.291611 -1.455856;
4182683 -0.300113 -0.326795;
4187789 -0.308662  4.289945;
4192857 -0.277544  8.699780;
4197872 -0.246658  8.699780;
4202969 -0.209969  7.840690;
4208053 -0.172681  7.841677;
4213125 -0.129782  7.841677;
4218153 -0.086985  5.141924;
4223194 -0.055191  4.252274;
4228289 -0.029049  3.033397;
4233327  0.015537  3.030557;
4238357  0.039203  2.980926;
4243367  0.057340  0.205252;
4248562  0.074717 -1.358278;
4253585  0.088691 -2.614935;
4258600  0.102202 -2.669380;
4263638  0.103900 -2.704661;
4268803  0.100799 -3.622576;
4273917  0.094900 -3.830158;
4278921  0.082188 -3.993704;
4283941  0.061192 -4.000216;
4289049  0.035762 -4.023721;
4294168  0.009963 -4.791382;
4299219 -0.014524 -4.682820;
4304265 -0.040806 -4.676617;
4309289 -0.065020 -4.254332;
4314406 -0.090049 -3.930108;
4319417 -0.114839 -3.598368;
4324536 -0.140721 -3.598368;
4329594 -0.168295 -3.581375;
4334673 -0.197856 -3.118540;
4339843 -0.229634 -2.858743;
4344948 -0.252155 -2.536427;
4350095 -0.258726 -2.498452;
4356326 -0.265352 -2.385192;
4361334 -0.218055  4.097581;
4366410 -0.180042  10.805925;
4371466 -0.135855  9.806012;
4376571 -0.091842  7.164320;
4381671 -0.047441  6.838693;
4386852 -0.003084  6.838509;
4391893  0.048384  6.838202;
4396928  0.098462  4.310486;
4402013  0.130992  4.096003;
4407174  0.163846  3.708107;
4412241  0.187656  3.707908;
4417372  0.211032  3.691562;
4422432  0.221583 -5.289667;
4427517  0.231987 -9.095265;
4432628  0.195126 -10.116870;
4437692  0.158075 -10.274461;
4442818  0.111740 -9.439039;
4447879  0.064838 -9.010168;
4452910  0.014590 -9.008323;
4458054 -0.035360 -9.008323;
4463331 -0.078893 -6.335455;
4468349 -0.123914 -5.302482;
4473362 -0.163699 -4.092016;
4478495 -0.203445 -4.084127;
4483551 -0.246023 -4.023366;
4489410 -0.287962 -2.869685;
4494447 -0.321132 -1.049746;
4499449 -0.309852  4.562236;
4504590 -0.298650  4.592098;
4509673 -0.239023  4.592388;
4514694 -0.180070  9.809096;
4519732 -0.140693  9.809096;
4524813 -0.101182  8.134169;
4529873 -0.065640  5.869023;
4534956 -0.030244  4.237960;
4539985 -0.009199  4.221989;
4545092  0.011622  4.221319;
4550186  0.039978  1.899663;
4555216  0.065384  0.850836;
4560249  0.080603 -0.394850;
4565496  0.095832 -0.465482;
4570582  0.111868 -0.491417;
4575673  0.122947 -2.142446;
4580679  0.129490 -2.718598;
4585821  0.134816 -2.994183;
4590894  0.151081 -2.718598;
4595961  0.142846 -2.142446;
4601162  0.137329 -1.960539;
4606210  0.162714 -1.960539;
4611294  0.181687 -1.960539;
4616307  0.200795 -0.680014;
4621462  0.206090 -0.691474;
4626625  0.220271 -1.281464;
4631673  0.232582 -1.923677;
4636832  0.238453 -1.937096;
4641971  0.241972 -1.987755;
4647131  0.236024 -1.997418;
4652214  0.216107 -4.425034;
4657298  0.188844 -5.564690;
4662439  0.169725 -5.886129;
4667545  0.131712 -5.899822;
4672707  0.093958 -5.928823;
4677750  0.053464 -6.786171;
4682859 -0.001918 -6.781298;
4687861 -0.056074 -6.781298;
4692932 -0.095122 -5.680884;
4698031 -0.144656 -5.510974;
4703117 -0.194464 -4.975518;
4708145 -0.238943 -4.890149;
4713182 -0.282914 -4.862888;
4718199 -0.328464 -4.096827;
4723250 -0.334271  1.084402;
4728400 -0.319798  4.846461;
4733454 -0.292461  4.861671;
4738526 -0.260156  4.861671;
4743667 -0.201639  9.804018;
4748817 -0.152059  9.815570;
4753826 -0.114226  8.433381;
4758976 -0.065536  6.034426;
4764036 -0.026995  4.909493;
4769143  0.021031  4.900035;
4774381  0.069503  4.876343;
4779447  0.092509  2.492280;
4784491  0.118820  1.419194;
4789614  0.144978 -0.789043;
4794638  0.172485 -0.809937;
4799683  0.167129 -0.884184;
4804747  0.154242 -5.806963;
4809884  0.127274 -7.088103;
4814943  0.091055 -8.387349;
4820005  0.048975 -7.391413;
4825129  0.017535 -7.112889;
4830293 -0.028058 -6.738820;
4835436 -0.071563 -6.738820;
4840496 -0.113713 -6.738820;
4845513 -0.161248 -5.802432;
4850681 -0.195625 -5.334896;
4855835 -0.224804 -4.447178;
4860920 -0.268107 -4.381349;
4865974 -0.282260 -4.241460;
4871117 -0.253157 -0.090302;
4876182 -0.221813  8.159378;
4881829 -0.190945  8.289349;
4886956 -0.147176  8.289349;
4892102 -0.108924  6.656788;
4897115 -0.070531  6.656352;
4902213 -0.033321  6.654225;
4907258 -0.005132  3.421678;
4912424  0.022765  2.966687;
4917561  0.034373  1.788833;
4922586  0.045916  1.778613;
4927689  0.064994  1.718993;
4932760  0.069527 -0.088293;
4937882  0.073838 -1.051398;
4942966  0.078193 -1.611683;
4948030  0.085076 -1.658865;
4953170  0.091933 -1.671774;
4958328  0.098264 -2.492547;
4963461  0.104618 -2.753699;
4968518  0.105220 -2.900625;
4973574  0.105813 -2.921191;
4978692  0.096912 -2.924725;
4983793  0.087901 -3.201920;
4988905  0.073702 -3.211983;
4993972  0.054830 -3.210769;
4999132  0.049854 -3.200707;
5004227  0.044787 -2.639575;
5009307  0.032823 -1.282366;
5014362  0.020893 -1.282366;
5019368  0.025885 -1.282366;
5024519  0.020893 -0.910008;
5029663  0.013869 -0.910008;
5034740  0.012156 -1.311662;
5039783  0.008100 -1.716109;
5044841  0.001917 -1.716109;
5049926 -0.011197 -1.317615;
5055037 -0.024380 -1.304109;
5060133 -0.030882 -0.547930;
5065253 -0.037364 -0.535764;
5070258 -0.045948 -0.535764;
5075363 -0.054721  1.086072;
5080494 -0.056149  1.085716;
5085621 -0.053980  0.276180;
5090671 -0.060267 -0.305925;
5095763 -0.072396 -0.305925;
5100930 -0.082683 -0.207981;
5106019 -0.093120 -0.192200;
5111167 -0.081996  0.154162;
5116189 -0.075497  0.176605;
5121221 -0.073567  0.011223;
5126224 -0.073130  0.001635;
5131341 -0.080830 -0.011749;
5136463 -0.082105 -0.625719;
5141563 -0.083381 -1.008603;
5146623 -0.090881 -1.321188;
5151782 -0.100639 -1.206501;
5156789 -0.108973 -1.008603;
5161957 -0.110450 -0.608399;
5167045 -0.109252 -0.601583;
5172186 -0.108073 -0.601583;
5177281 -0.104487  0.547522;
5182362 -0.101167  0.547522;
5187517 -0.097623 -0.178018;
5192530 -0.104298 -0.172018;
5197602 -0.120471 -0.172018;
5202725 -0.116508  0.720481;
5207859 -0.105778  0.708032;
5212998 -0.102629 -0.076472;
5218031 -0.100692 -0.173258;
5223066 -0.099756 -0.244234;
5228177 -0.108544 -0.181402;
5233197 -0.108724 -0.180163;
5238343 -0.098440 -0.099388;
5243423 -0.090177 -0.076472;
5248437 -0.086362 -0.062539;
5253563 -0.076894  0.550700;
5258638 -0.063928  0.852988;
5263677 -0.055236  1.071172;
5268748 -0.045990  0.897483;
5273798 -0.039008  0.571381;
5278827 -0.029626  0.564436;
5283987 -0.023700  0.564436;
5289065 -0.019196 -0.172670;
5294206 -0.013444 -0.447066;
5300164 -0.007622 -0.734641;
5305179 -0.008378 -0.742965;
5310325 -0.009015 -0.488977;
5315452 -0.004562 -0.461788;
5320572 -0.000125 -0.461788;
5325641  0.011732 -0.451967;
5330653  0.023470 -0.451967;
5335739  0.020998 -0.459107;
5340786  0.018488 -1.045388;
5345861  0.019388 -1.427133;
5350875  0.020294 -1.865371;
5355882  0.013533 -1.428642;
5360917  0.006782 -1.351213;
5366038  0.004797 -1.046831;
5371170  0.014037 -1.037224;
5376220  0.017734 -1.032909;
5381344  0.020562 -0.296079;
5386455  0.024371 -0.304825;
5391600  0.033788 -0.204709;
5396681  0.037847 -0.194354;
5401858  0.032276 -0.179305;
5406870  0.038416 -0.185317;
5411962  0.046312 -0.194354;
5417121  0.037619 -0.642777;
5422194  0.035783 -0.761278;
5427359  0.038508 -0.950740;
5432372  0.035092 -0.957396;
5437476  0.028409 -0.962157;
5442483  0.027527 -1.483147;
5447609  0.019859 -1.474541;
5452729  0.013886 -1.472519;
5457863  0.009210 -1.408387;
5463018  0.009421 -1.195588;
5468164  0.011993  0.032471;
5473216  0.017821  0.040807;
5478267  0.018915  0.040807;
5483302  0.020549  0.034140;
5488322  0.014913  0.032471;
5493434  0.009294 -0.739117;
5498502  0.001386 -1.053621;
5503536 -0.010167 -1.124570;
5509370 -0.021643 -1.124570;
5514467 -0.040108 -1.053621;
5519585 -0.056241 -0.741894;
5529795 -0.064509 -0.727567;
5534834 -0.078821 -0.727567;
5539955 -0.085885 -0.572551;
5545092 -0.086027 -0.573911;
5550260 -0.089228 -1.082580;
5555375 -0.090161 -1.082580;
5560529 -0.091083 -1.073408;
5565547 -0.098387 -0.118058;
5570556 -0.105498  0.762928;
5575654 -0.099595  1.316588;
5580768 -0.090241  0.886046;
5585777 -0.091164  0.724234;
5590872 -0.088894  0.723106;
5596006 -0.082229  0.714446;
5601084 -0.074611  0.037531;
5606186 -0.064945 -0.104854;
5611321 -0.054376 -0.284403;
5616392 -0.045817 -0.296183;
5621434 -0.035235 -0.305810;
5626484 -0.021403 -1.047823;
5631623 -0.009284 -1.047823;
5636774 -0.000287 -1.047823;
5641820  0.022494 -0.753581;
5646822  0.043155 -0.689853;
5651986  0.064628 -0.563964;
5657153  0.087545 -0.563964;
5662155  0.107596 -0.627790;
5667224  0.130062 -0.627790;
5672372  0.156156 -0.627790;
5677390  0.181950 -1.118726;
5682430  0.207246 -1.391732;
5687593  0.231921 -1.432145;
5692723  0.258972 -1.446222;
5697772  0.283227 -1.420305;
5702918  0.315115 -1.337907;
5708039  0.349423 -1.452269;
5713172  0.383565 -1.452269;
5719076  0.410537 -1.456305;
5724191  0.451611 -1.464389;
5729287  0.487196 -1.554288;
5734413  0.523505 -1.665546;
5739544  0.560027 -1.985700;
5744678  0.593138 -1.996416;
5749732  0.626269 -2.104982;
5754764  0.588938 -11.380765;
5759774  0.551769 -13.952074;
5764943  0.498279 -14.755729;
5769992  0.443091 -14.103624;
5775103  0.374655 -13.952074;
5780236  0.305378 -11.968204;
5785316  0.257785 -11.948668;
5790346  0.210683 -11.806582;
5795497  0.159015 -9.812169;
5800586  0.102840 -6.721415;
5805680  0.047652 -5.597588;
5810817 -0.007590 -5.563423;
5815982 -0.053338 -5.556760;
5821100 -0.078991 -3.431934;
5826124 -0.104410  1.454398;
5831223 -0.077972  3.911393;
5836248 -0.064257  3.959034;
5841276 -0.048285  3.959034;
5846278 -0.028006  6.092407;
5851384  0.003738  6.092407;
5856449  0.021176  4.164791;
5861542  0.045123  3.714801;
5866612  0.059794  2.539674;
5871688  0.069793  2.532468;
5876698  0.074767  2.508008;
5881743  0.093139  0.340345;
5886814  0.091728 -2.073879;
5891896  0.074632 -4.440554;
5896926  0.063939 -4.488333;
5902034  0.045484 -4.525615;
5907036  0.022493 -6.967550;
5912098 -0.007429 -6.967550;
5917179 -0.020900 -6.822648;
5922327 -0.043770 -5.490155;
5927418 -0.066941 -4.765536;
5932442 -0.079402 -3.891371;
5937551 -0.090126 -3.891371;
5942711 -0.102436 -3.891371;
5947840 -0.108290 -2.527774;
5952840 -0.118377 -1.422080;
5957857 -0.106989 -0.467451;
5962963 -0.089588 -0.403761;
5968087 -0.070124 -0.403761;
5973163 -0.038975  2.766076;
5978229 -0.005405  3.574419;
5983247  0.027248  3.010295;
5988397  0.056336  2.811927;
5993516  0.098533  2.078031;
5998582  0.134068  2.051164;
6003656  0.167301  2.034188;
6008807  0.201904  0.856099;
6013874  0.230072  0.584084;
6018918  0.265671  0.133741;
6024072  0.295141  0.131696;
6029101  0.312466  0.095517;
6034268  0.325417 -4.191511;
6039278  0.330717 -7.818541;
6044429  0.315395 -9.555739;
6049527  0.287295 -9.787025;
6054535  0.259446 -8.431388;
6059592  0.235605 -7.980396;
6064612  0.209755 -7.928683;
6069712  0.188846 -7.875582;
6074792  0.172431 -5.563643;
6079900  0.158563 -4.623924;
6084946  0.148634 -3.647662;
6089977  0.140097 -3.637536;
6095088  0.133620 -3.619860;
6100128  0.131099 -2.167620;
6105243  0.127958 -1.263925;
6110384  0.127113 -0.841619;
6115514  0.129522 -0.834583;
6120548  0.133452 -0.830367;
6125689  0.138462 -0.186382;
6130804  0.143695 -0.040377;
6136041  0.153354 -0.179067;
6141192  0.163243 -0.771696;
6146293  0.162432 -1.514320;
6151414  0.164821 -1.534653;
6156488  0.153616 -1.534653;
6161612  0.150183 -1.562177;
6166781  0.148594 -2.545502;
6171883  0.129826 -2.552218;
6177050  0.106044 -2.585265;
6182197  0.093200 -2.636415;
6187287  0.066969 -3.779029;
6192371  0.037065 -3.766880;
6197513  0.007196 -3.729327;
6202562 -0.013789 -2.816708;
6207730 -0.036977 -2.651888;
6212837 -0.058108 -1.817851;
6217955 -0.078990 -1.797870;
6222999 -0.098549 -1.784772;
6228101 -0.116478 -1.167539;
6233104 -0.133678 -0.633074;
6238133 -0.151461 -0.440370;
6243216 -0.169106 -0.440370;
6248332 -0.187367 -0.419933;
6253486 -0.205864 -0.030750;
6258568 -0.220131  0.220031;
6263573 -0.238312  0.275619;
6268641 -0.255605  0.275619;
6273743 -0.266617  0.275619;
6278783 -0.274353  0.350079;
6283918 -0.286881  0.417789;
6289070 -0.287807  0.848465;
6294220 -0.275522  0.855451;
6299309 -0.263242  0.897760;
6304394 -0.226673  3.410134;
6309448 -0.178138  9.126727;
6314566 -0.128432  7.059072;
6319630 -0.082551  5.543271;
6324733 -0.028650  4.259110;
6329781  0.014019  4.252026;
6334864  0.052221  4.248056;
6339989  0.085876  3.406686;
6345009  0.135967  2.593478;
6350047  0.185031  1.249016;
6355208  0.207351  1.194793;
6360229  0.211029  1.157962;
6365275  0.211120 -3.730101;
6370382  0.210633 -6.265881;
6375509  0.201408 -9.509620;
6380637  0.166120 -8.658283;
6385664  0.120257 -7.341468;
6390784  0.094138 -6.548929;
6395947  0.070038 -6.419490;
6401114  0.047548 -6.391228;
6406260  0.019006 -4.981985;
6411413 -0.006946 -4.185301;
6416463 -0.032854 -3.492017;
6421482 -0.058976 -3.475802;
6426644 -0.080494 -3.423751;
6431696 -0.101640 -2.002684;
6436706 -0.122412 -1.426272;
6441760 -0.144236 -1.091797;
6446911 -0.168681 -1.042523;
6452057 -0.193596 -1.036285;
6457143 -0.196607  0.158940;
6462261 -0.180636  5.234343;
6467329 -0.141904  7.512441;
6472362 -0.104015  7.512441;
6477364 -0.072190  6.003546;
6482388 -0.033840  5.996423;
6487495 -0.001035  5.996423;
6492609  0.041745  3.623747;
6497672  0.073536  2.483973;
6502713  0.111968  1.908621;
6507808  0.129413  1.880193;
6512967  0.156381  1.880193;
6518109  0.164744  0.121476;
6523170  0.171235 -1.021237;
6528251  0.174881 -2.453082;
6533315  0.155851 -2.485758;
6538381  0.110753 -2.577642;
6543498  0.062002 -8.048073;
6548578  0.027213 -7.822418;
6553689 -0.003718 -7.822418;
6558830 -0.034838 -6.552013;
6563983 -0.067632 -5.457012;
6569122 -0.099755 -4.468405;
6574189 -0.132850 -4.412826;
6579194 -0.165172 -4.402043;
6584211 -0.174289 -3.005616;
6589232 -0.180441  1.318872;
6594400 -0.173298  5.673513;
6599480 -0.125864  5.673513;
6604502 -0.072995  5.674078;
6609548 -0.030006  6.742210;
6614658 -0.000448  6.742210;
6619717  0.036039  5.343325;
6624869  0.070964  3.398910;
6629974  0.088007  2.969291;
6635025  0.102323  2.914290;
6640054  0.117413  2.904445;
6645190  0.129175  0.017790;
6650338  0.126758 -2.353515;
6655454  0.099343 -4.891008;
6660472  0.073621 -4.958378;
6665505  0.043757 -5.149754;
6670539 -0.000681 -7.111496;
6675557 -0.026990 -6.911415;
6680669 -0.062178 -6.910603;
6685698 -0.095490 -6.156803;
6690816 -0.128490 -4.842169;
6695934 -0.154027 -3.937841;
6700983 -0.189682 -3.918377;
6705995 -0.225898 -3.848227;
6711075 -0.239236 -2.151092;
6716174 -0.238757  2.701672;
6721244 -0.238548  5.718988;
6726343 -0.222704  5.718988;
6731435 -0.187892  5.718988;
6736590 -0.145937  6.056081;
6741759 -0.113655  6.056081;
6746782 -0.077615  4.693925;
6751922 -0.044856  3.965588;
6757086 -0.014041  2.178256;
6762151  0.012937  2.165593;
6767252  0.039397  2.112509;
6772373  0.061256  0.936124;
6777498  0.081051  0.175954;
6782547  0.091198 -0.386701;
6787579  0.103468 -0.399013;
6792725  0.102522 -0.418884;
6797813  0.089613 -3.063070;
6802894  0.071877 -4.511410;
6807918  0.050908 -6.346873;
6812988  0.036579 -6.353925;
6818048 -0.000329 -5.021809;
6823108 -0.022679 -4.694343;
6828123 -0.048815 -4.694343;
6833266 -0.072383 -4.690188;
6838419 -0.097024 -3.555998;
6843561 -0.121712 -3.226507;
6848716 -0.145720 -2.435262;
6853850 -0.165184 -2.399376;
6858944 -0.185353 -2.385988;
6864116 -0.191211 -1.485005;
6869228 -0.188117  2.324989;
6874315 -0.185059  4.933513;
6879357 -0.145979  4.946343;
6884497 -0.102627  4.946343;
6889654 -0.054116  5.501613;
6894741 -0.005445  5.501613;
6899848  0.026256  3.925090;
6904999  0.058082  3.030317;
6910016  0.087587  1.823531;
6915116  0.107363  1.790635;
6920281  0.132215  1.749088;
6925391  0.161248 -0.359392;
6930504  0.163408 -2.420645;
6935568  0.165569 -4.427620;
6940670  0.145366 -4.475620;
6945746  0.116910 -4.658327;
6950802  0.066745 -6.977448;
6955858  0.022799 -6.951189;
6960913 -0.012810 -6.868126;
6966028 -0.044361 -6.606384;
6971051 -0.081011 -5.328252;
6976182 -0.117001 -4.588809;
6981317 -0.155763 -4.575725;
6986435 -0.180757 -4.518907;
6991489 -0.206255 -3.066823;
6996631 -0.201302 -0.459066;
