397774  0.000000  97.045494;
407135  0.000000 -0.990083;
412644  0.000000 -0.990083;
417768  0.000000 -0.990559;
422919  0.000000 -0.990559;
428018  0.000000 -0.990559;
433061  0.000000 -0.971267;
438280 -0.957627 -0.959668;
443578 -0.957627 -0.956293;
448659 -0.956364 -0.956293;
453811 -0.954803 -0.956293;
458908 -0.952356 -0.961041;
463936 -0.950634 -0.962890;
468952 -0.949052 -0.966269;
474111 -0.947817 -0.966269;
479122 -0.946666 -0.966269;
484146 -0.945471 -0.968172;
489249 -0.944273 -0.968172;
494388 -0.943212 -0.967221;
499464 -0.941987 -0.967221;
504520 -0.940544 -0.970601;
509552 -0.937947 -0.968648;
514699 -0.937947 -0.970028;
519801 -0.936445 -0.969076;
524952 -0.935384 -0.969076;
530118 -0.933841 -0.972458;
535266 -0.932806 -0.972458;
540293 -0.931343 -0.972458;
545443 -0.930452 -0.970505;
550495 -0.929381 -0.970505;
555647 -0.928639 -0.970505;
560723 -0.927725 -0.961308;
565873 -0.927290 -0.964165;
570960 -0.926652 -0.964641;
576089 -0.926681 -0.962260;
581116 -0.926594 -0.962260;
586165 -0.926508 -0.962260;
591310 -0.926114 -0.956920;
596363 -0.925908 -0.952109;
601438 -0.925860 -0.952109;
606593 -0.925193 -0.952109;
611692 -0.925026 -0.948726;
616743 -0.924433 -0.948726;
621746 -0.913936 -0.950151;
626778 -0.913660 -0.950151;
631933 -0.913421 -0.950151;
637055 -0.912860 -0.953480;
642070 -0.912454 -0.953480;
647219 -0.912454 -0.954963;
652383 -0.912130 -0.958348;
657389 -0.912561 -0.958348;
662390 -0.912561 -0.954963;
667514 -0.912819 -0.951578;
672573 -0.913553 -0.947718;
677681 -0.914509 -0.947242;
682696 -0.915436 -0.947242;
687734 -0.916805 -0.940473;
692758 -0.918642 -0.937088;
697861 -0.921088 -0.930793;
702926 -0.924000 -0.934178;
708075 -0.927239 -0.940948;
713102 -0.936529 -0.940948;
718143 -0.936529 -0.942848;
723294 -0.942061 -0.953005;
728341 -0.948461 -0.953005;
733448 -0.954693 -0.956390;
738595 -0.961584 -0.956866;
743610 -0.968726 -0.957818;
748627 -0.976565 -0.969406;
753703 -0.984866 -0.986338;
758763 -0.994312 -0.989724;
763766 -1.004268 -0.990680;
768857 -1.025450 -0.990680;
773864 -1.025450 -1.017771;
779017 -1.036907 -1.017771;
784143 -1.048424 -1.024543;
789173 -1.060662 -1.025023;
794194 -1.072556 -1.025023;
799292 -1.084735 -1.024543;
804402 -1.097880 -1.041472;
809480 -1.111172 -1.044857;
814485 -1.125699 -1.044857;
819498 -1.139636 -1.044857;
824727 -1.153939 -1.096119;
829833 -1.169177 -1.099020;
834916 -1.184369 -1.105789;
840015 -1.214548 -1.105789;
845178 -1.214548 -1.105789;
850268 -1.230500 -1.138172;
855420 -1.247043 -1.140582;
860433 -1.264417 -1.160879;
865441 -1.299281 -1.160879;
870476 -1.299281 -1.160879;
875634 -1.317797 -1.214994;
880793 -1.355818 -1.241553;
885834 -1.355818 -1.243456;
890865 -1.375126 -1.244934;
896011 -1.415741 -1.245427;
901052 -1.415741 -1.313039;
906196 -1.436512 -1.319799;
911328 -1.458178 -1.336697;
916375 -1.480068 -1.343675;
921432 -1.502250 -1.345172;
926539 -1.524747 -1.374614;
931696 -1.547855 -1.394403;
936821 -1.570994 -1.413685;
941978 -1.594145 -1.414188;
947078 -1.617598 -1.414691;
952117 -1.641142 -1.488554;
957254 -1.664482 -1.508830;
962353 -1.688510 -1.518968;
967397 -1.712517 -1.521004;
972404 -1.761449 -1.523550;
977557 -1.761449 -1.595047;
982674 -1.786654 -1.603644;
987771 -1.837277 -1.633536;
992776 -1.837277 -1.634052;
997796 -1.862446 -1.634052;
1002801 -1.887920 -1.722391;
1007898 -1.914273 -1.746029;
1012904 -1.940799 -1.766287;
1017932 -1.967464 -1.767334;
1022981 -1.994360 -1.771524;
1027996 -2.049310 -1.842980;
1033011 -2.049310 -1.876748;
1038013 -2.077821 -1.897005;
1043016 -2.106488 -1.899662;
1048045 -2.135886 -1.904449;
1053216 -2.166051 -1.983754;
1058340 -2.197660 -2.003633;
1063431 -2.229998 -2.027264;
1068496 -2.262672 -2.028881;
1073659 -2.295914 -2.029960;
1078663 -2.329327 -2.063723;
1083674 -2.363658 -2.100855;
1088765 -2.398152 -2.147557;
1093815 -2.434518 -2.147557;
1098959 -2.471286 -2.148103;
1104114 -2.509876 -2.268987;
1109176 -2.549415 -2.285291;
1114190 -2.630270 -2.302147;
1119229 -2.630270 -2.302702;
1124344 -2.671996 -2.304923;
1129472 -2.715328 -2.401556;
1134590 -2.760179 -2.438632;
1139720 -2.805958 -2.465592;
1144727 -2.852981 -2.468415;
1149781 -2.900443 -2.469545;
1154957 -3.000547 -2.592003;
1160102 -3.000547 -2.625689;
1165149 -3.052969 -2.639162;
1170254 -3.159824 -2.644913;
1175301 -3.159824 -2.645489;
1180356 -3.214908 -2.783609;
1185500 -3.331959 -2.840844;
1190517 -3.331959 -2.914884;
1195623 -3.392690 -2.917248;
1200632 -3.519479 -2.920205;
1205771 -3.519479 -3.077387;
1210907 -3.586512 -3.111023;
1215937 -3.726628 -3.148015;
1220982 -3.726628 -3.154065;
1226068 -3.799136 -3.154065;
1231207 -3.874874 -3.316413;
1236295 -3.954578 -3.376924;
1241300 -4.036132 -3.440771;
1246464 -4.119259 -3.443881;
1251626 -4.207590 -3.445748;
1256638 -4.298172 -3.651912;
1261782 -4.389221 -3.729105;
1266894 -4.484631 -3.802904;
1271914 -4.581632 -3.813841;
1276941 -4.669876 -3.818995;
1281950 -4.770138 -4.053900;
1287053 -4.872565 -4.147757;
1292080 -4.978628 -4.248250;
1297151 -5.084531 -4.254272;
1302270 -5.192019 -4.255611;
1307437 -5.301267 -4.543561;
1312461 -5.412250 -4.633844;
1317622 -5.521273 -4.730748;
1322622 -5.632638 -4.743297;
1327735 -5.740416 -4.750978;
1332817 -5.850356 -5.067755;
1337982 -5.959668 -5.191299;
1343048 -6.070252 -5.281380;
1348109 -6.177751 -5.287214;
1353188 -6.284409 -5.302552;
1358233 -6.391292 -5.621353;
1363308 -6.497304 -5.704624;
1368470 -6.604103 -5.791168;
1373618 -6.711037 -5.797237;
1378703 -6.817407 -5.825378;
1383859 -6.922708 -6.112396;
1388891 -7.029990 -6.238965;
1393983 -7.135077 -6.342122;
1399023 -7.241106 -6.350835;
1404034 -7.345860 -6.365913;
1409105 -7.450125 -6.625411;
1414112 -7.556414 -6.728448;
1419174 -7.660673 -6.818116;
1424271 -7.766309 -6.832058;
1429321 -7.872753 -6.832879;
1434332 -7.978408 -7.108417;
1439497 -8.189631 -7.227755;
1444652 -8.189631 -7.313864;
1449811 -8.296460 -7.319799;
1454911 -8.507424 -7.328287;
1459959 -8.507424 -7.662092;
1465055 -8.611342 -7.738101;
1470101 -8.818153 -7.840465;
1475263 -8.818153 -7.850122;
1480305 -8.923079 -7.858911;
1485312 -9.025834 -8.190000;
1490384 -9.127838 -8.305338;
1495504 -9.230585 -8.397517;
1500553 -9.334891 -8.405703;
1505659 -9.437828 -8.412986;
1510704 -9.646448 -8.677382;
1515832 -9.646448 -8.743112;
1520905 -9.751974 -8.828498;
1525907 -9.856833 -8.864048;
1530953 -9.960262 -8.877185;
1535963 -10.170151 -9.141761;
1540972 -10.170151 -9.236992;
1546142 -10.274796 -9.325572;
1556515 -10.382961 -9.347758;
1561604 -10.601488 -9.280245;
1566608 -10.709203 -9.373877;
1571632 -10.815653 -9.692273;
1576841 -10.913209 -9.957339;
1581959 -11.024855 -9.987368;
1587118 -11.134824 -10.004430;
1592123 -11.246540 -10.308577;
1597140 -11.355762 -10.400044;
1602168 -11.465400 -10.517508;
1607265 -11.576045 -10.525769;
1612287 -11.689142 -10.527835;
1617446 -11.801649 -10.782537;
1622480 -11.917974 -10.873655;
1627511 -12.032094 -10.964679;
1632636 -12.147683 -10.993245;
1637654 -12.266175 -11.002787;
1642704 -12.502259 -11.285506;
1647740 -12.502259 -11.395772;
1652878 -12.621346 -11.496186;
1658009 -12.743040 -11.517927;
1663136 -12.865117 -11.547355;
1668294 -12.988274 -11.921410;
1673380 -13.112096 -12.031307;
1683602 -13.483903 -12.131380;
1694536 -13.483903 -12.156096;
1699560 -13.752810 -12.182000;
1704635 -13.877633 -12.605166;
1714549 -14.252322 -12.843186;
1719680 -14.252322 -12.939478;
1736993 -14.817953 -12.982732;
1742021 -14.817953 -13.017934;
1747199 -14.946446 -13.426692;
1753944 -15.079366 -13.826243;
1765073 -15.539244 -13.921821;
1774122 -15.539244 -13.979317;
1779131 -15.772429 -14.013713;
1784214 -16.035002 -14.687147;
1789261 -16.035002 -14.934490;
1794424 -16.166639 -15.016747;
1799446 -16.301144 -15.069407;
1804586 -16.431822 -15.070695;
1809642 -16.565256 -15.292280;
1814676 -16.696857 -15.383832;
1819781 -16.828232 -15.494165;
1824828 -16.961655 -15.529514;
1829832 -17.093754 -15.571546;
1834965 -17.224651 -15.895367;
1840038 -17.359198 -16.008552;
1845149 -17.625868 -16.124682;
1850210 -17.625868 -16.185227;
1855327 -17.758257 -16.220346;
1860429 -18.025415 -16.539615;
1865433 -18.025415 -16.642983;
1870572 -18.157000 -16.733687;
1875680 -18.292173 -16.787511;
1880724 -18.426571 -16.809659;
1885854 -18.558899 -17.192184;
1890882 -18.693249 -17.266991;
1896039 -18.825274 -17.382145;
1901190 -18.960684 -17.433088;
1906195 -19.228065 -17.482807;
1911340 -19.228065 -17.842221;
1916345 -19.362259 -17.972429;
1921492 -19.626263 -18.065266;
1926653 -19.626263 -18.105905;
1931787 -19.758785 -18.149584;
1936840 -20.018269 -18.507016;
1941899 -20.018269 -18.645669;
1946955 -20.145855 -18.747143;
1952042 -20.272747 -18.803679;
1957064 -20.399176 -18.854460;
1962079 -20.643646 -19.205749;
1967230 -20.643646 -19.303833;
1972257 -20.767025 -19.380345;
1977293 -20.885899 -19.445854;
1982346 -21.003063 -19.500931;
1987357 -21.232298 -19.828576;
1992520 -21.232298 -19.907909;
1997544 -21.346663 -19.990176;
2002572 -21.456070 -20.033746;
2007608 -21.564489 -20.072758;
2012633 -21.672119 -20.399558;
2017669 -21.778288 -20.490612;
2022783 -21.882420 -20.602704;
2027824 -21.987032 -20.655115;
2032912 -22.087767 -20.709305;
2038084 -22.187614 -20.977022;
2043094 -22.287926 -21.070625;
2048127 -22.382877 -21.152018;
2053283 -22.476460 -21.182734;
2058419 -22.570675 -21.211889;
2063539 -22.662094 -21.405346;
2068603 -22.752096 -21.489466;
2073695 -22.839025 -21.561462;
2078824 -22.924026 -21.613867;
2083875 -23.007883 -21.674681;
2089012 -23.088728 -21.947704;
2094140 -23.169420 -22.034450;
2099297 -23.247780 -22.106129;
2104434 -23.324654 -22.167842;
2109498 -23.400131 -22.201300;
2114506 -23.541979 -22.403205;
2119518 -23.541979 -22.453855;
2124529 -23.676277 -22.531221;
2129531 -23.676277 -22.580232;
2134680 -23.740339 -22.622602;
2139822 -23.805065 -22.793866;
2144986 -23.868448 -22.844338;
2150000 -23.930368 -22.882900;
2155966 -24.065466 -22.906816;
2161022 -24.065466 -22.939328;
2166049 -24.120609 -23.077118;
2171180 -24.174055 -23.133354;
2176346 -24.227549 -23.189527;
2181348 -24.279987 -23.210206;
2187082 -24.329464 -23.234363;
2192110 -24.385437 -23.359441;
2197244 -24.432676 -23.433151;
2202269 -24.479971 -23.468493;
2207287 -24.525839 -23.510188;
2212303 -24.570532 -23.543270;
2217454 -24.615055 -23.659774;
2222615 -24.659676 -23.683308;
2227780 -24.702885 -23.715648;
2232893 -24.745260 -23.741908;
2237895 -24.826555 -23.745412;
2242936 -24.826555 -23.868148;
2247949 -24.866413 -23.912149;
2253036 -24.904442 -23.938531;
2258118 -24.941984 -23.964947;
2263163 -24.977938 -24.010830;
2268318 -25.012434 -24.125894;
2273328 -25.046345 -24.149326;
2278432 -25.077887 -24.190304;
2283579 -25.108618 -24.204505;
2288738 -25.138430 -24.229385;
2293865 -25.167288 -24.354926;
2298965 -25.218214 -24.384144;
2303973 -25.218214 -24.410424;
2309071 -25.240761 -24.431867;
2314215 -25.261923 -24.431867;
2319357 -25.281351 -24.514439;
2324363 -25.298927 -24.546511;
2329522 -25.314510 -24.558168;
2334681 -25.329309 -24.563548;
2339822 -25.341547 -24.581492;
2344988 -25.352133 -24.625632;
2350074 -25.366688 -24.639506;
2355124 -25.366688 -24.659874;
2360235 -25.371382 -24.663469;
2365403 -25.374104 -24.679654;
2370436 -25.374962 -24.706386;
2375442 -25.373032 -24.704585;
2380463 -25.363749 -24.713316;
2385478 -25.363749 -24.715117;
2390500 -25.355509 -24.731338;
2395719 -25.345877 -24.740070;
2400825 -25.332680 -24.742980;
2405864 -25.317392 -24.739783;
2410951 -25.300266 -24.735767;
2416011 -25.280880 -24.732857;
2421174 -25.258854 -24.715810;
2426301 -25.234646 -24.712207;
2431354 -25.208063 -24.712207;
2436414 -25.179472 -24.706386;
2441568 -25.148138 -24.697654;
2446609 -25.114176 -24.667325;
2451612 -25.079149 -24.651146;
2456644 -25.040834 -24.645756;
2461669 -25.010633 -24.613741;
2466725 -24.968737 -24.584618;
2471784 -24.923494 -24.538220;
2476817 -24.876410 -24.538220;
2481880 -24.826647 -24.523891;
2486901 -24.719601 -24.477247;
2491951 -24.719601 -24.398429;
2496972 -24.662268 -24.319281;
2502117 -24.603081 -24.315720;
2507169 -24.538975 -24.305043;
2512333 -24.474138 -24.261222;
2517337 -24.405066 -24.164671;
2522350 -24.335421 -24.089933;
2527518 -24.262934 -24.082859;
2532555 -24.186035 -24.072252;
2537596 -24.108894 -24.004870;
2542749 -24.029537 -23.943265;
2547790 -23.945782 -23.835336;
2552946 -23.861654 -23.824810;
2558064 -23.773914 -23.793271;
2563086 -23.685102 -23.684663;
2568186 -23.596153 -23.543401;
2573336 -23.504032 -23.442181;
2578414 -23.408846 -23.421365;
2583557 -23.312742 -23.402306;
2588626 -23.213289 -23.266610;
2593631 -23.013723 -23.148307;
2598652 -23.013723 -23.040461;
2603768 -22.911493 -23.014745;
2608900 -22.805492 -22.990779;
2614056 -22.697006 -22.869332;
2619057 -22.586555 -22.741640;
2624207 -22.478014 -22.631220;
2629266 -22.364626 -22.609205;
2634378 -22.252508 -22.582150;
2639495 -22.137615 -22.403590;
2644547 -22.021439 -22.275235;
2649636 -21.905928 -22.176303;
2654688 -21.788288 -22.124522;
2659697 -21.670385 -22.092868;
2664842 -21.552685 -21.907433;
2669908 -21.430138 -21.721331;
2674920 -21.187866 -21.821468;
2679962 -21.187866 -21.803343;
2685019 -21.065733 -21.773729;
2690066 -20.942774 -21.413999;
2695118 -20.819826 -21.115366;
2700195 -20.696024 -20.945376;
2705291 -20.444710 -20.908452;
2710356 -20.444710 -20.870019;
2715382 -20.319815 -20.703735;
2720487 -20.195459 -20.506562;
2725530 -20.068995 -20.316096;
2730632 -19.943604 -20.290971;
2735758 -19.817097 -20.259626;
2740771 -19.690189 -20.074324;
2745800 -19.565889 -19.885354;
2750893 -19.441460 -19.741204;
2755929 -19.314825 -19.719632;
2761008 -19.189915 -19.687336;
2766018 -19.064171 -19.482617;
2771064 -18.940441 -19.289452;
2776200 -18.688866 -19.112408;
2781245 -18.688866 -19.077766;
2786359 -18.564541 -19.058223;
2791366 -18.316549 -18.849371;
2796476 -18.316549 -18.664474;
2801498 -18.191483 -18.495740;
2806508 -18.068953 -18.466271;
2811620 -17.947672 -18.439803;
2816762 -17.823921 -18.248422;
2821931 -17.575062 -18.031619;
2827074 -17.575062 -17.899068;
2832108 -17.451385 -17.878886;
2837144 -17.211380 -17.855858;
2842152 -17.211380 -17.647965;
2847318 -17.093090 -17.420662;
2852334 -16.971739 -17.219277;
2857353 -16.854906 -17.194030;
2862360 -16.624672 -17.140892;
2867524 -16.624672 -16.988465;
2872562 -16.508255 -16.813819;
2877695 -16.395025 -16.696052;
2882750 -16.280758 -16.678202;
2887787 -16.169075 -16.668600;
2892813 -15.948284 -16.459135;
2897853 -15.948284 -16.233294;
2902899 -15.838972 -16.069935;
2907975 -15.621953 -16.061892;
2913071 -15.621953 -16.048500;
2918205 -15.513450 -15.866198;
2923357 -15.405392 -15.686560;
2928368 -15.296482 -15.569971;
2933418 -15.191739 -15.560776;
2938451 -15.086837 -15.550275;
2943488 -14.982594 -15.370343;
2948618 -14.878078 -15.208955;
2953741 -14.772571 -15.095554;
2958906 -14.667677 -15.082669;
2964067 -14.561489 -15.060798;
2969088 -14.455503 -14.896058;
2974137 -14.352736 -14.724576;
2979252 -14.249588 -14.594519;
2984403 -14.144819 -14.583180;
2989411 -14.039234 -14.570596;
2994575 -13.937001 -14.402171;
2999645 -13.832174 -14.207840;
3004647 -13.728791 -14.037962;
3009710 -13.626947 -14.025676;
3014725 -13.524287 -14.015856;
3019776 -13.422715 -13.798893;
3024900 -13.320529 -13.629355;
3029918 -13.216984 -13.487175;
3035008 -13.115351 -13.473999;
3040100 -12.909477 -13.450085;
3045131 -12.909477 -13.258129;
3050215 -12.807926 -13.072119;
3059810 -12.509958 -12.964878;
3064962 -12.509958 -12.962540;
3070068 -12.404353 -12.935688;
3075146 -12.299886 -12.681952;
3080261 -12.195874 -12.517717;
3085376 -12.090714 -12.412197;
3090409 -11.985165 -12.412197;
3095537 -11.880731 -12.401952;
3100627 -11.773973 -12.234210;
3105733 -11.561200 -12.059653;
3110902 -11.561200 -11.941126;
3115997 -11.452405 -11.936675;
3121041 -11.238039 -11.928889;
3126160 -11.238039 -11.737882;
3131219 -11.129124 -11.523699;
3136376 -11.021061 -11.408769;
3141407 -10.910668 -11.389290;
3146513 -10.802435 -11.383886;
3151557 -10.581562 -11.231362;
3156637 -10.581562 -11.010214;
3161695 -10.469871 -10.889445;
3166801 -10.358006 -10.876811;
3171969 -10.244652 -10.867347;
3177035 -10.129013 -10.662263;
3182097 -10.015464 -10.508958;
3187159 -9.901579 -10.386715;
3192171 -9.786999 -10.380570;
3197335 -9.672670 -10.372383;
3202350 -9.437853 -10.186346;
3207443 -9.437853 -9.990112;
3212498 -9.320004 -9.845174;
3217535 -9.202611 -9.837230;
3222667 -9.084444 -9.828303;
3227735 -8.963931 -9.635257;
3232772 -8.843528 -9.445103;
3237937 -8.723207 -9.316486;
3242987 -8.599475 -9.307819;
3248134 -8.353052 -9.307819;
3253135 -8.353052 -9.104232;
3258236 -8.231454 -8.890343;
3263275 -7.982932 -8.736186;
3268276 -7.982932 -8.729674;
3273379 -7.858928 -8.716666;
3278439 -7.731578 -8.486164;
3283608 -7.604335 -8.265057;
3288646 -7.474075 -8.117034;
3293719 -7.346270 -8.110770;
3298823 -7.216686 -8.104512;
3303956 -7.085531 -7.866597;
3308985 -6.953200 -7.641415;
3314007 -6.823205 -7.490785;
3319169 -6.692624 -7.482206;
3324307 -6.557772 -7.474493;
3329411 -6.422449 -7.249384;
3334520 -6.287749 -6.990615;
3339521 -6.152137 -6.818370;
3344597 -6.019048 -6.814281;
3349613 -5.883265 -6.813463;
3354772 -5.748782 -6.611147;
3359817 -5.609204 -6.355269;
3364935 -5.472209 -6.227970;
3369968 -5.333233 -6.219344;
3375017 -5.196680 -6.218560;
3380092 -4.920880 -5.965652;
3385226 -4.920880 -5.705551;
3390287 -4.779980 -5.562549;
3395310 -4.641392 -5.560310;
3400353 -4.503078 -5.552854;
3405509 -4.364097 -5.289189;
3410550 -4.082808 -5.018298;
3415708 -4.082808 -4.868059;
3420764 -3.940895 -4.863824;
3425777 -3.663170 -4.858886;
3430973 -3.663170 -4.594428;
3436046 -3.519696 -4.373101;
3441206 -3.379037 -4.246886;
3446217 -3.236084 -4.240863;
3451591 -3.096991 -4.240194;
3456598 -2.948806 -3.944967;
3461610 -2.810054 -3.686157;
3466777 -2.671928 -3.555549;
3471787 -2.529688 -3.551144;
3476912 -2.391770 -3.547371;
3481931 -2.251156 -3.305159;
3486940 -2.112722 -3.045712;
3492105 -1.975138 -2.916018;
3497190 -1.833505 -2.912469;
3502216 -1.556436 -2.910696;
3507252 -1.556436 -2.664735;
3512257 -1.419879 -2.360999;
3517295 -1.283665 -2.214809;
3522319 -1.147130 -2.210406;
3527485 -1.010859 -2.209856;
3532630 -0.870579 -1.963321;
3537634 -0.731105 -1.696144;
3542670 -0.595339 -1.555310;
3547829 -0.459242 -1.551223;
3552964 -0.319901 -1.550202;
3558033 -0.181678 -1.269666;
3563115 -0.045154 -1.012437;
3568223  0.091565 -0.825938;
3573237  0.363027 -0.822195;
3578289  0.363027 -0.821260;
3583390  0.497782 -0.543638;
3588450  0.633454 -0.289400;
3593461  0.766993 -0.170182;
3598511  0.898818 -0.165890;
3603548  1.030976 -0.162889;
3608550  1.161639  0.128699;
3613693  1.290478  0.403664;
3618717  1.421968  0.526455;
3623814  1.550338  0.527620;
3628822  1.679834  0.528007;
3633929  1.806037  0.762398;
3639002  1.933955  1.027616;
3644111  2.060712  1.130750;
3649148  2.187237  1.134625;
3654248  2.311364  1.136033;
3659404  2.436654  1.357093;
3664539  2.562690  1.632805;
3669590  2.808968  1.757317;
3674744  2.808968  1.757317;
3679799  2.932359  1.757317;
3684843  3.173905  1.992391;
3690010  3.173905  2.244402;
3695136  3.297133  2.376896;
3700160  3.537345  2.377732;
3705213  3.537345  2.378011;
3710289  3.656080  2.620332;
3715337  3.774814  2.849147;
3720448  3.893008  2.967020;
3725465  4.012248  2.968481;
3730486  4.129409  2.970670;
3735553  4.246894  3.192557;
3740721  4.365224  3.431642;
3746586  4.486070  3.539656;
3751684  4.623437  3.539656;
3756741  4.742608  3.541120;
3761903  4.860549  3.820744;
3766926  5.095874  4.056510;
3772084  5.095874  4.169475;
3777124  5.214675  4.169819;
3782256  5.330604  4.170162;
3787315  5.448336  4.406004;
3792391  5.563273  4.638516;
3797427  5.791971  4.741534;
3802545  5.791971  4.741534;
3807653  5.907311  4.741534;
3812669  6.021607  4.960059;
3817728  6.133232  5.230177;
3822772  6.245118  5.349885;
3827913  6.356288  5.350189;
3833004  6.469674  5.350189;
3838012  6.581219  5.562434;
3843163  6.690639  5.771295;
3848304  6.802437  5.887517;
3853438  6.914410  5.887725;
3858461  7.025408  5.887863;
3863571  7.133891  6.120722;
3868637  7.243824  6.322786;
3873656  7.352694  6.436032;
3878702  7.459711  6.436068;
3883797  7.567958  6.436068;
3888913  7.676635  6.672291;
3894079  7.784978  6.836653;
3899203  7.894262  6.925677;
3904280  8.002736  6.925677;
3909284  8.110060  6.925684;
3914381  8.215382  7.124298;
3919478  8.322622  7.329783;
3924566  8.430058  7.453092;
3929720  8.537108  7.453043;
3934812  8.645823  7.453019;
3939844  8.753386  7.689276;
3944954  8.859567  7.894699;
3950252  8.967003  7.983653;
3955330  9.078311  7.983597;
3960369  9.185268  7.983261;
3965531  9.291596  8.216342;
3970562  9.400599  8.401142;
3975578  9.611680  8.490197;
3980613  9.611680  8.490197;
3985758  9.716694  8.490197;
3990847  9.824944  8.689927;
3995869  9.932327  8.919975;
4001034  10.038029  9.022580;
4006057  10.146779  9.022344;
4011203  10.253805  9.022344;
4016349  10.363216  9.227976;
4021372  10.472667  9.424188;
4026406  10.579348  9.561415;
4031469  10.687338  9.561415;
4036473  10.795680  9.561415;
4041607  10.903027  9.774762;
4046658  11.013593  9.966446;
4051678  11.122989  10.069107;
4056838  11.232250  10.068565;
4061929  11.456144  10.068385;
4067088  11.456144  10.263533;
4072210  11.569652  10.469091;
4077226  11.794016  10.571855;
4082243  11.794016  10.571855;
4087279  11.905778  10.571855;
4092373  12.018232  10.783963;
4097434  12.132020  10.989163;
4102470  12.245458  11.116974;
4107555  12.358757  11.116974;
4112619  12.473702  11.116974;
4117627  12.588754  11.371198;
4122764  12.703182  11.560302;
4127793  12.821264  11.652740;
4132952  12.937247  11.652740;
4138005  13.056308  11.652740;
4143045  13.173076  11.883372;
4148178  13.290005  12.090160;
4153180  13.409366  12.210780;
4158312  13.525909  12.210780;
4164683  13.645639  12.210780;
4169828  13.795102  12.403457;
4174849  13.915920  12.694682;
4179899  14.033789  12.817485;
4185047  14.152569  12.817485;
4190139  14.273930  12.817485;
4195161  14.393970  13.050552;
4200163  14.629705  13.306948;
4205166  14.629705  13.433372;
4210299  14.747839  13.433372;
4215307  14.869002  13.433372;
4220369  14.987101  13.651258;
4225532  15.106820  13.890032;
4230551  15.229125  14.027726;
4235713  15.347751  14.027726;
4240832  15.469599  14.027726;
4245982  15.591135  14.253341;
4251024  15.712779  14.490193;
4256027  15.949965  14.606162;
4261156  15.949965  14.606162;
4266218  16.070957  14.606162;
4271267  16.190367  14.798152;
4276325  16.309393  15.039928;
4281360  16.547676  15.149414;
4286371  16.547676  15.149414;
4291460  16.665960  15.149414;
4296487  16.904404  15.380060;
4301535  16.904404  15.642020;
4306552  17.023136  15.767657;
4311576  17.141102  15.767657;
4316586  17.258543  15.767657;
4321651  17.492901  16.031645;
4326663  17.492901  16.236201;
4331715  17.608721  16.351144;
4336881  17.725080  16.351144;
4342018  17.843868  16.351144;
4347042  17.962147  16.574884;
4352079  18.076941  16.798054;
4357092  18.191185  16.903349;
4362120  18.304579  16.903349;
4367236  18.531822  16.903349;
4372322  18.531822  17.140245;
4377484  18.644266  17.335588;
4382490  18.757761  17.489600;
4387520  18.867176  17.489600;
4392536  19.083876  17.489600;
4397674  19.083876  17.718034;
4402734  19.193470  17.941489;
4407873  19.300280  18.042550;
4412880  19.407776  18.042550;
4418037  19.511633  18.042550;
4423062  19.616751  18.313004;
4428207  19.718027  18.507531;
4433228  19.820032  18.622026;
4438243  19.917778  18.619271;
4443272  20.012766  18.619271;
4448361  20.107021  18.810248;
4453531  20.293091  19.016608;
4458692  20.293091  19.115285;
4463733  20.382767  19.115285;
4468799  20.468164  19.115285;
4473894  20.552439  19.317516;
4478901  20.634785  19.515819;
4483902  20.713720  19.634187;
4489063  20.790539  19.634187;
4494091  20.941010  19.634187;
4499123  20.941010  19.805005;
4504198  21.011927  19.981109;
4509334  21.080854  20.059378;
4514455  21.148651  20.059378;
4519502  21.213045  20.059378;
4524518  21.332481  20.195304;
4529529  21.332481  20.374907;
4534674  21.388453  20.436672;
4539736  21.443407  20.436672;
4544746  21.494770  20.436672;
4549755  21.542852  20.560956;
4558068  21.658842  20.706021;
4563230  21.658842  20.765997;
4568236  21.698256  20.765997;
4573399  21.733345  20.765997;
4578625  21.766933  20.862657;
4583784  21.797741  20.974293;
4588934  21.825003  21.013420;
4594069  21.849583  21.013420;
4599107  21.870995  21.013420;
4604256  21.889040  21.070032;
4609387  21.904417  21.139947;
4614412  21.916138  21.198133;
4619435  21.930307  21.198133;
4624602  21.930307  21.198133;
4629696  21.932880  21.217311;
4634850  21.932074  21.266396;
4639912  21.928148  21.298062;
4644918  21.921240  21.298062;
4649993  21.911886  21.298062;
4655161  21.899422  21.330652;
4660164  21.883690  21.342328;
4665294  21.864069  21.354854;
4670334  21.842070  21.350612;
4675389  21.816994  21.344677;
4680521  21.789490  21.347220;
4685675  21.759060  21.347220;
4690837  21.726139  21.330590;
4695962  21.690331  21.327264;
4700983  21.652000  21.290670;
4705995  21.612034  21.291514;
4711012  21.569958  21.291514;
4716109  21.525732  21.220774;
4721278  21.478117  21.175807;
4726429  21.427029  21.135000;
4731571  21.374741  21.135000;
4736706  21.320072  21.135000;
4741759  21.262812  21.013387;
4746790  21.204422  20.993410;
4751954  21.143944  20.940972;
4757098  21.079384  20.940972;
4762131  21.013973  20.940972;
4767283  20.947056  20.787936;
4772419  20.876904  20.740454;
4777468  20.804499  20.737205;
4782476  20.731895  20.737205;
4787653  20.658085  20.737205;
4792793  20.580439  20.553584;
4797959  20.501778  20.508636;
4802969  20.421339  20.406334;
4808069  20.341839  20.406334;
4813095  20.177729  20.406334;
4818120  20.177729  20.182478;
4823172  20.094921  20.106895;
4828315  19.922781  20.031070;
4833325  19.922781  20.031070;
4838468  19.835823  20.031070;
4843530  19.656366  19.816739;
4848641  19.656366  19.715630;
4853672  19.565353  19.615562;
4858748  19.474920  19.615562;
4863776  19.383251  19.615562;
4868783  19.197050  19.397430;
4873950  19.197050  19.296080;
4878957  19.100069  19.207370;
4883973  18.908157  19.207370;
4889033  18.908157  19.207370;
4894740  18.810366  18.897508;
4899890  18.699329  18.803804;
4904899  18.499743  18.690663;
4910064  18.499743  18.690663;
4915099  18.396925  18.690663;
4920125  18.295773  18.399772;
4925162  18.194342  18.311703;
4930320  18.092033  18.218262;
4935378  17.986639  18.218262;
4940421  17.882360  18.218262;
4945549  17.777775  17.940572;
4950568  17.670135  17.834895;
4955671  17.564478  17.729805;
4960732  17.349464  17.729805;
4965852  17.349464  17.729805;
4970910  17.240078  17.447599;
4976005  17.130934  17.355836;
4981016  17.020525  17.253423;
4986166  16.911821  17.253423;
4991172  16.799906  17.253423;
4996174  16.690126  16.934481;
5001316  16.465767  16.837548;
5006451  16.465767  16.741183;
5011539  16.351435  16.741183;
5016637  16.122967  16.741183;
5021660  16.122967  16.410832;
5026688  16.009556  16.305990;
5031717  15.895149  16.184898;
5036802  15.780106  16.184898;
5041857  15.663587  16.184898;
5046869  15.547408  15.822623;
5051927  15.432103  15.721865;
5056931  15.198892  15.611976;
5061986  15.198892  15.611976;
5067157  15.081208  15.611976;
5072164  14.844189  15.276861;
5077204  14.844189  15.195455;
5082257  14.726162  15.092212;
5087377  14.607560  15.092212;
5092439  14.487035  15.092212;
5097509  14.367874  14.749801;
5102917  14.248409  14.631971;
5107931  14.001627  14.523007;
5112933  14.001627  14.523007;
5118064  13.882810  14.523007;
5123227  13.637497  14.190913;
5128233  13.637497  14.088428;
5133254  13.517515  13.965171;
5138344  13.396752  13.965171;
5143387  13.274213  13.965171;
5148431  13.152035  13.576381;
5153487  13.029678  13.443558;
5158607  12.906375  13.318366;
5163688  12.781081  13.318366;
5168840  12.655810  13.318366;
5173988  12.528396  13.004137;
5179043  12.400805  12.876357;
5184205  12.275019  12.749616;
5189239  12.145584  12.749616;
5194397  12.018936  12.749616;
5199549  11.888420  12.398341;
5204676  11.757427  12.280533;
5209754  11.625739  12.144805;
5214761  11.364938  12.144805;
5219804  11.364938  12.144805;
5224836  11.233521  11.772747;
5229855  11.101583  11.639635;
5234897  10.969029  11.552936;
5240054  10.835060  11.552936;
5245145  10.698153  11.552936;
5250168  10.562376  11.184292;
5255297  10.428144  11.025544;
5260318  10.290845  10.898742;
5265470  10.156169  10.898742;
5270565  10.017428  10.898742;
5275692  9.880222  10.508460;
5280805  9.741411  10.384638;
5285940  9.602238  10.251358;
5290944  9.326152  10.251358;
5296068  9.326152  10.251358;
5301109  9.185466  9.802605;
5306207  8.906081  9.691270;
5312221  8.906081  9.533585;
5317357  8.739949  9.533585;
5322511  8.597445  9.533585;
5327669  8.453811  9.136603;
5332687  8.308608  8.989326;
5337697  8.166887  8.859049;
5342717  8.025163  8.859049;
5347785  7.883155  8.859049;
5352848  7.739481  8.479417;
5358012  7.595330  8.346001;
5363029  7.447594  8.191905;
5368173  7.304331  8.192042;
5373326  7.157049  8.192042;
5378340  7.009391  7.747313;
5383487  6.717842  7.610391;
5388514  6.717842  7.487076;
5393565  6.573565  7.487155;
5398729  6.428752  7.487181;
5403758  6.280425  7.062654;
5408811  6.136052  6.939394;
5413999  5.991337  6.785351;
5419006  5.842637  6.785351;
5424092  5.698895  6.785336;
5429099  5.552264  6.319795;
5434201  5.408140  6.176244;
5439218  5.116986  6.019090;
5444241  5.116986  6.018845;
5449407  4.972057  6.018845;
5454507  4.676632  5.621914;
5459532  4.676632  5.498866;
5464647  4.531952  5.358648;
5469653  4.240159  5.358548;
5474684  4.240159  5.358346;
5479713  4.095421  4.940663;
5484788  3.950664  4.810734;
5489837  3.805125  4.656900;
5494842  3.660718  4.656472;
5499855  3.517377  4.656472;
5504910  3.374191  4.195105;
5509947  3.229264  4.049119;
5514966  3.085084  3.909711;
5520418  2.941764  4.049119;
5525588  2.785789  4.048583;
5530674  2.637762  3.768241;
5535837  2.492568  3.355383;
5540915  2.345452  3.218983;
5545996  2.201067  3.218299;
5551028  2.055977  3.216016;
5556164  1.912747  2.769021;
5561182  1.766909  2.632705;
5566292  1.624422  2.496439;
5571455  1.479635  2.494270;
5576508  1.333268  2.491284;
5581524  1.189903  2.092560;
5586622  1.047434  1.935926;
5591777  0.902909  1.799785;
5596937  0.757634  1.797909;
5602081  0.612297  1.794781;
5607111  0.468549  1.369329;
5612260  0.328716  1.236714;
5617278  0.186755  1.110958;
5622423  0.048788  1.106716;
5627446 -0.091689  1.103531;
5632461 -0.228183  0.689896;
5637507 -0.363196  0.540339;
5642592 -0.498659  0.384079;
5647623 -0.633538  0.382095;
5652794 -0.766025  0.381698;
5657839 -0.901567 -0.058237;
5662870 -1.033074 -0.163358;
5668026 -1.163257 -0.278597;
5673043 -1.295335 -0.282954;
5678197 -1.422934 -0.285572;
5683213 -1.552247 -0.687719;
5688302 -1.676604 -0.819747;
5693423 -1.801839 -0.938161;
5698466 -1.927353 -0.940059;
5703613 -2.049646 -0.947660;
5708642 -2.173440 -1.293749;
5713810 -2.293359 -1.435689;
5718956 -2.416001 -1.580900;
5724126 -2.537493 -1.590128;
5729288 -2.658603 -1.602462;
5734416 -2.779251 -1.943578;
5739472 -2.898869 -2.071975;
5744570 -3.135529 -2.173277;
5749635 -3.135529 -2.179856;
5754667 -3.252556 -2.180405;
5759802 -3.368168 -2.528020;
5764896 -3.485519 -2.625765;
5769921 -3.601233 -2.730188;
5775007 -3.715533 -2.737156;
5780066 -3.830522 -2.741806;
5785220 -3.944360 -3.083639;
5790246 -4.060965 -3.181255;
5795385 -4.173140 -3.302349;
5800443 -4.287875 -3.302963;
5805574 -4.514144 -3.311567;
5810603 -4.514144 -3.628217;
5815619 -4.624850 -3.769213;
5820630 -4.734197 -3.876550;
5825788 -4.843053 -3.884968;
5830901 -4.955496 -3.888209;
5836045 -5.065826 -4.202028;
5841204 -5.176629 -4.312531;
5846223 -5.287439 -4.399535;
5851271 -5.394745 -4.411059;
5856429 -5.502324 -4.428730;
5861501 -5.612010 -4.751274;
5866530 -5.719752 -4.878432;
5871593 -5.933631 -4.995445;
5876601 -5.933631 -4.996871;
5881667 -6.039402 -5.006147;
5886675 -6.146088 -5.323415;
5891827 -6.251094 -5.433535;
5896891 -6.359395 -5.536897;
5902008 -6.465652 -5.544341;
5907061 -6.572709 -5.556268;
5912226 -6.678620 -5.840615;
5917232 -6.891547 -5.937214;
5922357 -6.891547 -6.033737;
5927525 -6.998889 -6.046116;
5932673 -7.213774 -6.062398;
5937895 -7.213774 -6.376173;
5943034 -7.322868 -6.462603;
5948039 -7.534131 -6.572214;
5953076 -7.534131 -6.593964;
5958132 -7.638860 -6.597999;
5963233 -7.743136 -6.875332;
5968299 -7.848535 -6.961597;
5973438 -7.952900 -7.061054;
5978468 -8.059006 -7.070220;
5983471 -8.162937 -7.075225;
5988474 -8.266693 -7.395748;
5993618 -8.370143 -7.481722;
5998647 -8.476430 -7.564327;
6003667 -8.580609 -7.578116;
6008735 -8.684258 -7.597981;
6013794 -8.789322 -7.854515;
6018827 -8.894509 -7.943668;
6023840 -8.998541 -8.036044;
6028847 -9.102389 -8.052947;
6033944 -9.206266 -8.067210;
6039081 -9.418351 -8.332426;
6044144 -9.418351 -8.424690;
6049149 -9.524162 -8.539903;
6058577 -9.628953 -8.555519;
6063627 -9.826852 -8.572087;
6068655 -9.933933 -8.868275;
6073802 -10.041009 -9.042458;
6078907 -10.151130 -9.140917;
6084059 -10.260664 -9.159983;
6089063 -10.478922 -9.172399;
6094090 -10.478922 -9.460051;
6099167 -10.587857 -9.548522;
6104169 -10.698147 -9.633638;
6109299 -10.807265 -9.652287;
6114327 -11.031029 -9.668022;
6119334 -11.031029 -9.956528;
6124488 -11.141786 -10.061099;
6129630 -11.256620 -10.159028;
6134680 -11.371816 -10.170147;
6139688 -11.485682 -10.191414;
6144758 -11.598679 -10.484718;
6149791 -11.714003 -10.582427;
6154919 -11.829176 -10.709290;
6160005 -11.946367 -10.716579;
6165033 -12.063492 -10.748927;
6170169 -12.179817 -11.053235;
6175319 -12.299347 -11.140885;
6180406 -12.419399 -11.264097;
6185436 -12.538488 -11.288789;
6190555 -12.657165 -11.289864;
6195613 -12.778135 -11.601898;
6200729 -12.897471 -11.718229;
6205760 -13.019074 -11.815050;
6210918 -13.138927 -11.844845;
6215928 -13.262118 -11.880276;
6221094 -13.382120 -12.199561;
6226197 -13.506568 -12.286600;
6231211 -13.630082 -12.408942;
6236270 -13.752170 -12.437391;
6241275 -13.875276 -12.464778;
6246309 -13.997297 -12.783563;
6251398 -14.121448 -12.889584;
6256552 -14.247109 -13.008288;
6261562 -14.374928 -13.036411;
6266690 -14.626390 -13.061081;
6271722 -14.626390 -13.378364;
6276875 -14.751912 -13.493584;
6281909 -14.880374 -13.595855;
6286986 -15.005946 -13.628389;
6292060 -15.261021 -13.654970;
6297067 -15.261021 -14.003613;
6302139 -15.386493 -14.118356;
6307261 -15.513903 -14.232922;
6312300 -15.643312 -14.256477;
6317359 -15.770239 -14.283813;
6322409 -15.897168 -14.635807;
6327454 -16.023487 -14.740511;
6332580 -16.150297 -14.933651;
6337744 -16.279024 -14.982248;
6342760 -16.408470 -15.041350;
6347799 -16.534052 -15.367539;
6352846 -16.660017 -15.408600;
6357849 -16.785336 -15.459104;
6362853 -17.032207 -15.469567;
6367979 -17.032207 -15.498388;
6372995 -17.158195 -15.834515;
6378012 -17.280638 -15.957114;
6383052 -17.403257 -16.032449;
6388188 -17.526209 -16.091407;
6393205 -17.651228 -16.131768;
6398230 -17.773006 -16.420310;
6403248 -18.015285 -16.520535;
6408262 -18.015285 -16.626856;
6413270 -18.135574 -16.659774;
6418419 -18.255413 -16.717589;
6423454 -18.378469 -17.037570;
6428564 -18.498032 -17.121771;
6433686 -18.619297 -17.227645;
6438779 -18.740925 -17.262769;
6443835 -18.860971 -17.306456;
6448894 -18.980145 -17.589398;
6454057 -19.098886 -17.710578;
6459792 -19.219715 -17.809831;
6464816 -19.352966 -17.854411;
6469963 -19.588305 -17.887584;
6475126 -19.588305 -18.206758;
6480209 -19.705822 -18.302584;
6485355 -19.821053 -18.401341;
6490408 -19.936377 -18.455741;
6495576 -20.048227 -18.525157;
6500630 -20.161835 -18.845755;
6505782 -20.270931 -18.925766;
6510909 -20.381355 -18.996455;
6516067 -20.489679 -19.017484;
6521198 -20.597477 -19.076230;
6526234 -20.703339 -19.384600;
6531388 -20.805281 -19.470379;
6536400 -20.908272 -19.543801;
6541446 -21.007355 -19.588248;
6546604 -21.105261 -19.637453;
6551749 -21.203489 -19.929907;
6556778 -21.300411 -20.012274;
6561876 -21.487114 -20.124952;
6566952 -21.487114 -20.173439;
6571964 -21.579132 -20.212659;
6577006 -21.668919 -20.442932;
6582167 -21.758280 -20.518832;
6587213 -21.848764 -20.588568;
6592363 -21.936462 -20.602852;
6597457 -22.024712 -20.648972;
6602463 -22.110834 -20.905122;
6607547 -22.194399 -20.959532;
6612593 -22.278606 -21.016905;
6617633 -22.361607 -21.047505;
6622773 -22.443661 -21.052343;
6627809 -22.526049 -21.289992;
6632820 -22.684942 -21.359152;
6637977 -22.684942 -21.410213;
6642994 -22.765871 -21.462365;
6648054 -22.843338 -21.516331;
6653057 -22.920967 -21.699682;
6658182 -22.997644 -21.774655;
6663190 -23.075293 -21.831563;
6668874 -23.150480 -21.859654;
6674031 -23.235687 -21.891109;
6679107 -23.312365 -22.118826;
6684122 -23.386984 -22.154651;
6689271 -23.460056 -22.202379;
6694436 -23.535278 -22.225771;
6699579 -23.610378 -22.272657;
6704743 -23.685158 -22.507244;
6709885 -23.759455 -22.575682;
6715036 -23.833591 -22.644028;
6720089 -23.908409 -22.698297;
6725101 -23.980917 -22.723797;
6730127 -24.052835 -22.877866;
6735178 -24.125454 -22.934193;
6740250 -24.271292 -22.975657;
6745254 -24.271292 -23.021910;
6750411 -24.343134 -23.052817;
6755533 -24.416504 -23.214393;
6760590 -24.489454 -23.264611;
6765600 -24.561092 -23.317727;
6770763 -24.706223 -23.362711;
6775829 -24.706223 -23.385247;
6780857 -24.778955 -23.554111;
6785973 -24.850758 -23.577672;
6791055 -24.923779 -23.639464;
6796150 -24.997246 -23.660416;
6801274 -25.071173 -23.700648;
6806370 -25.145128 -23.852871;
6811475 -25.219381 -23.926223;
6816642 -25.293804 -23.984824;
6821658 -25.369328 -24.021857;
6826729 -25.442223 -24.058970;
6831763 -25.588959 -24.276977;
6836908 -25.588959 -24.317862;
6841913 -25.663258 -24.382038;
6846954 -25.735687 -24.446283;
6852243 -25.808485 -24.496414;
6857381 -25.883894 -24.653026;
6862406 -25.957386 -24.696692;
6867513 -26.029339 -24.757755;
6872611 -26.173086 -24.801055;
6878056 -26.173086 -24.824553;
6883085 -26.248682 -25.025659;
6888162 -26.318619 -25.083626;
6893324 -26.458422 -25.118371;
6898356 -26.458422 -25.156633;
6903511 -26.525328 -25.215094;
6908526 -26.592491 -25.406541;
6913575 -26.656183 -25.458491;
6918688 -26.719421 -25.504618;
6923695 -26.782017 -25.558033;
6928849 -26.842360 -25.596811;
6934000 -26.902742 -25.767845;
6939094 -26.962069 -25.810984;
6944136 -27.018909 -25.851210;
6949179 -27.128401 -25.893986;
6954345 -27.128401 -25.912616;
6959493 -27.183365 -26.060474;
6964500 -27.286976 -26.074807;
6969558 -27.286976 -26.112051;
6974936 -27.336620 -26.149508;
6979965 -27.387804 -26.183283;
6985126 -27.434708 -26.285235;
6990207 -27.525940 -26.319561;
6995374 -27.525940 -26.359573;
7000448 -27.570461 -26.387855;
