380143  0.000000  97.045494;
395116  0.000000 -1.932688;
400280  0.000000 -1.937466;
405338  0.000000 -1.949478;
410428  0.000000 -1.949478;
415535  0.000000 -1.949478;
420609  0.000000 -1.936577;
426033  1.920333 -1.919785;
431040  1.920265 -1.914656;
436059  1.920265 -1.921374;
441127  1.920044 -1.938170;
446232  1.920595 -1.941357;
451303  1.920370 -1.942420;
456389  1.920186 -1.949140;
461529  1.919574 -1.954796;
466545  1.919740 -1.981673;
471611  1.919940 -1.964875;
476690  1.919756 -1.961516;
481700  1.920308 -1.954796;
486755  1.920394 -1.954796;
491915  1.920133 -1.954796;
496948  1.919512 -1.949140;
502133  1.918983 -1.939059;
507233  1.918992 -1.944015;
512312  1.918739 -1.944015;
517336  1.918739 -1.944015;
522364  1.918949 -1.946142;
527371  1.918949 -1.950764;
532377  1.918662 -1.947399;
537536  1.918662 -1.947399;
542595  1.918474 -1.945269;
547606  1.918715 -1.940669;
552762  1.918341 -1.941734;
557908  1.918193 -1.937304;
562949  1.918212 -1.936240;
568021  1.918212 -1.936240;
573137  1.917024 -1.936240;
578211  1.917024 -1.936240;
583272  1.917816 -1.937478;
588315  1.917816 -1.939246;
593361  1.918210 -1.938714;
598528  1.918583 -1.939246;
603696  1.918583 -1.940841;
608825  1.918639 -1.949698;
613838  1.918639 -1.949698;
618877  1.919299 -1.969883;
624028  1.919269 -1.967586;
629029  1.919043 -1.968654;
634055  1.918823 -1.968120;
639181  1.919190 -1.971484;
644237  1.919190 -1.970951;
649277  1.919515 -1.971484;
654537  1.919515 -1.968120;
659492  1.920408 -1.970951;
664658  1.921060 -1.975543;
675933  1.932896 -1.978906;
680952  1.932896 -1.977145;
686038  1.932023 -1.977145;
691207  1.931761 -1.970951;
696313  1.931761 -1.970951;
701391  1.930679 -1.970951;
706455  1.929758 -1.972018;
711491  1.929767 -1.956260;
716575  1.929167 -1.938368;
721643  1.929167 -1.972018;
726705  1.929563 -1.972018;
731857  1.930036 -1.945099;
736993  1.929663 -1.941734;
742052  1.929663 -1.937304;
747085  1.929294 -1.937304;
752149  1.929294 -1.937304;
757281  1.929342 -1.937304;
762390  1.929351 -1.938900;
767509  1.929955 -1.925438;
772654  1.929955 -1.938368;
777655  1.930786 -1.937304;
782852  1.930786 -1.938368;
787885  1.930756 -1.938368;
792905  1.931495 -1.955727;
797992  1.931849 -1.955727;
803142  1.940894 -2.002298;
808193  1.940894 -1.955194;
813340  1.944335 -1.955727;
818408  1.939458 -1.937490;
823410  1.939458 -1.937490;
828430  1.935381 -1.955194;
833438  1.938264 -1.931637;
838488  1.948022 -1.937490;
843499  1.940282 -2.166341;
848509  1.935586 -2.140175;
853674  1.955750 -2.103897;
858715  1.947006 -1.948464;
863748  1.932354 -1.801925;
868875  1.932363 -2.006895;
873992  1.945444 -2.006974;
879095  1.969750 -1.998934;
884307  1.968020 -1.948464;
889319  1.968020 -1.882348;
894395  1.986228 -2.006895;
899439  1.986228 -2.046027;
904548  2.002297 -2.046027;
909608  2.002297 -1.977854;
914768  1.996551 -1.957598;
919783  1.990888 -1.953793;
924962  1.992007 -1.953793;
929966  1.994626 -1.953793;
935038  1.989707 -1.781991;
940164  1.976389 -1.478423;
945211  1.976389 -1.556558;
950294  1.963119 -1.782515;
955384  1.963119 -1.997470;
960527  1.925183 -1.782515;
965682  1.925183 -1.812453;
970799  1.926570 -1.863388;
975880  1.946482 -1.812452;
981045  1.946482 -2.016706;
986061  1.920473 -2.068777;
991127  1.920473 -2.068777;
996274  1.997700 -1.814018;
